# Temperatura_=_16.8
# Concentracion g/m^3_=_15500.0
# C_Vs_to_Am_M_A/Vsm_=_65563218390.804596
# pendiente_HvsI_1/m_=_3716.3
# ordenada_HvsI_A/m_=_1297.0
# frecuencia_Hz_=_301003.4581560035

Tiempo_(s)	Campo_(V.s)	Magnetizacion_(V.s)	Campo_(kA/m)	Magnetizacion_(A/m)
0.000000e+00	-2.860674e-06	-3.108116e-09	-1.978306e+01	-2.030710e+02
1.000000e-08	-2.860157e-06	-3.109683e-09	-1.977948e+01	-2.030858e+02
2.000000e-08	-2.858741e-06	-3.110641e-09	-1.976969e+01	-2.030626e+02
3.000000e-08	-2.856214e-06	-3.111100e-09	-1.975222e+01	-2.029686e+02
4.000000e-08	-2.852603e-06	-3.109909e-09	-1.972724e+01	-2.027971e+02
5.000000e-08	-2.848109e-06	-3.105867e-09	-1.969617e+01	-2.025837e+02
6.000000e-08	-2.842727e-06	-3.100604e-09	-1.965895e+01	-2.023841e+02
7.000000e-08	-2.836424e-06	-3.096355e-09	-1.961536e+01	-2.022245e+02
8.000000e-08	-2.829135e-06	-3.117219e-09	-1.956495e+01	-2.020642e+02
9.000000e-08	-2.820778e-06	-3.139201e-09	-1.950716e+01	-2.018064e+02
1.000000e-07	-2.811064e-06	-3.101807e-09	-1.943998e+01	-2.013622e+02
1.100000e-07	-2.799997e-06	-3.007503e-09	-1.936345e+01	-2.007261e+02
1.200000e-07	-2.788017e-06	-3.032728e-09	-1.928060e+01	-2.000069e+02
1.300000e-07	-2.775182e-06	-3.128944e-09	-1.919184e+01	-1.993789e+02
1.400000e-07	-2.761374e-06	-3.067211e-09	-1.909635e+01	-1.989751e+02
1.500000e-07	-2.746615e-06	-2.954701e-09	-1.899428e+01	-1.987910e+02
1.600000e-07	-2.730772e-06	-3.102372e-09	-1.888472e+01	-1.986692e+02
1.700000e-07	-2.713624e-06	-3.129082e-09	-1.876613e+01	-1.983861e+02
1.800000e-07	-2.695393e-06	-2.916213e-09	-1.864005e+01	-1.977895e+02
1.900000e-07	-2.676449e-06	-2.982413e-09	-1.850905e+01	-1.968982e+02
2.000000e-07	-2.656731e-06	-3.073282e-09	-1.837269e+01	-1.958921e+02
2.100000e-07	-2.636049e-06	-2.907858e-09	-1.822966e+01	-1.949947e+02
2.200000e-07	-2.614505e-06	-2.918540e-09	-1.808067e+01	-1.943232e+02
2.300000e-07	-2.592134e-06	-3.080245e-09	-1.792597e+01	-1.938079e+02
2.400000e-07	-2.568876e-06	-2.956682e-09	-1.776513e+01	-1.932375e+02
2.500000e-07	-2.544805e-06	-2.874190e-09	-1.759866e+01	-1.924016e+02
2.600000e-07	-2.519913e-06	-2.939297e-09	-1.742652e+01	-1.912338e+02
2.700000e-07	-2.494012e-06	-2.884116e-09	-1.724740e+01	-1.898587e+02
2.800000e-07	-2.466952e-06	-2.852219e-09	-1.706027e+01	-1.885105e+02
2.900000e-07	-2.438878e-06	-2.900433e-09	-1.686612e+01	-1.873793e+02
3.000000e-07	-2.409941e-06	-2.829329e-09	-1.666601e+01	-1.864882e+02
3.100000e-07	-2.380227e-06	-2.826762e-09	-1.646052e+01	-1.856855e+02
3.200000e-07	-2.349793e-06	-2.862268e-09	-1.625005e+01	-1.847518e+02
3.300000e-07	-2.318554e-06	-2.765234e-09	-1.603402e+01	-1.835464e+02
3.400000e-07	-2.286571e-06	-2.754741e-09	-1.581284e+01	-1.820944e+02
3.500000e-07	-2.253991e-06	-2.767376e-09	-1.558753e+01	-1.805577e+02
3.600000e-07	-2.220710e-06	-2.715266e-09	-1.535738e+01	-1.791167e+02
3.700000e-07	-2.186440e-06	-2.725068e-09	-1.512038e+01	-1.778486e+02
3.800000e-07	-2.151030e-06	-2.728980e-09	-1.487550e+01	-1.766839e+02
3.900000e-07	-2.114771e-06	-2.648704e-09	-1.462475e+01	-1.754656e+02
4.000000e-07	-2.077931e-06	-2.655284e-09	-1.436998e+01	-1.740622e+02
4.100000e-07	-2.040400e-06	-2.663263e-09	-1.411044e+01	-1.724545e+02
4.200000e-07	-2.002114e-06	-2.587644e-09	-1.384567e+01	-1.707375e+02
4.300000e-07	-1.963090e-06	-2.557074e-09	-1.357579e+01	-1.690453e+02
4.400000e-07	-1.923367e-06	-2.564673e-09	-1.330109e+01	-1.674566e+02
4.500000e-07	-1.883124e-06	-2.547080e-09	-1.302279e+01	-1.659471e+02
4.600000e-07	-1.842478e-06	-2.512979e-09	-1.274170e+01	-1.644185e+02
4.700000e-07	-1.801208e-06	-2.481920e-09	-1.245630e+01	-1.627739e+02
4.800000e-07	-1.758992e-06	-2.441583e-09	-1.216435e+01	-1.609836e+02
4.900000e-07	-1.715790e-06	-2.424786e-09	-1.186559e+01	-1.590962e+02
5.000000e-07	-1.671866e-06	-2.402962e-09	-1.156183e+01	-1.571945e+02
5.100000e-07	-1.627476e-06	-2.362326e-09	-1.125485e+01	-1.553337e+02
5.200000e-07	-1.582679e-06	-2.333376e-09	-1.094506e+01	-1.535073e+02
5.300000e-07	-1.537340e-06	-2.319359e-09	-1.063151e+01	-1.516627e+02
5.400000e-07	-1.491344e-06	-2.291077e-09	-1.031343e+01	-1.497452e+02
5.500000e-07	-1.444791e-06	-2.249800e-09	-9.991487e+00	-1.477367e+02
5.600000e-07	-1.397777e-06	-2.210516e-09	-9.666359e+00	-1.456600e+02
5.700000e-07	-1.350230e-06	-2.175174e-09	-9.337546e+00	-1.435505e+02
5.800000e-07	-1.302202e-06	-2.162062e-09	-9.005412e+00	-1.414231e+02
5.900000e-07	-1.253846e-06	-2.132536e-09	-8.671006e+00	-1.392601e+02
6.000000e-07	-1.205156e-06	-2.084810e-09	-8.334287e+00	-1.370287e+02
6.100000e-07	-1.156046e-06	-2.047229e-09	-7.994665e+00	-1.347106e+02
6.200000e-07	-1.106236e-06	-2.017859e-09	-7.650204e+00	-1.323187e+02
6.300000e-07	-1.055627e-06	-1.979652e-09	-7.300216e+00	-1.298870e+02
6.400000e-07	-1.004418e-06	-1.932545e-09	-6.946075e+00	-1.274425e+02
6.500000e-07	-9.526908e-07	-1.890347e-09	-6.588357e+00	-1.249827e+02
6.600000e-07	-9.005898e-07	-1.857549e-09	-6.228051e+00	-1.224765e+02
6.700000e-07	-8.482786e-07	-1.829296e-09	-5.866292e+00	-1.198870e+02
6.800000e-07	-7.957108e-07	-1.785076e-09	-5.502758e+00	-1.172006e+02
6.900000e-07	-7.428220e-07	-1.735005e-09	-5.137004e+00	-1.144383e+02
7.000000e-07	-6.896123e-07	-1.693057e-09	-4.769031e+00	-1.116431e+02
7.100000e-07	-6.361439e-07	-1.656577e-09	-4.399269e+00	-1.088516e+02
7.200000e-07	-5.825027e-07	-1.612951e-09	-4.028312e+00	-1.060707e+02
7.300000e-07	-5.286820e-07	-1.563407e-09	-3.656114e+00	-1.032740e+02
7.400000e-07	-4.746808e-07	-1.516699e-09	-3.282667e+00	-1.004181e+02
7.500000e-07	-4.204997e-07	-1.474030e-09	-2.907976e+00	-9.746687e+01
7.600000e-07	-3.661369e-07	-1.431262e-09	-2.532029e+00	-9.440776e+01
7.700000e-07	-3.116627e-07	-1.377785e-09	-2.155311e+00	-9.125272e+01
7.800000e-07	-2.571396e-07	-1.324710e-09	-1.778255e+00	-8.802628e+01
7.900000e-07	-2.025581e-07	-1.278320e-09	-1.400796e+00	-8.474979e+01
8.000000e-07	-1.479100e-07	-1.231304e-09	-1.022875e+00	-8.143016e+01
8.100000e-07	-9.324017e-08	-1.176010e-09	-6.448047e-01	-7.805678e+01
8.200000e-07	-3.856171e-08	-1.116978e-09	-2.666745e-01	-7.460633e+01
8.300000e-07	1.615666e-08	-1.063304e-09	1.117318e-01	-7.105337e+01
8.400000e-07	7.087844e-08	-1.012042e-09	4.901616e-01	-6.738372e+01
8.500000e-07	1.255702e-07	-9.570720e-10	8.683841e-01	-6.360551e+01
8.600000e-07	1.802208e-07	-8.966501e-10	1.246322e+00	-5.975093e+01
8.700000e-07	2.348020e-07	-8.381619e-10	1.623779e+00	-5.586344e+01
8.800000e-07	2.892952e-07	-7.820375e-10	2.000628e+00	-5.197295e+01
8.900000e-07	3.437092e-07	-7.230268e-10	2.376930e+00	-4.807130e+01
9.000000e-07	3.980502e-07	-6.579514e-10	2.752726e+00	-4.410525e+01
9.100000e-07	4.522726e-07	-5.934764e-10	3.127702e+00	-3.999693e+01
9.200000e-07	5.063721e-07	-5.327932e-10	3.501829e+00	-3.568484e+01
9.300000e-07	5.602580e-07	-4.685785e-10	3.874478e+00	-3.116188e+01
9.400000e-07	6.139027e-07	-3.982474e-10	4.245460e+00	-2.648402e+01
9.500000e-07	6.673156e-07	-3.237426e-10	4.614837e+00	-2.173902e+01
9.600000e-07	7.204360e-07	-2.511524e-10	4.982193e+00	-1.699072e+01
9.700000e-07	7.732776e-07	-1.795450e-10	5.347620e+00	-1.223302e+01
9.800000e-07	8.258477e-07	-1.051785e-10	5.711170e+00	-7.385129e+00
9.900000e-07	8.781735e-07	-2.527796e-11	6.073031e+00	-2.334333e+00
1.000000e-06	9.302094e-07	5.711385e-11	6.432886e+00	2.998770e+00
1.010000e-06	9.818223e-07	1.400780e-10	6.789817e+00	8.614045e+00
1.020000e-06	1.032864e-06	2.276904e-10	7.142795e+00	1.443489e+01
1.030000e-06	1.083226e-06	3.194223e-10	7.491077e+00	2.035898e+01
1.040000e-06	1.132933e-06	4.129069e-10	7.834826e+00	2.632365e+01
1.050000e-06	1.182101e-06	5.059052e-10	8.174845e+00	3.234324e+01
1.060000e-06	1.230859e-06	6.014610e-10	8.512035e+00	3.849465e+01
1.070000e-06	1.279309e-06	7.005529e-10	8.847095e+00	4.486169e+01
1.080000e-06	1.327423e-06	8.026733e-10	9.179825e+00	5.147473e+01
1.090000e-06	1.375087e-06	9.052733e-10	9.509447e+00	5.828337e+01
1.100000e-06	1.422276e-06	1.007609e-09	9.835782e+00	6.517623e+01
1.110000e-06	1.468968e-06	1.112580e-09	1.015868e+01	7.203146e+01
1.120000e-06	1.515138e-06	1.218916e-09	1.047797e+01	7.876431e+01
1.130000e-06	1.560745e-06	1.321235e-09	1.079337e+01	8.534471e+01
1.140000e-06	1.605840e-06	1.416560e-09	1.110523e+01	9.178082e+01
1.150000e-06	1.650562e-06	1.510584e-09	1.141450e+01	9.808625e+01
1.160000e-06	1.694914e-06	1.605208e-09	1.172122e+01	1.042552e+02
1.170000e-06	1.738758e-06	1.698091e-09	1.202442e+01	1.102592e+02
1.180000e-06	1.781773e-06	1.786677e-09	1.232190e+01	1.160605e+02
1.190000e-06	1.823824e-06	1.871112e-09	1.261270e+01	1.216283e+02
1.200000e-06	1.865066e-06	1.952836e-09	1.289791e+01	1.269452e+02
1.210000e-06	1.905692e-06	2.030199e-09	1.317886e+01	1.320034e+02
1.220000e-06	1.945803e-06	2.100647e-09	1.345625e+01	1.367981e+02
1.230000e-06	1.985300e-06	2.165816e-09	1.372939e+01	1.413276e+02
1.240000e-06	2.024103e-06	2.229605e-09	1.399774e+01	1.455990e+02
1.250000e-06	2.062180e-06	2.291816e-09	1.426105e+01	1.496324e+02
1.260000e-06	2.099518e-06	2.349881e-09	1.451927e+01	1.534559e+02
1.270000e-06	2.136272e-06	2.402331e-09	1.477344e+01	1.570922e+02
1.280000e-06	2.172457e-06	2.451877e-09	1.502368e+01	1.605446e+02
1.290000e-06	2.207831e-06	2.498613e-09	1.526831e+01	1.637944e+02
1.300000e-06	2.242156e-06	2.540740e-09	1.550568e+01	1.668131e+02
1.310000e-06	2.275495e-06	2.577902e-09	1.573624e+01	1.695828e+02
1.320000e-06	2.308034e-06	2.612211e-09	1.596126e+01	1.721112e+02
1.330000e-06	2.339821e-06	2.646697e-09	1.618109e+01	1.744331e+02
1.340000e-06	2.370879e-06	2.680810e-09	1.639587e+01	1.765969e+02
1.350000e-06	2.401180e-06	2.712688e-09	1.660542e+01	1.786465e+02
1.360000e-06	2.430681e-06	2.742017e-09	1.680943e+01	1.806074e+02
1.370000e-06	2.459459e-06	2.769418e-09	1.700845e+01	1.824843e+02
1.380000e-06	2.487517e-06	2.794310e-09	1.720249e+01	1.842678e+02
1.390000e-06	2.514525e-06	2.816740e-09	1.738926e+01	1.859440e+02
1.400000e-06	2.540328e-06	2.836922e-09	1.756770e+01	1.875026e+02
1.410000e-06	2.565132e-06	2.857350e-09	1.773923e+01	1.889420e+02
1.420000e-06	2.589042e-06	2.878290e-09	1.790459e+01	1.902723e+02
1.430000e-06	2.612060e-06	2.897532e-09	1.806377e+01	1.915143e+02
1.440000e-06	2.634219e-06	2.915551e-09	1.821701e+01	1.926933e+02
1.450000e-06	2.655531e-06	2.933444e-09	1.836439e+01	1.938281e+02
1.460000e-06	2.676052e-06	2.951518e-09	1.850631e+01	1.949192e+02
1.470000e-06	2.695757e-06	2.967498e-09	1.864258e+01	1.959459e+02
1.480000e-06	2.714501e-06	2.980059e-09	1.877220e+01	1.968766e+02
1.490000e-06	2.732292e-06	2.990925e-09	1.889523e+01	1.976898e+02
1.500000e-06	2.749154e-06	3.002003e-09	1.901184e+01	1.983927e+02
1.510000e-06	2.764902e-06	3.013173e-09	1.912075e+01	1.990225e+02
1.520000e-06	2.779552e-06	3.023375e-09	1.922206e+01	1.996275e+02
1.530000e-06	2.793217e-06	3.031977e-09	1.931656e+01	2.002382e+02
1.540000e-06	2.805851e-06	3.040841e-09	1.940393e+01	2.008477e+02
1.550000e-06	2.817375e-06	3.050818e-09	1.948363e+01	2.014171e+02
1.560000e-06	2.827601e-06	3.059680e-09	1.955434e+01	2.019031e+02
1.570000e-06	2.836650e-06	3.066741e-09	1.961692e+01	2.022886e+02
1.580000e-06	2.844762e-06	3.072375e-09	1.967302e+01	2.025954e+02
1.590000e-06	2.851944e-06	3.077528e-09	1.972269e+01	2.028670e+02
1.600000e-06	2.858143e-06	3.082060e-09	1.976556e+01	2.031378e+02
1.610000e-06	2.863395e-06	3.084797e-09	1.980188e+01	2.034086e+02
1.620000e-06	2.867807e-06	3.086540e-09	1.983239e+01	2.036501e+02
1.630000e-06	2.871199e-06	3.091035e-09	1.985585e+01	2.038288e+02
1.640000e-06	2.873323e-06	3.097782e-09	1.987054e+01	2.039350e+02
1.650000e-06	2.874348e-06	3.103560e-09	1.987762e+01	2.039885e+02
1.660000e-06	2.874475e-06	3.105307e-09	1.987850e+01	2.040189e+02
1.670000e-06	2.873711e-06	3.100395e-09	1.987322e+01	2.040361e+02
1.680000e-06	2.872065e-06	3.095088e-09	1.986183e+01	2.040188e+02
1.690000e-06	2.869545e-06	3.092626e-09	1.984441e+01	2.039335e+02
1.700000e-06	2.866206e-06	3.090915e-09	1.982132e+01	2.037694e+02
1.710000e-06	2.861962e-06	3.091533e-09	1.979197e+01	2.035580e+02
1.720000e-06	2.856628e-06	3.096380e-09	1.975508e+01	2.033548e+02
1.730000e-06	2.850222e-06	3.096974e-09	1.971078e+01	2.031916e+02
1.740000e-06	2.842893e-06	3.049190e-09	1.966010e+01	2.030355e+02
1.750000e-06	2.834491e-06	3.024274e-09	1.960199e+01	2.027934e+02
1.760000e-06	2.824592e-06	3.079829e-09	1.953353e+01	2.023716e+02
1.770000e-06	2.813303e-06	3.134329e-09	1.945547e+01	2.017528e+02
1.780000e-06	2.801484e-06	3.043322e-09	1.937373e+01	2.010347e+02
1.790000e-06	2.789352e-06	2.984058e-09	1.928983e+01	2.003890e+02
1.800000e-06	2.776024e-06	3.107287e-09	1.919766e+01	1.999586e+02
1.810000e-06	2.761226e-06	3.072718e-09	1.909533e+01	1.997562e+02
1.820000e-06	2.745606e-06	2.909837e-09	1.898731e+01	1.996386e+02
1.830000e-06	2.729150e-06	3.026811e-09	1.887350e+01	1.993826e+02
1.840000e-06	2.711441e-06	3.159399e-09	1.875104e+01	1.988221e+02
1.850000e-06	2.692746e-06	2.958251e-09	1.862175e+01	1.979560e+02
1.860000e-06	2.673337e-06	2.942680e-09	1.848753e+01	1.969512e+02
1.870000e-06	2.652877e-06	3.130817e-09	1.834604e+01	1.960337e+02
1.880000e-06	2.631271e-06	2.951925e-09	1.819662e+01	1.953380e+02
1.890000e-06	2.608713e-06	2.837091e-09	1.804062e+01	1.948147e+02
1.900000e-06	2.585111e-06	3.037822e-09	1.787740e+01	1.942618e+02
1.910000e-06	2.560579e-06	2.978550e-09	1.770775e+01	1.934611e+02
1.920000e-06	2.535312e-06	2.889181e-09	1.753301e+01	1.923261e+02
1.930000e-06	2.509167e-06	2.964646e-09	1.735221e+01	1.909628e+02
1.940000e-06	2.482232e-06	2.876829e-09	1.716594e+01	1.896007e+02
1.950000e-06	2.454638e-06	2.852136e-09	1.697511e+01	1.884417e+02
1.960000e-06	2.425978e-06	2.923000e-09	1.677691e+01	1.875298e+02
1.970000e-06	2.396109e-06	2.800242e-09	1.657035e+01	1.867284e+02
1.980000e-06	2.365327e-06	2.805460e-09	1.635747e+01	1.858180e+02
1.990000e-06	2.333809e-06	2.892870e-09	1.613951e+01	1.846437e+02
2.000000e-06	2.301603e-06	2.769280e-09	1.591679e+01	1.832121e+02
2.010000e-06	2.268616e-06	2.777243e-09	1.568867e+01	1.816751e+02
2.020000e-06	2.234803e-06	2.799158e-09	1.545483e+01	1.802177e+02
2.030000e-06	2.200306e-06	2.679155e-09	1.521627e+01	1.789321e+02
2.040000e-06	2.165195e-06	2.724160e-09	1.497346e+01	1.777634e+02
2.050000e-06	2.129369e-06	2.733178e-09	1.472571e+01	1.765586e+02
2.060000e-06	2.092680e-06	2.623338e-09	1.447198e+01	1.751785e+02
2.070000e-06	2.054938e-06	2.651411e-09	1.421097e+01	1.735898e+02
2.080000e-06	2.016272e-06	2.654852e-09	1.394358e+01	1.718780e+02
2.090000e-06	1.976990e-06	2.596110e-09	1.367193e+01	1.701780e+02
2.100000e-06	1.937138e-06	2.578265e-09	1.339632e+01	1.685775e+02
2.110000e-06	1.896632e-06	2.533016e-09	1.311621e+01	1.670636e+02
2.120000e-06	1.855443e-06	2.520696e-09	1.283136e+01	1.655426e+02
2.130000e-06	1.813597e-06	2.515430e-09	1.254198e+01	1.639134e+02
2.140000e-06	1.771193e-06	2.473980e-09	1.224873e+01	1.621377e+02
2.150000e-06	1.728274e-06	2.451656e-09	1.195192e+01	1.602569e+02
2.160000e-06	1.684925e-06	2.423571e-09	1.165214e+01	1.583534e+02
2.170000e-06	1.641097e-06	2.397648e-09	1.134905e+01	1.564874e+02
2.180000e-06	1.596590e-06	2.361516e-09	1.104125e+01	1.546595e+02
2.190000e-06	1.551417e-06	2.323061e-09	1.072887e+01	1.528200e+02
2.200000e-06	1.505680e-06	2.305629e-09	1.041257e+01	1.509121e+02
2.210000e-06	1.459525e-06	2.279309e-09	1.009338e+01	1.489129e+02
2.220000e-06	1.412949e-06	2.257952e-09	9.771287e+00	1.468419e+02
2.230000e-06	1.365812e-06	2.225800e-09	9.445306e+00	1.447347e+02
2.240000e-06	1.318074e-06	2.169117e-09	9.115175e+00	1.426097e+02
2.250000e-06	1.269755e-06	2.145647e-09	8.781019e+00	1.404522e+02
2.260000e-06	1.220938e-06	2.119349e-09	8.443424e+00	1.382296e+02
2.270000e-06	1.171749e-06	2.072585e-09	8.103256e+00	1.359208e+02
2.280000e-06	1.122190e-06	2.041995e-09	7.760532e+00	1.335355e+02
2.290000e-06	1.072163e-06	2.005662e-09	7.414572e+00	1.311065e+02
2.300000e-06	1.021629e-06	1.977920e-09	7.065099e+00	1.286630e+02
2.310000e-06	9.707180e-07	1.942054e-09	6.713025e+00	1.262061e+02
2.320000e-06	9.195427e-07	1.891557e-09	6.359120e+00	1.237069e+02
2.330000e-06	8.681032e-07	1.853967e-09	6.003389e+00	1.211277e+02
2.340000e-06	8.164138e-07	1.817803e-09	5.645930e+00	1.184514e+02
2.350000e-06	7.643489e-07	1.778623e-09	5.285874e+00	1.156955e+02
2.360000e-06	7.118380e-07	1.732650e-09	4.922733e+00	1.129018e+02
2.370000e-06	6.588693e-07	1.686542e-09	4.556427e+00	1.101090e+02
2.380000e-06	6.054923e-07	1.648974e-09	4.187297e+00	1.073279e+02
2.390000e-06	5.517624e-07	1.609211e-09	3.815727e+00	1.045349e+02
2.400000e-06	4.976906e-07	1.565826e-09	3.441792e+00	1.016876e+02
2.410000e-06	4.433531e-07	1.519728e-09	3.066020e+00	9.874778e+01
2.420000e-06	3.887798e-07	1.473828e-09	2.688616e+00	9.570014e+01
2.430000e-06	3.340349e-07	1.431909e-09	2.310026e+00	9.255440e+01
2.440000e-06	2.791521e-07	1.380651e-09	1.930483e+00	8.933453e+01
2.450000e-06	2.241788e-07	1.324594e-09	1.550314e+00	8.606289e+01
2.460000e-06	1.691508e-07	1.274169e-09	1.169767e+00	8.274822e+01
2.470000e-06	1.140955e-07	1.226103e-09	7.890304e-01	7.938168e+01
2.480000e-06	5.901583e-08	1.178192e-09	4.081255e-01	7.594089e+01
2.490000e-06	3.902677e-09	1.122878e-09	2.698906e-02	7.240003e+01
2.500000e-06	-5.122210e-08	1.065159e-09	-3.542277e-01	6.874306e+01
2.510000e-06	-1.063303e-07	1.008572e-09	-7.353301e-01	6.497544e+01
2.520000e-06	-1.613668e-07	9.483172e-10	-1.115936e+00	6.112710e+01
2.530000e-06	-2.163747e-07	8.859462e-10	-1.496344e+00	5.724135e+01
2.540000e-06	-2.713452e-07	8.243784e-10	-1.876494e+00	5.335087e+01
2.550000e-06	-3.262056e-07	7.674565e-10	-2.255883e+00	4.945236e+01
2.560000e-06	-3.809337e-07	7.118092e-10	-2.634357e+00	4.549692e+01
2.570000e-06	-4.354887e-07	6.495879e-10	-3.011633e+00	4.140757e+01
2.580000e-06	-4.898635e-07	5.797795e-10	-3.387663e+00	3.711895e+01
2.590000e-06	-5.439939e-07	5.078543e-10	-3.762003e+00	3.261702e+01
2.600000e-06	-5.977050e-07	4.352049e-10	-4.133444e+00	2.795180e+01
2.610000e-06	-6.509993e-07	3.625338e-10	-4.502001e+00	2.321016e+01
2.620000e-06	-7.038848e-07	2.903703e-10	-4.867733e+00	1.846117e+01
2.630000e-06	-7.562964e-07	2.187643e-10	-5.230186e+00	1.370736e+01
2.640000e-06	-8.083128e-07	1.472403e-10	-5.589907e+00	8.874609e+00
2.650000e-06	-8.600232e-07	7.192569e-11	-5.947512e+00	3.850583e+00
2.660000e-06	-9.114684e-07	-9.958310e-12	-6.303282e+00	-1.450582e+00
2.670000e-06	-9.626290e-07	-9.714987e-11	-6.657085e+00	-7.038112e+00
2.680000e-06	-1.013430e-06	-1.851038e-10	-7.008400e+00	-1.284182e+01
2.690000e-06	-1.063797e-06	-2.737801e-10	-7.356714e+00	-1.875890e+01
2.700000e-06	-1.113768e-06	-3.636826e-10	-7.702287e+00	-2.471985e+01
2.710000e-06	-1.163394e-06	-4.552413e-10	-8.045477e+00	-3.073049e+01
2.720000e-06	-1.212571e-06	-5.479547e-10	-8.385567e+00	-3.686321e+01
2.730000e-06	-1.261187e-06	-6.420992e-10	-8.721769e+00	-4.320424e+01
2.740000e-06	-1.309143e-06	-7.410288e-10	-9.053414e+00	-4.979179e+01
2.750000e-06	-1.356362e-06	-8.448071e-10	-9.379954e+00	-5.658397e+01
2.760000e-06	-1.402878e-06	-9.511906e-10	-9.701640e+00	-6.347379e+01
2.770000e-06	-1.448874e-06	-1.055999e-09	-1.001973e+01	-7.033792e+01
2.780000e-06	-1.494543e-06	-1.158544e-09	-1.033555e+01	-7.708613e+01
2.790000e-06	-1.539863e-06	-1.259483e-09	-1.064896e+01	-8.368277e+01
2.800000e-06	-1.584743e-06	-1.358154e-09	-1.095933e+01	-9.013340e+01
2.810000e-06	-1.629090e-06	-1.453721e-09	-1.126601e+01	-9.645254e+01
2.820000e-06	-1.672867e-06	-1.547700e-09	-1.156875e+01	-1.026371e+02
2.830000e-06	-1.716189e-06	-1.640895e-09	-1.186835e+01	-1.086604e+02
2.840000e-06	-1.759066e-06	-1.731621e-09	-1.216487e+01	-1.144849e+02
2.850000e-06	-1.801353e-06	-1.817416e-09	-1.245730e+01	-1.200787e+02
2.860000e-06	-1.843054e-06	-1.897517e-09	-1.274569e+01	-1.254229e+02
2.870000e-06	-1.884188e-06	-1.973831e-09	-1.303015e+01	-1.305089e+02
2.880000e-06	-1.924653e-06	-2.047351e-09	-1.330999e+01	-1.353319e+02
2.890000e-06	-1.964509e-06	-2.117867e-09	-1.358561e+01	-1.398895e+02
2.900000e-06	-2.003850e-06	-2.185499e-09	-1.385768e+01	-1.441877e+02
2.910000e-06	-2.042484e-06	-2.250884e-09	-1.412485e+01	-1.482452e+02
2.920000e-06	-2.080140e-06	-2.312961e-09	-1.438526e+01	-1.520898e+02
2.930000e-06	-2.116820e-06	-2.370038e-09	-1.463892e+01	-1.557455e+02
2.940000e-06	-2.152663e-06	-2.423080e-09	-1.488679e+01	-1.592180e+02
2.950000e-06	-2.187776e-06	-2.475191e-09	-1.512962e+01	-1.624907e+02
2.960000e-06	-2.222201e-06	-2.526334e-09	-1.536769e+01	-1.655353e+02
2.970000e-06	-2.255866e-06	-2.573888e-09	-1.560050e+01	-1.683317e+02
2.980000e-06	-2.288763e-06	-2.615441e-09	-1.582800e+01	-1.708846e+02
2.990000e-06	-2.320934e-06	-2.651216e-09	-1.605047e+01	-1.732262e+02
3.000000e-06	-2.352384e-06	-2.684044e-09	-1.626797e+01	-1.754046e+02
3.010000e-06	-2.383097e-06	-2.716515e-09	-1.648036e+01	-1.774647e+02
3.020000e-06	-2.412802e-06	-2.748450e-09	-1.668579e+01	-1.794344e+02
3.030000e-06	-2.441369e-06	-2.779969e-09	-1.688334e+01	-1.813204e+02
3.040000e-06	-2.469021e-06	-2.809623e-09	-1.707457e+01	-1.831145e+02
3.050000e-06	-2.495917e-06	-2.838943e-09	-1.726057e+01	-1.848027e+02
3.060000e-06	-2.521993e-06	-2.865449e-09	-1.744091e+01	-1.863740e+02
3.070000e-06	-2.547110e-06	-2.886607e-09	-1.761460e+01	-1.878258e+02
3.080000e-06	-2.571301e-06	-2.904158e-09	-1.778190e+01	-1.891668e+02
3.090000e-06	-2.594768e-06	-2.922699e-09	-1.794419e+01	-1.904169e+02
3.100000e-06	-2.617426e-06	-2.943328e-09	-1.810088e+01	-1.916015e+02
3.110000e-06	-2.638928e-06	-2.962887e-09	-1.824957e+01	-1.927405e+02
3.120000e-06	-2.659257e-06	-2.980094e-09	-1.839016e+01	-1.938368e+02
3.130000e-06	-2.678683e-06	-2.995584e-09	-1.852450e+01	-1.948718e+02
3.140000e-06	-2.697289e-06	-3.009729e-09	-1.865317e+01	-1.958140e+02
3.150000e-06	-2.715018e-06	-3.021318e-09	-1.877577e+01	-1.966399e+02
3.160000e-06	-2.731834e-06	-3.030388e-09	-1.889207e+01	-1.973532e+02
3.170000e-06	-2.747769e-06	-3.038337e-09	-1.900226e+01	-1.979883e+02
3.180000e-06	-2.762813e-06	-3.048824e-09	-1.910630e+01	-1.985939e+02
3.190000e-06	-2.776701e-06	-3.061993e-09	-1.920235e+01	-1.992035e+02
3.200000e-06	-2.789323e-06	-3.072858e-09	-1.928963e+01	-1.998145e+02
3.210000e-06	-2.800804e-06	-3.079108e-09	-1.936903e+01	-2.003903e+02
3.220000e-06	-2.811205e-06	-3.084289e-09	-1.944096e+01	-2.008865e+02
3.230000e-06	-2.820561e-06	-3.088873e-09	-1.950566e+01	-2.012824e+02
3.240000e-06	-2.828963e-06	-3.092379e-09	-1.956376e+01	-2.015955e+02
3.250000e-06	-2.836550e-06	-3.094681e-09	-1.961623e+01	-2.018687e+02
3.260000e-06	-2.843220e-06	-3.098226e-09	-1.966236e+01	-2.021387e+02
3.270000e-06	-2.848701e-06	-3.103704e-09	-1.970026e+01	-2.024104e+02
3.280000e-06	-2.852974e-06	-3.108978e-09	-1.972982e+01	-2.026567e+02
3.290000e-06	-2.856247e-06	-3.110875e-09	-1.975245e+01	-2.028431e+02
3.300000e-06	-2.858647e-06	-3.110767e-09	-1.976904e+01	-2.029564e+02
3.310000e-06	-2.860134e-06	-3.109315e-09	-1.977933e+01	-2.030140e+02
3.320000e-06	-2.860684e-06	-3.107755e-09	-1.978313e+01	-2.030457e+02
