# Temperatura_=_23.47
# Concentracion g/m^3_=_15500.0
# C_Vs_to_Am_M_A/Vsm_=_65563218390.804596
# pendiente_HvsI_1/m_=_3716.3
# ordenada_HvsI_A/m_=_1297.0
# frecuencia_Hz_=_300990.0103373352

Tiempo_(s)	Campo_(V.s)	Magnetizacion_(V.s)	Campo_(kA/m)	Magnetizacion_(A/m)
0.000000e+00	-2.860005e-06	-3.258520e-09	-1.978290e+01	-2.137036e+02
1.000000e-08	-2.859150e-06	-3.259977e-09	-1.977699e+01	-2.136716e+02
2.000000e-08	-2.857338e-06	-3.258644e-09	-1.976445e+01	-2.136378e+02
3.000000e-08	-2.854253e-06	-3.257839e-09	-1.974311e+01	-2.135133e+02
4.000000e-08	-2.850143e-06	-3.256852e-09	-1.971468e+01	-2.132556e+02
5.000000e-08	-2.845262e-06	-3.250286e-09	-1.968092e+01	-2.129094e+02
6.000000e-08	-2.839531e-06	-3.237657e-09	-1.964128e+01	-2.125758e+02
7.000000e-08	-2.832838e-06	-3.227527e-09	-1.959498e+01	-2.123285e+02
8.000000e-08	-2.825071e-06	-3.262613e-09	-1.954126e+01	-2.121408e+02
9.000000e-08	-2.816117e-06	-3.296761e-09	-1.947932e+01	-2.118856e+02
1.000000e-07	-2.805743e-06	-3.252868e-09	-1.940757e+01	-2.114210e+02
1.100000e-07	-2.794089e-06	-3.112183e-09	-1.932695e+01	-2.107032e+02
1.200000e-07	-2.781668e-06	-3.152219e-09	-1.924104e+01	-2.098454e+02
1.300000e-07	-2.768447e-06	-3.281824e-09	-1.914959e+01	-2.090676e+02
1.400000e-07	-2.754123e-06	-3.209510e-09	-1.905051e+01	-2.085611e+02
1.500000e-07	-2.738788e-06	-3.107541e-09	-1.894443e+01	-2.083570e+02
1.600000e-07	-2.722338e-06	-3.234244e-09	-1.883065e+01	-2.082907e+02
1.700000e-07	-2.704567e-06	-3.267147e-09	-1.870772e+01	-2.080953e+02
1.800000e-07	-2.685905e-06	-3.064132e-09	-1.857864e+01	-2.075651e+02
1.900000e-07	-2.666627e-06	-3.160210e-09	-1.844529e+01	-2.066824e+02
2.000000e-07	-2.646454e-06	-3.239293e-09	-1.830575e+01	-2.056203e+02
2.100000e-07	-2.625334e-06	-3.034508e-09	-1.815966e+01	-2.046205e+02
2.200000e-07	-2.603420e-06	-3.074397e-09	-1.800808e+01	-2.038314e+02
2.300000e-07	-2.580615e-06	-3.245613e-09	-1.785034e+01	-2.032165e+02
2.400000e-07	-2.556877e-06	-3.108576e-09	-1.768614e+01	-2.025937e+02
2.500000e-07	-2.532395e-06	-3.012316e-09	-1.751679e+01	-2.017738e+02
2.600000e-07	-2.506985e-06	-3.069286e-09	-1.734103e+01	-2.006953e+02
2.700000e-07	-2.480425e-06	-3.057916e-09	-1.715731e+01	-1.994627e+02
2.800000e-07	-2.452827e-06	-3.035260e-09	-1.696642e+01	-1.982627e+02
2.900000e-07	-2.424335e-06	-3.026194e-09	-1.676933e+01	-1.972240e+02
3.000000e-07	-2.394964e-06	-2.976656e-09	-1.656617e+01	-1.963249e+02
3.100000e-07	-2.364855e-06	-2.988379e-09	-1.635791e+01	-1.954130e+02
3.200000e-07	-2.334093e-06	-3.013792e-09	-1.614512e+01	-1.943219e+02
3.300000e-07	-2.302540e-06	-2.924737e-09	-1.592687e+01	-1.929957e+02
3.400000e-07	-2.270303e-06	-2.906236e-09	-1.570388e+01	-1.915313e+02
3.500000e-07	-2.237436e-06	-2.895468e-09	-1.547654e+01	-1.901084e+02
3.600000e-07	-2.203675e-06	-2.883496e-09	-1.524301e+01	-1.888589e+02
3.700000e-07	-2.168751e-06	-2.910410e-09	-1.500144e+01	-1.877713e+02
3.800000e-07	-2.132850e-06	-2.859498e-09	-1.475311e+01	-1.866968e+02
3.900000e-07	-2.096359e-06	-2.802653e-09	-1.450070e+01	-1.854523e+02
4.000000e-07	-2.059258e-06	-2.828442e-09	-1.424407e+01	-1.839432e+02
4.100000e-07	-2.021374e-06	-2.814346e-09	-1.398202e+01	-1.822232e+02
4.200000e-07	-1.982722e-06	-2.733496e-09	-1.371466e+01	-1.804510e+02
4.300000e-07	-1.943356e-06	-2.715814e-09	-1.344236e+01	-1.787790e+02
4.400000e-07	-1.903345e-06	-2.716880e-09	-1.316560e+01	-1.772561e+02
4.500000e-07	-1.862885e-06	-2.708504e-09	-1.288573e+01	-1.758061e+02
4.600000e-07	-1.821975e-06	-2.674416e-09	-1.260276e+01	-1.742916e+02
4.700000e-07	-1.780278e-06	-2.629762e-09	-1.231434e+01	-1.726103e+02
4.800000e-07	-1.737541e-06	-2.592436e-09	-1.201872e+01	-1.707558e+02
4.900000e-07	-1.693873e-06	-2.579114e-09	-1.171667e+01	-1.688061e+02
5.000000e-07	-1.649652e-06	-2.563343e-09	-1.141078e+01	-1.668568e+02
5.100000e-07	-1.605042e-06	-2.513841e-09	-1.110221e+01	-1.649535e+02
5.200000e-07	-1.559973e-06	-2.482287e-09	-1.079047e+01	-1.630706e+02
5.300000e-07	-1.514388e-06	-2.465562e-09	-1.047515e+01	-1.611433e+02
5.400000e-07	-1.468241e-06	-2.442888e-09	-1.015595e+01	-1.591226e+02
5.500000e-07	-1.421472e-06	-2.392757e-09	-9.832444e+00	-1.570093e+02
5.600000e-07	-1.374146e-06	-2.349286e-09	-9.505086e+00	-1.548442e+02
5.700000e-07	-1.326372e-06	-2.321291e-09	-9.174629e+00	-1.526708e+02
5.800000e-07	-1.278215e-06	-2.304834e-09	-8.841522e+00	-1.505008e+02
5.900000e-07	-1.229741e-06	-2.271806e-09	-8.506222e+00	-1.483106e+02
6.000000e-07	-1.180879e-06	-2.220787e-09	-8.168239e+00	-1.460660e+02
6.100000e-07	-1.131418e-06	-2.184359e-09	-7.826115e+00	-1.437509e+02
6.200000e-07	-1.081157e-06	-2.156734e-09	-7.478458e+00	-1.413771e+02
6.300000e-07	-1.030293e-06	-2.128044e-09	-7.126626e+00	-1.389670e+02
6.400000e-07	-9.789580e-07	-2.077520e-09	-6.771537e+00	-1.365298e+02
6.500000e-07	-9.271175e-07	-2.029696e-09	-6.412952e+00	-1.340499e+02
6.600000e-07	-8.748893e-07	-1.996006e-09	-6.051685e+00	-1.314999e+02
6.700000e-07	-8.223920e-07	-1.966766e-09	-5.688556e+00	-1.288639e+02
6.800000e-07	-7.697078e-07	-1.922898e-09	-5.324135e+00	-1.261517e+02
6.900000e-07	-7.167296e-07	-1.871484e-09	-4.957681e+00	-1.233893e+02
7.000000e-07	-6.633805e-07	-1.832084e-09	-4.588660e+00	-1.205953e+02
7.100000e-07	-6.097665e-07	-1.796839e-09	-4.217807e+00	-1.177618e+02
7.200000e-07	-5.559640e-07	-1.752319e-09	-3.845651e+00	-1.148594e+02
7.300000e-07	-5.019520e-07	-1.693192e-09	-3.472046e+00	-1.118608e+02
7.400000e-07	-4.478058e-07	-1.641210e-09	-3.097511e+00	-1.087663e+02
7.500000e-07	-3.935362e-07	-1.597901e-09	-2.722124e+00	-1.056077e+02
7.600000e-07	-3.391682e-07	-1.555339e-09	-2.346056e+00	-1.024261e+02
7.700000e-07	-2.847853e-07	-1.501970e-09	-1.969884e+00	-9.923880e+01
7.800000e-07	-2.302931e-07	-1.447516e-09	-1.592957e+00	-9.602167e+01
7.900000e-07	-1.756979e-07	-1.400555e-09	-1.215318e+00	-9.272015e+01
8.000000e-07	-1.210831e-07	-1.350257e-09	-8.375421e-01	-8.928310e+01
8.100000e-07	-6.645854e-08	-1.292547e-09	-4.596995e-01	-8.569451e+01
8.200000e-07	-1.179175e-08	-1.228408e-09	-8.156454e-02	-8.198119e+01
8.300000e-07	4.291494e-08	-1.171422e-09	2.968464e-01	-7.819171e+01
8.400000e-07	9.760893e-08	-1.118298e-09	6.751694e-01	-7.436327e+01
8.500000e-07	1.522787e-07	-1.063783e-09	1.053325e+00	-7.050014e+01
8.600000e-07	2.068929e-07	-1.000455e-09	1.431096e+00	-6.657704e+01
8.700000e-07	2.614337e-07	-9.358002e-10	1.808359e+00	-6.256096e+01
8.800000e-07	3.159166e-07	-8.754110e-10	2.185223e+00	-5.843230e+01
8.900000e-07	3.703135e-07	-8.124250e-10	2.561491e+00	-5.418920e+01
9.000000e-07	4.245439e-07	-7.438893e-10	2.936607e+00	-4.983461e+01
9.100000e-07	4.786225e-07	-6.714449e-10	3.310673e+00	-4.536049e+01
9.200000e-07	5.325553e-07	-6.027409e-10	3.683731e+00	-4.074498e+01
9.300000e-07	5.863107e-07	-5.337232e-10	4.055562e+00	-3.596627e+01
9.400000e-07	6.398309e-07	-4.616536e-10	4.425766e+00	-3.102131e+01
9.500000e-07	6.930649e-07	-3.821085e-10	4.793990e+00	-2.593172e+01
9.600000e-07	7.460056e-07	-3.011839e-10	5.160185e+00	-2.072823e+01
9.700000e-07	7.986624e-07	-2.230313e-10	5.524417e+00	-1.542222e+01
9.800000e-07	8.511080e-07	-1.410660e-10	5.887188e+00	-9.984656e+00
9.900000e-07	9.032943e-07	-5.153983e-11	6.248165e+00	-4.349080e+00
1.000000e-06	9.550813e-07	4.288168e-11	6.606380e+00	1.560244e+00
1.010000e-06	1.006435e-06	1.368430e-10	6.961598e+00	7.791580e+00
1.020000e-06	1.057276e-06	2.345513e-10	7.313270e+00	1.434263e+01
1.030000e-06	1.107424e-06	3.379220e-10	7.660151e+00	2.116435e+01
1.040000e-06	1.156835e-06	4.477812e-10	8.001929e+00	2.818765e+01
1.050000e-06	1.205733e-06	5.582476e-10	8.340159e+00	3.535560e+01
1.060000e-06	1.254314e-06	6.682748e-10	8.676197e+00	4.264280e+01
1.070000e-06	1.302600e-06	7.807166e-10	9.010200e+00	5.005323e+01
1.080000e-06	1.350531e-06	8.968216e-10	9.341740e+00	5.760119e+01
1.090000e-06	1.397938e-06	1.013384e-09	9.669661e+00	6.528724e+01
1.100000e-06	1.444833e-06	1.129078e-09	9.994038e+00	7.308062e+01
1.110000e-06	1.491273e-06	1.248399e-09	1.031527e+01	8.091378e+01
1.120000e-06	1.537139e-06	1.367656e-09	1.063253e+01	8.868913e+01
1.130000e-06	1.582400e-06	1.483915e-09	1.094560e+01	9.629559e+01
1.140000e-06	1.627176e-06	1.593658e-09	1.125531e+01	1.036310e+02
1.150000e-06	1.671614e-06	1.698232e-09	1.156270e+01	1.106248e+02
1.160000e-06	1.715681e-06	1.798019e-09	1.186752e+01	1.172523e+02
1.170000e-06	1.759162e-06	1.893393e-09	1.216828e+01	1.235333e+02
1.180000e-06	1.801745e-06	1.985044e-09	1.246283e+01	1.295128e+02
1.190000e-06	1.843291e-06	2.072213e-09	1.275020e+01	1.352318e+02
1.200000e-06	1.884104e-06	2.154566e-09	1.303251e+01	1.407029e+02
1.210000e-06	1.924412e-06	2.231676e-09	1.331132e+01	1.459050e+02
1.220000e-06	1.964176e-06	2.305187e-09	1.358638e+01	1.508001e+02
1.230000e-06	2.003321e-06	2.373754e-09	1.385714e+01	1.553617e+02
1.240000e-06	2.041803e-06	2.438033e-09	1.412333e+01	1.595950e+02
1.250000e-06	2.079554e-06	2.498077e-09	1.438445e+01	1.635371e+02
1.260000e-06	2.116560e-06	2.553655e-09	1.464043e+01	1.672363e+02
1.270000e-06	2.152969e-06	2.604393e-09	1.489227e+01	1.707272e+02
1.280000e-06	2.188787e-06	2.650216e-09	1.514003e+01	1.740171e+02
1.290000e-06	2.223663e-06	2.694002e-09	1.538127e+01	1.770939e+02
1.300000e-06	2.257429e-06	2.735016e-09	1.561483e+01	1.799464e+02
1.310000e-06	2.290299e-06	2.772073e-09	1.584220e+01	1.825824e+02
1.320000e-06	2.322506e-06	2.805970e-09	1.606498e+01	1.850309e+02
1.330000e-06	2.354006e-06	2.839401e-09	1.628286e+01	1.873277e+02
1.340000e-06	2.384702e-06	2.871847e-09	1.649519e+01	1.894977e+02
1.350000e-06	2.414599e-06	2.902515e-09	1.670199e+01	1.915460e+02
1.360000e-06	2.443690e-06	2.930716e-09	1.690321e+01	1.934643e+02
1.370000e-06	2.472073e-06	2.956639e-09	1.709954e+01	1.952451e+02
1.380000e-06	2.499703e-06	2.980848e-09	1.729066e+01	1.968937e+02
1.390000e-06	2.526234e-06	3.002766e-09	1.747418e+01	1.984280e+02
1.400000e-06	2.551534e-06	3.023632e-09	1.764918e+01	1.998709e+02
1.410000e-06	2.575864e-06	3.043313e-09	1.781747e+01	2.012405e+02
1.420000e-06	2.599351e-06	3.063112e-09	1.797993e+01	2.025470e+02
1.430000e-06	2.621957e-06	3.083529e-09	1.813630e+01	2.037934e+02
1.440000e-06	2.643682e-06	3.103205e-09	1.828658e+01	2.049771e+02
1.450000e-06	2.664628e-06	3.121278e-09	1.843146e+01	2.060877e+02
1.460000e-06	2.684906e-06	3.138158e-09	1.857172e+01	2.071059e+02
1.470000e-06	2.704299e-06	3.152594e-09	1.870587e+01	2.080102e+02
1.480000e-06	2.722621e-06	3.164872e-09	1.883260e+01	2.087919e+02
1.490000e-06	2.740011e-06	3.175397e-09	1.895290e+01	2.094714e+02
1.500000e-06	2.756342e-06	3.185463e-09	1.906585e+01	2.100995e+02
1.510000e-06	2.771483e-06	3.197709e-09	1.917059e+01	2.107356e+02
1.520000e-06	2.785597e-06	3.209933e-09	1.926821e+01	2.114113e+02
1.530000e-06	2.798762e-06	3.220804e-09	1.935928e+01	2.121036e+02
1.540000e-06	2.810929e-06	3.230379e-09	1.944344e+01	2.127400e+02
1.550000e-06	2.821838e-06	3.238792e-09	1.951890e+01	2.132405e+02
1.560000e-06	2.831446e-06	3.245486e-09	1.958536e+01	2.135706e+02
1.570000e-06	2.840049e-06	3.250533e-09	1.964487e+01	2.137702e+02
1.580000e-06	2.847720e-06	3.254857e-09	1.969792e+01	2.139330e+02
1.590000e-06	2.854399e-06	3.259371e-09	1.974412e+01	2.141472e+02
1.600000e-06	2.860087e-06	3.264281e-09	1.978347e+01	2.144358e+02
1.610000e-06	2.864924e-06	3.268412e-09	1.981693e+01	2.147406e+02
1.620000e-06	2.868927e-06	3.271261e-09	1.984462e+01	2.149632e+02
1.630000e-06	2.871744e-06	3.275079e-09	1.986410e+01	2.150352e+02
1.640000e-06	2.873268e-06	3.279272e-09	1.987465e+01	2.149677e+02
1.650000e-06	2.873826e-06	3.282050e-09	1.987850e+01	2.148415e+02
1.660000e-06	2.873544e-06	3.280682e-09	1.987655e+01	2.147455e+02
1.670000e-06	2.872349e-06	3.273352e-09	1.986829e+01	2.147087e+02
1.680000e-06	2.870194e-06	3.267404e-09	1.985338e+01	2.146791e+02
1.690000e-06	2.867198e-06	3.264673e-09	1.983266e+01	2.145675e+02
1.700000e-06	2.863476e-06	3.264327e-09	1.980691e+01	2.143232e+02
1.710000e-06	2.858805e-06	3.266793e-09	1.977460e+01	2.139817e+02
1.720000e-06	2.852940e-06	3.274416e-09	1.973403e+01	2.136416e+02
1.730000e-06	2.846024e-06	3.272377e-09	1.968620e+01	2.133840e+02
1.740000e-06	2.838212e-06	3.201555e-09	1.963216e+01	2.131944e+02
1.750000e-06	2.829136e-06	3.167471e-09	1.956938e+01	2.129537e+02
1.760000e-06	2.818465e-06	3.254174e-09	1.949556e+01	2.125158e+02
1.770000e-06	2.806748e-06	3.325689e-09	1.941452e+01	2.118222e+02
1.780000e-06	2.794860e-06	3.232264e-09	1.933229e+01	2.109696e+02
1.790000e-06	2.782396e-06	3.111277e-09	1.924607e+01	2.101720e+02
1.800000e-06	2.768268e-06	3.251925e-09	1.914835e+01	2.096310e+02
1.810000e-06	2.752791e-06	3.225205e-09	1.904129e+01	2.093990e+02
1.820000e-06	2.736831e-06	3.071841e-09	1.893089e+01	2.093299e+02
1.830000e-06	2.719892e-06	3.198726e-09	1.881373e+01	2.091603e+02
1.840000e-06	2.701527e-06	3.282087e-09	1.868670e+01	2.086704e+02
1.850000e-06	2.682385e-06	3.090404e-09	1.855429e+01	2.078196e+02
1.860000e-06	2.662588e-06	3.082955e-09	1.841735e+01	2.067646e+02
1.870000e-06	2.641534e-06	3.261798e-09	1.827172e+01	2.057479e+02
1.880000e-06	2.619358e-06	3.077904e-09	1.811833e+01	2.049343e+02
1.890000e-06	2.596312e-06	2.953608e-09	1.795891e+01	2.043075e+02
1.900000e-06	2.572212e-06	3.162136e-09	1.779221e+01	2.036956e+02
1.910000e-06	2.547368e-06	3.131022e-09	1.762036e+01	2.029024e+02
1.920000e-06	2.521840e-06	3.010024e-09	1.744378e+01	2.018489e+02
1.930000e-06	2.495316e-06	3.063006e-09	1.726032e+01	2.006240e+02
1.940000e-06	2.468071e-06	3.008226e-09	1.707186e+01	1.994119e+02
1.950000e-06	2.440111e-06	3.025943e-09	1.687846e+01	1.983538e+02
1.960000e-06	2.410914e-06	3.043975e-09	1.667650e+01	1.974451e+02
1.970000e-06	2.380537e-06	2.918803e-09	1.646638e+01	1.965432e+02
1.980000e-06	2.349348e-06	2.945196e-09	1.625065e+01	1.954764e+02
1.990000e-06	2.317476e-06	3.008100e-09	1.603018e+01	1.941729e+02
2.000000e-06	2.284907e-06	2.916405e-09	1.580490e+01	1.927149e+02
2.010000e-06	2.251508e-06	2.917308e-09	1.557387e+01	1.912790e+02
2.020000e-06	2.217326e-06	2.902177e-09	1.533743e+01	1.900083e+02
2.030000e-06	2.182520e-06	2.828526e-09	1.509668e+01	1.889083e+02
2.040000e-06	2.147050e-06	2.882342e-09	1.485133e+01	1.878415e+02
2.050000e-06	2.110902e-06	2.846305e-09	1.460129e+01	1.866217e+02
2.060000e-06	2.073891e-06	2.769263e-09	1.434528e+01	1.851407e+02
2.070000e-06	2.035725e-06	2.802810e-09	1.408129e+01	1.834366e+02
2.080000e-06	1.996670e-06	2.788364e-09	1.381114e+01	1.816612e+02
2.090000e-06	1.957090e-06	2.743478e-09	1.353736e+01	1.799735e+02
2.100000e-06	1.916883e-06	2.711143e-09	1.325924e+01	1.784361e+02
2.110000e-06	1.875993e-06	2.664137e-09	1.297640e+01	1.769843e+02
2.120000e-06	1.834538e-06	2.667033e-09	1.268966e+01	1.754826e+02
2.130000e-06	1.792534e-06	2.660409e-09	1.239911e+01	1.738211e+02
2.140000e-06	1.749935e-06	2.619530e-09	1.210445e+01	1.719822e+02
2.150000e-06	1.706796e-06	2.590281e-09	1.180606e+01	1.700375e+02
2.160000e-06	1.663230e-06	2.553335e-09	1.150470e+01	1.680843e+02
2.170000e-06	1.619122e-06	2.539828e-09	1.119960e+01	1.661759e+02
2.180000e-06	1.574313e-06	2.504964e-09	1.088966e+01	1.642934e+02
2.190000e-06	1.528874e-06	2.462268e-09	1.057535e+01	1.623736e+02
2.200000e-06	1.482930e-06	2.444911e-09	1.025755e+01	1.603635e+02
2.210000e-06	1.436596e-06	2.415390e-09	9.937062e+00	1.582583e+02
2.220000e-06	1.389848e-06	2.392396e-09	9.613696e+00	1.560961e+02
2.230000e-06	1.342489e-06	2.350973e-09	9.286113e+00	1.539221e+02
2.240000e-06	1.294446e-06	2.300811e-09	8.953793e+00	1.517520e+02
2.250000e-06	1.245873e-06	2.280996e-09	8.617814e+00	1.495654e+02
2.260000e-06	1.196934e-06	2.257231e-09	8.279297e+00	1.473276e+02
2.270000e-06	1.147588e-06	2.216773e-09	7.937967e+00	1.450197e+02
2.280000e-06	1.097810e-06	2.176659e-09	7.593649e+00	1.426507e+02
2.290000e-06	1.047612e-06	2.136034e-09	7.246425e+00	1.402434e+02
2.300000e-06	9.969597e-07	2.110499e-09	6.896056e+00	1.378091e+02
2.310000e-06	9.459475e-07	2.075690e-09	6.543201e+00	1.353348e+02
2.320000e-06	8.946965e-07	2.027851e-09	6.188693e+00	1.327932e+02
2.330000e-06	8.431676e-07	1.990887e-09	5.832263e+00	1.301661e+02
2.340000e-06	7.913033e-07	1.952827e-09	5.473513e+00	1.274606e+02
2.350000e-06	7.390565e-07	1.914836e-09	5.112118e+00	1.247021e+02
2.360000e-06	6.863559e-07	1.865014e-09	4.747583e+00	1.219110e+02
2.370000e-06	6.331860e-07	1.817225e-09	4.379802e+00	1.190826e+02
2.380000e-06	5.796204e-07	1.780258e-09	4.009284e+00	1.161889e+02
2.390000e-06	5.257375e-07	1.740141e-09	3.636572e+00	1.132009e+02
2.400000e-06	4.715311e-07	1.694773e-09	3.261621e+00	1.101153e+02
2.410000e-06	4.170762e-07	1.643374e-09	2.884952e+00	1.069612e+02
2.420000e-06	3.624558e-07	1.595182e-09	2.507138e+00	1.037803e+02
2.430000e-06	3.076669e-07	1.549802e-09	2.128159e+00	1.005937e+02
2.440000e-06	2.527594e-07	1.500078e-09	1.748359e+00	9.738180e+01
2.450000e-06	1.977916e-07	1.446727e-09	1.368142e+00	9.409186e+01
2.460000e-06	1.427647e-07	1.394998e-09	9.875160e-01	9.067059e+01
2.470000e-06	8.767460e-08	1.343617e-09	6.064528e-01	8.709733e+01
2.480000e-06	3.256371e-08	1.290886e-09	2.252460e-01	8.339486e+01
2.490000e-06	-2.255395e-08	1.232424e-09	-1.560076e-01	7.961102e+01
2.500000e-06	-7.766940e-08	1.171047e-09	-5.372459e-01	7.578561e+01
2.510000e-06	-1.327502e-07	1.111951e-09	-9.182445e-01	7.192674e+01
2.520000e-06	-1.878152e-07	1.052307e-09	-1.299134e+00	6.801142e+01
2.530000e-06	-2.428324e-07	9.910472e-10	-1.679692e+00	6.400629e+01
2.540000e-06	-2.977562e-07	9.272561e-10	-2.059605e+00	5.988975e+01
2.550000e-06	-3.525406e-07	8.662777e-10	-2.438554e+00	5.565840e+01
2.560000e-06	-4.071258e-07	8.032893e-10	-2.816124e+00	5.131556e+01
2.570000e-06	-4.615731e-07	7.331142e-10	-3.192741e+00	4.685482e+01
2.580000e-06	-5.157534e-07	6.595615e-10	-3.567511e+00	4.225539e+01
2.590000e-06	-5.695890e-07	5.855438e-10	-3.939896e+00	3.749446e+01
2.600000e-06	-6.231295e-07	5.101719e-10	-4.310241e+00	3.256637e+01
2.610000e-06	-6.762619e-07	4.329853e-10	-4.677762e+00	2.749046e+01
2.620000e-06	-7.288917e-07	3.552284e-10	-5.041807e+00	2.229774e+01
2.630000e-06	-7.811088e-07	2.750239e-10	-5.402997e+00	1.700303e+01
2.640000e-06	-8.329929e-07	1.929037e-10	-5.761884e+00	1.158195e+01
2.650000e-06	-8.845458e-07	1.079360e-10	-6.118480e+00	5.971066e+00
2.660000e-06	-9.358053e-07	1.882903e-11	-6.473046e+00	9.384614e-02
2.670000e-06	-9.868107e-07	-7.600013e-11	-6.825855e+00	-6.102430e+00
2.680000e-06	-1.037496e-06	-1.742023e-10	-7.176449e+00	-1.262120e+01
2.690000e-06	-1.087748e-06	-2.745272e-10	-7.524048e+00	-1.941746e+01
2.700000e-06	-1.137548e-06	-3.795101e-10	-7.868519e+00	-2.642262e+01
2.710000e-06	-1.186936e-06	-4.904555e-10	-8.210141e+00	-3.357720e+01
2.720000e-06	-1.235877e-06	-6.048699e-10	-8.548665e+00	-4.085212e+01
2.730000e-06	-1.284191e-06	-7.167044e-10	-8.882862e+00	-4.824893e+01
2.740000e-06	-1.331704e-06	-8.286601e-10	-9.211511e+00	-5.578200e+01
2.750000e-06	-1.378452e-06	-9.448368e-10	-9.534873e+00	-6.345437e+01
2.760000e-06	-1.424709e-06	-1.063948e-09	-9.854837e+00	-7.123915e+01
2.770000e-06	-1.470595e-06	-1.183592e-09	-1.017223e+01	-7.907259e+01
2.780000e-06	-1.516135e-06	-1.302042e-09	-1.048723e+01	-8.685967e+01
2.790000e-06	-1.561268e-06	-1.418989e-09	-1.079942e+01	-9.448976e+01
2.800000e-06	-1.605838e-06	-1.533358e-09	-1.110772e+01	-1.018586e+02
2.810000e-06	-1.649816e-06	-1.642575e-09	-1.141192e+01	-1.088914e+02
2.820000e-06	-1.693332e-06	-1.744321e-09	-1.171292e+01	-1.155581e+02
2.830000e-06	-1.736477e-06	-1.840632e-09	-1.201136e+01	-1.218746e+02
2.840000e-06	-1.779104e-06	-1.934416e-09	-1.230621e+01	-1.278844e+02
2.850000e-06	-1.821103e-06	-2.024639e-09	-1.259673e+01	-1.336304e+02
2.860000e-06	-1.862478e-06	-2.107788e-09	-1.288292e+01	-1.391289e+02
2.870000e-06	-1.903213e-06	-2.184476e-09	-1.316469e+01	-1.443618e+02
2.880000e-06	-1.943284e-06	-2.259292e-09	-1.344186e+01	-1.492918e+02
2.890000e-06	-1.982804e-06	-2.332800e-09	-1.371523e+01	-1.538898e+02
2.900000e-06	-2.021835e-06	-2.401904e-09	-1.398521e+01	-1.581573e+02
2.910000e-06	-2.060051e-06	-2.465071e-09	-1.424955e+01	-1.621285e+02
2.920000e-06	-2.097201e-06	-2.523474e-09	-1.450652e+01	-1.658520e+02
2.930000e-06	-2.133402e-06	-2.578626e-09	-1.475692e+01	-1.693646e+02
2.940000e-06	-2.168924e-06	-2.631274e-09	-1.500263e+01	-1.726768e+02
2.950000e-06	-2.203802e-06	-2.680916e-09	-1.524389e+01	-1.757774e+02
2.960000e-06	-2.237910e-06	-2.727015e-09	-1.547982e+01	-1.786542e+02
2.970000e-06	-2.271204e-06	-2.771253e-09	-1.571011e+01	-1.813127e+02
2.980000e-06	-2.303667e-06	-2.813317e-09	-1.593466e+01	-1.837798e+02
2.990000e-06	-2.335406e-06	-2.851256e-09	-1.615421e+01	-1.860916e+02
3.000000e-06	-2.366539e-06	-2.883391e-09	-1.636956e+01	-1.882749e+02
3.010000e-06	-2.396821e-06	-2.914053e-09	-1.657901e+01	-1.903368e+02
3.020000e-06	-2.425871e-06	-2.944702e-09	-1.677996e+01	-1.922698e+02
3.030000e-06	-2.453845e-06	-2.976020e-09	-1.697346e+01	-1.940657e+02
3.040000e-06	-2.481113e-06	-3.003830e-09	-1.716207e+01	-1.957281e+02
3.050000e-06	-2.507634e-06	-3.028011e-09	-1.734552e+01	-1.972738e+02
3.060000e-06	-2.533239e-06	-3.049277e-09	-1.752264e+01	-1.987258e+02
3.070000e-06	-2.557936e-06	-3.069605e-09	-1.769347e+01	-2.001029e+02
3.080000e-06	-2.581857e-06	-3.089101e-09	-1.785893e+01	-2.014162e+02
3.090000e-06	-2.605088e-06	-3.107735e-09	-1.801962e+01	-2.026694e+02
3.100000e-06	-2.627331e-06	-3.127591e-09	-1.817348e+01	-2.038604e+02
3.110000e-06	-2.648293e-06	-3.146307e-09	-1.831847e+01	-2.049799e+02
3.120000e-06	-2.668187e-06	-3.162743e-09	-1.845608e+01	-2.060094e+02
3.130000e-06	-2.687261e-06	-3.174428e-09	-1.858802e+01	-2.069270e+02
3.140000e-06	-2.705471e-06	-3.183810e-09	-1.871398e+01	-2.077218e+02
3.150000e-06	-2.722744e-06	-3.192498e-09	-1.883346e+01	-2.084105e+02
3.160000e-06	-2.739095e-06	-3.201802e-09	-1.894656e+01	-2.090414e+02
3.170000e-06	-2.754632e-06	-3.210704e-09	-1.905403e+01	-2.096746e+02
3.180000e-06	-2.769295e-06	-3.221467e-09	-1.915545e+01	-2.103465e+02
3.190000e-06	-2.782692e-06	-3.232198e-09	-1.924812e+01	-2.110401e+02
3.200000e-06	-2.794748e-06	-3.240270e-09	-1.933151e+01	-2.116870e+02
3.210000e-06	-2.805653e-06	-3.246278e-09	-1.940694e+01	-2.122052e+02
3.220000e-06	-2.815545e-06	-3.251469e-09	-1.947536e+01	-2.125533e+02
3.230000e-06	-2.824494e-06	-3.253855e-09	-1.953727e+01	-2.127632e+02
3.240000e-06	-2.832541e-06	-3.253227e-09	-1.959293e+01	-2.129253e+02
3.250000e-06	-2.839757e-06	-3.253905e-09	-1.964284e+01	-2.131317e+02
3.260000e-06	-2.845900e-06	-3.258425e-09	-1.968534e+01	-2.134141e+02
3.270000e-06	-2.850719e-06	-3.264118e-09	-1.971867e+01	-2.137220e+02
3.280000e-06	-2.854463e-06	-3.265943e-09	-1.974457e+01	-2.139581e+02
3.290000e-06	-2.857363e-06	-3.263185e-09	-1.976462e+01	-2.140476e+02
3.300000e-06	-2.859354e-06	-3.260841e-09	-1.977840e+01	-2.139923e+02
3.310000e-06	-2.860383e-06	-3.259669e-09	-1.978551e+01	-2.138679e+02
3.320000e-06	-2.860456e-06	-3.258184e-09	-1.978602e+01	-2.137661e+02
