# Temperatura_=_22.75
# Concentracion g/m^3_=_15500.0
# C_Vs_to_Am_M_A/Vsm_=_65563218390.804596
# pendiente_HvsI_1/m_=_3716.3
# ordenada_HvsI_A/m_=_1297.0
# frecuencia_Hz_=_300988.134563489

Tiempo_(s)	Campo_(V.s)	Magnetizacion_(V.s)	Campo_(kA/m)	Magnetizacion_(A/m)
0.000000e+00	-2.862791e-06	-3.266337e-09	-1.978064e+01	-2.137347e+02
1.000000e-08	-2.861948e-06	-3.264409e-09	-1.977482e+01	-2.136320e+02
2.000000e-08	-2.860104e-06	-3.262952e-09	-1.976207e+01	-2.135325e+02
3.000000e-08	-2.857015e-06	-3.261719e-09	-1.974073e+01	-2.133957e+02
4.000000e-08	-2.852909e-06	-3.258417e-09	-1.971236e+01	-2.131944e+02
5.000000e-08	-2.848009e-06	-3.252397e-09	-1.967850e+01	-2.129507e+02
6.000000e-08	-2.842260e-06	-3.248041e-09	-1.963878e+01	-2.127228e+02
7.000000e-08	-2.835529e-06	-3.256162e-09	-1.959228e+01	-2.125478e+02
8.000000e-08	-2.827796e-06	-3.281820e-09	-1.953885e+01	-2.123848e+02
9.000000e-08	-2.818933e-06	-3.272909e-09	-1.947761e+01	-2.121153e+02
1.000000e-07	-2.808596e-06	-3.215610e-09	-1.940618e+01	-2.116140e+02
1.100000e-07	-2.796970e-06	-3.170332e-09	-1.932585e+01	-2.108524e+02
1.200000e-07	-2.784534e-06	-3.228854e-09	-1.923992e+01	-2.099564e+02
1.300000e-07	-2.771249e-06	-3.245383e-09	-1.914812e+01	-2.091625e+02
1.400000e-07	-2.756932e-06	-3.137826e-09	-1.904920e+01	-2.086842e+02
1.500000e-07	-2.741634e-06	-3.193899e-09	-1.894350e+01	-2.085686e+02
1.600000e-07	-2.725191e-06	-3.283524e-09	-1.882989e+01	-2.086421e+02
1.700000e-07	-2.707476e-06	-3.178277e-09	-1.870748e+01	-2.085947e+02
1.800000e-07	-2.688836e-06	-3.121767e-09	-1.857869e+01	-2.081586e+02
1.900000e-07	-2.669567e-06	-3.224093e-09	-1.844555e+01	-2.072713e+02
2.000000e-07	-2.649439e-06	-3.159201e-09	-1.830647e+01	-2.061132e+02
2.100000e-07	-2.628297e-06	-3.040618e-09	-1.816039e+01	-2.049916e+02
2.200000e-07	-2.606339e-06	-3.154346e-09	-1.800867e+01	-2.041440e+02
2.300000e-07	-2.583520e-06	-3.180118e-09	-1.785100e+01	-2.035886e+02
2.400000e-07	-2.559800e-06	-3.078888e-09	-1.768711e+01	-2.031215e+02
2.500000e-07	-2.535278e-06	-3.099327e-09	-1.751767e+01	-2.024599e+02
2.600000e-07	-2.509813e-06	-3.077741e-09	-1.734171e+01	-2.014334e+02
2.700000e-07	-2.483250e-06	-3.010130e-09	-1.715818e+01	-2.000947e+02
2.800000e-07	-2.455638e-06	-3.056983e-09	-1.696739e+01	-1.986755e+02
2.900000e-07	-2.427087e-06	-3.030821e-09	-1.677012e+01	-1.974242e+02
3.000000e-07	-2.397710e-06	-2.973725e-09	-1.656713e+01	-1.964375e+02
3.100000e-07	-2.367636e-06	-3.006363e-09	-1.635934e+01	-1.956018e+02
3.200000e-07	-2.336821e-06	-3.001340e-09	-1.614642e+01	-1.946802e+02
3.300000e-07	-2.305232e-06	-2.940011e-09	-1.592815e+01	-1.934805e+02
3.400000e-07	-2.272965e-06	-2.915854e-09	-1.570520e+01	-1.919845e+02
3.500000e-07	-2.240035e-06	-2.889854e-09	-1.547767e+01	-1.903531e+02
3.600000e-07	-2.206246e-06	-2.881917e-09	-1.524420e+01	-1.888074e+02
3.700000e-07	-2.171345e-06	-2.895610e-09	-1.500305e+01	-1.874741e+02
3.800000e-07	-2.135501e-06	-2.845391e-09	-1.475538e+01	-1.863037e+02
3.900000e-07	-2.098996e-06	-2.821153e-09	-1.450315e+01	-1.851134e+02
4.000000e-07	-2.061841e-06	-2.829100e-09	-1.424643e+01	-1.837197e+02
4.100000e-07	-2.023952e-06	-2.797924e-09	-1.398463e+01	-1.820643e+02
4.200000e-07	-1.985304e-06	-2.738223e-09	-1.371759e+01	-1.802471e+02
4.300000e-07	-1.945914e-06	-2.710775e-09	-1.344542e+01	-1.784488e+02
4.400000e-07	-1.905931e-06	-2.704668e-09	-1.316915e+01	-1.768032e+02
4.500000e-07	-1.865521e-06	-2.694862e-09	-1.288994e+01	-1.753091e+02
4.600000e-07	-1.824582e-06	-2.669443e-09	-1.260707e+01	-1.738401e+02
4.700000e-07	-1.782820e-06	-2.628165e-09	-1.231851e+01	-1.722372e+02
4.800000e-07	-1.740072e-06	-2.594892e-09	-1.202314e+01	-1.704164e+02
4.900000e-07	-1.696443e-06	-2.572062e-09	-1.172169e+01	-1.684156e+02
5.000000e-07	-1.652210e-06	-2.545622e-09	-1.141605e+01	-1.663563e+02
5.100000e-07	-1.607531e-06	-2.501142e-09	-1.110734e+01	-1.643536e+02
5.200000e-07	-1.562372e-06	-2.474979e-09	-1.079532e+01	-1.624414e+02
5.300000e-07	-1.516717e-06	-2.455911e-09	-1.047985e+01	-1.605620e+02
5.400000e-07	-1.470518e-06	-2.430512e-09	-1.016064e+01	-1.586183e+02
5.500000e-07	-1.423763e-06	-2.387677e-09	-9.837583e+00	-1.565470e+02
5.600000e-07	-1.376466e-06	-2.338162e-09	-9.510784e+00	-1.543564e+02
5.700000e-07	-1.328667e-06	-2.309755e-09	-9.180514e+00	-1.521094e+02
5.800000e-07	-1.280445e-06	-2.291243e-09	-8.847317e+00	-1.498705e+02
5.900000e-07	-1.231873e-06	-2.260066e-09	-8.511706e+00	-1.476590e+02
6.000000e-07	-1.182876e-06	-2.214237e-09	-8.173162e+00	-1.454427e+02
6.100000e-07	-1.133239e-06	-2.176238e-09	-7.830187e+00	-1.431707e+02
6.200000e-07	-1.082915e-06	-2.140460e-09	-7.482470e+00	-1.408161e+02
6.300000e-07	-1.031959e-06	-2.103468e-09	-7.130386e+00	-1.383936e+02
6.400000e-07	-9.805153e-07	-2.060262e-09	-6.774935e+00	-1.359421e+02
6.500000e-07	-9.286694e-07	-2.018285e-09	-6.416702e+00	-1.334866e+02
6.600000e-07	-8.764267e-07	-1.987290e-09	-6.055728e+00	-1.310132e+02
6.700000e-07	-8.238759e-07	-1.957899e-09	-5.692625e+00	-1.284747e+02
6.800000e-07	-7.710767e-07	-1.917506e-09	-5.327805e+00	-1.258244e+02
6.900000e-07	-7.179903e-07	-1.866238e-09	-4.961002e+00	-1.230506e+02
7.000000e-07	-6.645665e-07	-1.821614e-09	-4.591866e+00	-1.201858e+02
7.100000e-07	-6.108511e-07	-1.779776e-09	-4.220716e+00	-1.172854e+02
7.200000e-07	-5.569756e-07	-1.735885e-09	-3.848460e+00	-1.143896e+02
7.300000e-07	-5.029516e-07	-1.688473e-09	-3.475177e+00	-1.114963e+02
7.400000e-07	-4.487872e-07	-1.643031e-09	-3.100924e+00	-1.085636e+02
7.500000e-07	-3.945203e-07	-1.600677e-09	-2.725964e+00	-1.055380e+02
7.600000e-07	-3.401406e-07	-1.552923e-09	-2.350224e+00	-1.023877e+02
7.700000e-07	-2.856883e-07	-1.498295e-09	-1.973982e+00	-9.911950e+01
7.800000e-07	-2.311415e-07	-1.442963e-09	-1.597088e+00	-9.576882e+01
7.900000e-07	-1.765170e-07	-1.393730e-09	-1.219656e+00	-9.237161e+01
8.000000e-07	-1.218834e-07	-1.343459e-09	-8.421611e-01	-8.893874e+01
8.100000e-07	-6.724052e-08	-1.288568e-09	-4.646028e-01	-8.544885e+01
8.200000e-07	-1.256508e-08	-1.231266e-09	-8.681925e-02	-8.186314e+01
8.300000e-07	4.210650e-08	-1.176423e-09	2.909377e-01	-7.815105e+01
8.400000e-07	9.673174e-08	-1.120666e-09	6.683743e-01	-7.430970e+01
8.500000e-07	1.513678e-07	-1.060723e-09	1.045886e+00	-7.036554e+01
8.600000e-07	2.060034e-07	-9.976228e-10	1.423394e+00	-6.635784e+01
8.700000e-07	2.605771e-07	-9.350974e-10	1.800475e+00	-6.231438e+01
8.800000e-07	3.150928e-07	-8.759463e-10	2.177155e+00	-5.823319e+01
8.900000e-07	3.694825e-07	-8.144540e-10	2.552964e+00	-5.407990e+01
9.000000e-07	4.237607e-07	-7.479667e-10	2.928002e+00	-4.980140e+01
9.100000e-07	4.779691e-07	-6.785763e-10	3.302559e+00	-4.534831e+01
9.200000e-07	5.320526e-07	-6.100296e-10	3.676253e+00	-4.069484e+01
9.300000e-07	5.859267e-07	-5.397134e-10	4.048499e+00	-3.584694e+01
9.400000e-07	6.395725e-07	-4.642857e-10	4.419168e+00	-3.083529e+01
9.500000e-07	6.929214e-07	-3.838595e-10	4.787786e+00	-2.569720e+01
9.600000e-07	7.459134e-07	-3.017647e-10	5.153938e+00	-2.045601e+01
9.700000e-07	7.985953e-07	-2.216920e-10	5.517947e+00	-1.510730e+01
9.800000e-07	8.510236e-07	-1.387417e-10	5.880204e+00	-9.617361e+00
9.900000e-07	9.032471e-07	-5.034732e-11	6.241046e+00	-3.933873e+00
1.000000e-06	9.551179e-07	4.179673e-11	6.599450e+00	1.996468e+00
1.010000e-06	1.006510e-06	1.351794e-10	6.954549e+00	8.210519e+00
1.020000e-06	1.057323e-06	2.315776e-10	7.305644e+00	1.471735e+01
1.030000e-06	1.107449e-06	3.347950e-10	7.651995e+00	2.149591e+01
1.040000e-06	1.156904e-06	4.464478e-10	7.993702e+00	2.850172e+01
1.050000e-06	1.205815e-06	5.617516e-10	8.331660e+00	3.568030e+01
1.060000e-06	1.254368e-06	6.743047e-10	8.667137e+00	4.298371e+01
1.070000e-06	1.302657e-06	7.853034e-10	9.000793e+00	5.038435e+01
1.080000e-06	1.350631e-06	8.973600e-10	9.332271e+00	5.787966e+01
1.090000e-06	1.398179e-06	1.010770e-09	9.660807e+00	6.548243e+01
1.100000e-06	1.445199e-06	1.125515e-09	9.985699e+00	7.319771e+01
1.110000e-06	1.491646e-06	1.244642e-09	1.030662e+01	8.099505e+01
1.120000e-06	1.537546e-06	1.367659e-09	1.062378e+01	8.879149e+01
1.130000e-06	1.582846e-06	1.487861e-09	1.093678e+01	9.645830e+01
1.140000e-06	1.627631e-06	1.600157e-09	1.124622e+01	1.038542e+02
1.150000e-06	1.672079e-06	1.704275e-09	1.155334e+01	1.108715e+02
1.160000e-06	1.716211e-06	1.802394e-09	1.185828e+01	1.174722e+02
1.170000e-06	1.759807e-06	1.895722e-09	1.215950e+01	1.236924e+02
1.180000e-06	1.802529e-06	1.983696e-09	1.245469e+01	1.296115e+02
1.190000e-06	1.844278e-06	2.068552e-09	1.274316e+01	1.353017e+02
1.200000e-06	1.885206e-06	2.151567e-09	1.302596e+01	1.407871e+02
1.210000e-06	1.925532e-06	2.231992e-09	1.330459e+01	1.460352e+02
1.220000e-06	1.965341e-06	2.309141e-09	1.357966e+01	1.509835e+02
1.230000e-06	2.004485e-06	2.379658e-09	1.385012e+01	1.555833e+02
1.240000e-06	2.042929e-06	2.442380e-09	1.411575e+01	1.598305e+02
1.250000e-06	2.080673e-06	2.500076e-09	1.437655e+01	1.637667e+02
1.260000e-06	2.117689e-06	2.553647e-09	1.463231e+01	1.674514e+02
1.270000e-06	2.154141e-06	2.603320e-09	1.488418e+01	1.709278e+02
1.280000e-06	2.190070e-06	2.648939e-09	1.513244e+01	1.742055e+02
1.290000e-06	2.225109e-06	2.692852e-09	1.537454e+01	1.772699e+02
1.300000e-06	2.258991e-06	2.736116e-09	1.560865e+01	1.801075e+02
1.310000e-06	2.291913e-06	2.776272e-09	1.583613e+01	1.827272e+02
1.320000e-06	2.324121e-06	2.811696e-09	1.605866e+01	1.851595e+02
1.330000e-06	2.355649e-06	2.843561e-09	1.627651e+01	1.874390e+02
1.340000e-06	2.386397e-06	2.873988e-09	1.648897e+01	1.895831e+02
1.350000e-06	2.416285e-06	2.903712e-09	1.669548e+01	1.915861e+02
1.360000e-06	2.445364e-06	2.930813e-09	1.689640e+01	1.934339e+02
1.370000e-06	2.473811e-06	2.953931e-09	1.709296e+01	1.951258e+02
1.380000e-06	2.501567e-06	2.976682e-09	1.728474e+01	1.966868e+02
1.390000e-06	2.528198e-06	2.999428e-09	1.746875e+01	1.981599e+02
1.400000e-06	2.553567e-06	3.021318e-09	1.764404e+01	1.995831e+02
1.410000e-06	2.577968e-06	3.042972e-09	1.781264e+01	2.009693e+02
1.420000e-06	2.601537e-06	3.062744e-09	1.797549e+01	2.023034e+02
1.430000e-06	2.624232e-06	3.080498e-09	1.813231e+01	2.035567e+02
1.440000e-06	2.646023e-06	3.098246e-09	1.828287e+01	2.047072e+02
1.450000e-06	2.666982e-06	3.115745e-09	1.842769e+01	2.057504e+02
1.460000e-06	2.687164e-06	3.130978e-09	1.856714e+01	2.066954e+02
1.470000e-06	2.706493e-06	3.143003e-09	1.870069e+01	2.075540e+02
1.480000e-06	2.724858e-06	3.153577e-09	1.882759e+01	2.083346e+02
1.490000e-06	2.742236e-06	3.164772e-09	1.894766e+01	2.090482e+02
1.500000e-06	2.758660e-06	3.176504e-09	1.906114e+01	2.097158e+02
1.510000e-06	2.774009e-06	3.187459e-09	1.916720e+01	2.103676e+02
1.520000e-06	2.788264e-06	3.196028e-09	1.926570e+01	2.110262e+02
1.530000e-06	2.801477e-06	3.205316e-09	1.935699e+01	2.116847e+02
1.540000e-06	2.813622e-06	3.216703e-09	1.944091e+01	2.122990e+02
1.550000e-06	2.824505e-06	3.225094e-09	1.951611e+01	2.128082e+02
1.560000e-06	2.834092e-06	3.229241e-09	1.958235e+01	2.131731e+02
1.570000e-06	2.842679e-06	3.234001e-09	1.964168e+01	2.134098e+02
1.580000e-06	2.850376e-06	3.240468e-09	1.969486e+01	2.135892e+02
1.590000e-06	2.857119e-06	3.246461e-09	1.974145e+01	2.137975e+02
1.600000e-06	2.862864e-06	3.250028e-09	1.978115e+01	2.140826e+02
1.610000e-06	2.867740e-06	3.252279e-09	1.981484e+01	2.144208e+02
1.620000e-06	2.871781e-06	3.257046e-09	1.984276e+01	2.147315e+02
1.630000e-06	2.874685e-06	3.263536e-09	1.986282e+01	2.149293e+02
1.640000e-06	2.876329e-06	3.268078e-09	1.987418e+01	2.149794e+02
1.650000e-06	2.876954e-06	3.269562e-09	1.987850e+01	2.149142e+02
1.660000e-06	2.876685e-06	3.268372e-09	1.987665e+01	2.148032e+02
1.670000e-06	2.875473e-06	3.264384e-09	1.986827e+01	2.146983e+02
1.680000e-06	2.873342e-06	3.258600e-09	1.985354e+01	2.145996e+02
1.690000e-06	2.870386e-06	3.253466e-09	1.983312e+01	2.144683e+02
1.700000e-06	2.866615e-06	3.254102e-09	1.980707e+01	2.142732e+02
1.710000e-06	2.861821e-06	3.259164e-09	1.977394e+01	2.140310e+02
1.720000e-06	2.855864e-06	3.262596e-09	1.973278e+01	2.137981e+02
1.730000e-06	2.848941e-06	3.242118e-09	1.968495e+01	2.136172e+02
1.740000e-06	2.841145e-06	3.204968e-09	1.963108e+01	2.134571e+02
1.750000e-06	2.832117e-06	3.213759e-09	1.956870e+01	2.132051e+02
1.760000e-06	2.821519e-06	3.269484e-09	1.949547e+01	2.127320e+02
1.770000e-06	2.809851e-06	3.240396e-09	1.941485e+01	2.119945e+02
1.780000e-06	2.797934e-06	3.190364e-09	1.933251e+01	2.111021e+02
1.790000e-06	2.785388e-06	3.208859e-09	1.924582e+01	2.102847e+02
1.800000e-06	2.771333e-06	3.238779e-09	1.914871e+01	2.097659e+02
1.810000e-06	2.756036e-06	3.135022e-09	1.904301e+01	2.096156e+02
1.820000e-06	2.740045e-06	3.129663e-09	1.893252e+01	2.096820e+02
1.830000e-06	2.723011e-06	3.278744e-09	1.881483e+01	2.096622e+02
1.840000e-06	2.704689e-06	3.198464e-09	1.868823e+01	2.092747e+02
1.850000e-06	2.685555e-06	3.096844e-09	1.855602e+01	2.084304e+02
1.860000e-06	2.665736e-06	3.225222e-09	1.841908e+01	2.072867e+02
1.870000e-06	2.644780e-06	3.204817e-09	1.827428e+01	2.061465e+02
1.880000e-06	2.622665e-06	3.040294e-09	1.812148e+01	2.052636e+02
1.890000e-06	2.599533e-06	3.096889e-09	1.796164e+01	2.046830e+02
1.900000e-06	2.575360e-06	3.140595e-09	1.779462e+01	2.042197e+02
1.910000e-06	2.550435e-06	3.077318e-09	1.762240e+01	2.035898e+02
1.920000e-06	2.524786e-06	3.108498e-09	1.744517e+01	2.026036e+02
1.930000e-06	2.498231e-06	3.090176e-09	1.726169e+01	2.012887e+02
1.940000e-06	2.470950e-06	2.996666e-09	1.707319e+01	1.998644e+02
1.950000e-06	2.442844e-06	3.058850e-09	1.687899e+01	1.985863e+02
1.960000e-06	2.413545e-06	3.035530e-09	1.667655e+01	1.975727e+02
1.970000e-06	2.383199e-06	2.937265e-09	1.646687e+01	1.967307e+02
1.980000e-06	2.352026e-06	2.986450e-09	1.625148e+01	1.958292e+02
1.990000e-06	2.320121e-06	2.985580e-09	1.603103e+01	1.946631e+02
2.000000e-06	2.287570e-06	2.947647e-09	1.580611e+01	1.931932e+02
2.010000e-06	2.254208e-06	2.948461e-09	1.557560e+01	1.915649e+02
2.020000e-06	2.220032e-06	2.882136e-09	1.533946e+01	1.900006e+02
2.030000e-06	2.185219e-06	2.865603e-09	1.509892e+01	1.886432e+02
2.040000e-06	2.149753e-06	2.890108e-09	1.485386e+01	1.874621e+02
2.050000e-06	2.113548e-06	2.822360e-09	1.460370e+01	1.862834e+02
2.060000e-06	2.076433e-06	2.795663e-09	1.434725e+01	1.849167e+02
2.070000e-06	2.038296e-06	2.801982e-09	1.408374e+01	1.832865e+02
2.080000e-06	1.999324e-06	2.781204e-09	1.381446e+01	1.814778e+02
2.090000e-06	1.959742e-06	2.762718e-09	1.354097e+01	1.796687e+02
2.100000e-06	1.919555e-06	2.713004e-09	1.326329e+01	1.780036e+02
2.110000e-06	1.878749e-06	2.680096e-09	1.298134e+01	1.764971e+02
2.120000e-06	1.837333e-06	2.667307e-09	1.269518e+01	1.750328e+02
2.130000e-06	1.795273e-06	2.643961e-09	1.240456e+01	1.734498e+02
2.140000e-06	1.752606e-06	2.626774e-09	1.210975e+01	1.716521e+02
2.150000e-06	1.709439e-06	2.591825e-09	1.181148e+01	1.696650e+02
2.160000e-06	1.665803e-06	2.561308e-09	1.150998e+01	1.676050e+02
2.170000e-06	1.621632e-06	2.542867e-09	1.120477e+01	1.655923e+02
2.180000e-06	1.576868e-06	2.498609e-09	1.089548e+01	1.636713e+02
2.190000e-06	1.531478e-06	2.462458e-09	1.058185e+01	1.617924e+02
2.200000e-06	1.485520e-06	2.435334e-09	1.026430e+01	1.598592e+02
2.210000e-06	1.439093e-06	2.413702e-09	9.943510e+00	1.578020e+02
2.220000e-06	1.392200e-06	2.401545e-09	9.619500e+00	1.556211e+02
2.230000e-06	1.344781e-06	2.351283e-09	9.291856e+00	1.533761e+02
2.240000e-06	1.296844e-06	2.306126e-09	8.960627e+00	1.511339e+02
2.250000e-06	1.248359e-06	2.279823e-09	8.625616e+00	1.489197e+02
2.260000e-06	1.199347e-06	2.247022e-09	8.286967e+00	1.467058e+02
2.270000e-06	1.149889e-06	2.216671e-09	7.945232e+00	1.444413e+02
2.280000e-06	1.100014e-06	2.176699e-09	7.600621e+00	1.420949e+02
2.290000e-06	1.049722e-06	2.144132e-09	7.253121e+00	1.396775e+02
2.300000e-06	9.989760e-07	2.116857e-09	6.902491e+00	1.372268e+02
2.310000e-06	9.478680e-07	2.075695e-09	6.549356e+00	1.347711e+02
2.320000e-06	8.965100e-07	2.030215e-09	6.194495e+00	1.323009e+02
2.330000e-06	8.449044e-07	1.988533e-09	5.837923e+00	1.297714e+02
2.340000e-06	7.929474e-07	1.954191e-09	5.478922e+00	1.271340e+02
2.350000e-06	7.404730e-07	1.918728e-09	5.116347e+00	1.243719e+02
2.360000e-06	6.875723e-07	1.871001e-09	4.750826e+00	1.215138e+02
2.370000e-06	6.343584e-07	1.824321e-09	4.383141e+00	1.186142e+02
2.380000e-06	5.807296e-07	1.782001e-09	4.012590e+00	1.157166e+02
2.390000e-06	5.267464e-07	1.741564e-09	3.639589e+00	1.128239e+02
2.400000e-06	4.725061e-07	1.698291e-09	3.264812e+00	1.098976e+02
2.410000e-06	4.180345e-07	1.646546e-09	2.888437e+00	1.068835e+02
2.420000e-06	3.633889e-07	1.600745e-09	2.510859e+00	1.037464e+02
2.430000e-06	3.085342e-07	1.555690e-09	2.131837e+00	1.004889e+02
2.440000e-06	2.535460e-07	1.506048e-09	1.751893e+00	9.714457e+01
2.450000e-06	1.984984e-07	1.452642e-09	1.371538e+00	9.375069e+01
2.460000e-06	1.433891e-07	1.396759e-09	9.907568e-01	9.032161e+01
2.470000e-06	8.829194e-08	1.344906e-09	6.100590e-01	8.683903e+01
2.480000e-06	3.318953e-08	1.292041e-09	2.293253e-01	8.326487e+01
2.490000e-06	-2.192082e-08	1.235971e-09	-1.514633e-01	7.956648e+01
2.500000e-06	-7.699958e-08	1.176492e-09	-5.320337e-01	7.573760e+01
2.510000e-06	-1.320882e-07	1.115496e-09	-9.126724e-01	7.180205e+01
2.520000e-06	-1.871637e-07	1.055453e-09	-1.293220e+00	6.779889e+01
2.530000e-06	-2.421635e-07	9.952705e-10	-1.673244e+00	6.375820e+01
2.540000e-06	-2.970625e-07	9.319682e-10	-2.052573e+00	5.968165e+01
2.550000e-06	-3.518712e-07	8.675377e-10	-2.431277e+00	5.553792e+01
2.560000e-06	-4.065892e-07	8.033965e-10	-2.809355e+00	5.127492e+01
2.570000e-06	-4.610813e-07	7.364178e-10	-3.185871e+00	4.684176e+01
2.580000e-06	-5.152724e-07	6.641332e-10	-3.560308e+00	4.220948e+01
2.590000e-06	-5.691790e-07	5.870488e-10	-3.932780e+00	3.738071e+01
2.600000e-06	-6.227443e-07	5.095833e-10	-4.302893e+00	3.238421e+01
2.610000e-06	-6.759460e-07	4.330980e-10	-4.670494e+00	2.725760e+01
2.620000e-06	-7.287687e-07	3.565664e-10	-5.035476e+00	2.202658e+01
2.630000e-06	-7.810807e-07	2.756166e-10	-5.396929e+00	1.668999e+01
2.640000e-06	-8.330046e-07	1.905140e-10	-5.755700e+00	1.121695e+01
2.650000e-06	-8.846681e-07	1.034656e-10	-6.112673e+00	5.556343e+00
2.660000e-06	-9.359992e-07	1.400773e-11	-6.467348e+00	-3.459177e-01
2.670000e-06	-9.870339e-07	-8.009131e-11	-6.819976e+00	-6.529139e+00
2.680000e-06	-1.037772e-06	-1.807109e-10	-7.170553e+00	-1.300564e+01
2.690000e-06	-1.088088e-06	-2.826080e-10	-7.518215e+00	-1.975745e+01
2.700000e-06	-1.137929e-06	-3.847537e-10	-7.862596e+00	-2.674202e+01
2.710000e-06	-1.187368e-06	-4.913631e-10	-8.204195e+00	-3.390518e+01
2.720000e-06	-1.236401e-06	-6.045875e-10	-8.542991e+00	-4.119752e+01
2.730000e-06	-1.284848e-06	-7.202224e-10	-8.877743e+00	-4.858882e+01
2.740000e-06	-1.332522e-06	-8.353883e-10	-9.207148e+00	-5.607404e+01
2.750000e-06	-1.379416e-06	-9.512942e-10	-9.531163e+00	-6.366523e+01
2.760000e-06	-1.425663e-06	-1.069431e-09	-9.850713e+00	-7.136962e+01
2.770000e-06	-1.471477e-06	-1.189086e-09	-1.016727e+01	-7.916171e+01
2.780000e-06	-1.516983e-06	-1.308149e-09	-1.048169e+01	-8.696433e+01
2.790000e-06	-1.562123e-06	-1.424685e-09	-1.079359e+01	-9.465249e+01
2.800000e-06	-1.606762e-06	-1.537555e-09	-1.110203e+01	-1.020841e+02
2.810000e-06	-1.650800e-06	-1.646957e-09	-1.140631e+01	-1.091457e+02
2.820000e-06	-1.694335e-06	-1.751497e-09	-1.170712e+01	-1.157910e+02
2.830000e-06	-1.737517e-06	-1.849658e-09	-1.200549e+01	-1.220491e+02
2.840000e-06	-1.780213e-06	-1.942103e-09	-1.230050e+01	-1.279970e+02
2.850000e-06	-1.822264e-06	-2.030446e-09	-1.259105e+01	-1.337101e+02
2.860000e-06	-1.863744e-06	-2.113870e-09	-1.287766e+01	-1.392187e+02
2.870000e-06	-1.904628e-06	-2.192704e-09	-1.316015e+01	-1.444955e+02
2.880000e-06	-1.944784e-06	-2.267182e-09	-1.343761e+01	-1.494795e+02
2.890000e-06	-1.984335e-06	-2.337980e-09	-1.371089e+01	-1.541182e+02
2.900000e-06	-2.023379e-06	-2.406280e-09	-1.398067e+01	-1.584024e+02
2.910000e-06	-2.061720e-06	-2.471420e-09	-1.424559e+01	-1.623696e+02
2.920000e-06	-2.099074e-06	-2.532942e-09	-1.450369e+01	-1.660792e+02
2.930000e-06	-2.135399e-06	-2.590582e-09	-1.475468e+01	-1.695774e+02
2.940000e-06	-2.170926e-06	-2.643461e-09	-1.500016e+01	-1.728774e+02
2.950000e-06	-2.205785e-06	-2.690989e-09	-1.524102e+01	-1.759661e+02
2.960000e-06	-2.239901e-06	-2.733915e-09	-1.547674e+01	-1.788286e+02
2.970000e-06	-2.273204e-06	-2.775060e-09	-1.570685e+01	-1.814710e+02
2.980000e-06	-2.305716e-06	-2.815515e-09	-1.593149e+01	-1.839221e+02
2.990000e-06	-2.337523e-06	-2.853592e-09	-1.615127e+01	-1.862173e+02
3.000000e-06	-2.368641e-06	-2.888321e-09	-1.636628e+01	-1.883763e+02
3.010000e-06	-2.398868e-06	-2.920339e-09	-1.657514e+01	-1.903958e+02
3.020000e-06	-2.427931e-06	-2.949951e-09	-1.677595e+01	-1.922612e+02
3.030000e-06	-2.455937e-06	-2.977954e-09	-1.696946e+01	-1.939696e+02
3.040000e-06	-2.483173e-06	-3.003828e-09	-1.715764e+01	-1.955433e+02
3.050000e-06	-2.509634e-06	-3.026616e-09	-1.734048e+01	-1.970242e+02
3.060000e-06	-2.535252e-06	-3.047272e-09	-1.751749e+01	-1.984521e+02
3.070000e-06	-2.560012e-06	-3.067948e-09	-1.768857e+01	-1.998432e+02
3.080000e-06	-2.583956e-06	-3.087525e-09	-1.785402e+01	-2.011847e+02
3.090000e-06	-2.607153e-06	-3.106817e-09	-1.801429e+01	-2.024485e+02
3.100000e-06	-2.629401e-06	-3.126296e-09	-1.816802e+01	-2.036111e+02
3.110000e-06	-2.650412e-06	-3.145425e-09	-1.831320e+01	-2.046660e+02
3.120000e-06	-2.670307e-06	-3.161516e-09	-1.845066e+01	-2.056216e+02
3.130000e-06	-2.689367e-06	-3.172640e-09	-1.858236e+01	-2.064894e+02
3.140000e-06	-2.707609e-06	-3.182124e-09	-1.870840e+01	-2.072786e+02
3.150000e-06	-2.724935e-06	-3.191572e-09	-1.882812e+01	-2.079991e+02
3.160000e-06	-2.741302e-06	-3.200888e-09	-1.894120e+01	-2.086708e+02
3.170000e-06	-2.756848e-06	-3.209991e-09	-1.904863e+01	-2.093234e+02
3.180000e-06	-2.771511e-06	-3.220682e-09	-1.914994e+01	-2.099815e+02
3.190000e-06	-2.784885e-06	-3.231849e-09	-1.924234e+01	-2.106420e+02
3.200000e-06	-2.796922e-06	-3.241416e-09	-1.932551e+01	-2.112646e+02
3.210000e-06	-2.807825e-06	-3.248304e-09	-1.940085e+01	-2.117882e+02
3.220000e-06	-2.817726e-06	-3.252514e-09	-1.946926e+01	-2.121694e+02
3.230000e-06	-2.826712e-06	-3.254282e-09	-1.953136e+01	-2.124178e+02
3.240000e-06	-2.834808e-06	-3.254400e-09	-1.958729e+01	-2.125995e+02
3.250000e-06	-2.842041e-06	-3.256023e-09	-1.963727e+01	-2.128019e+02
3.260000e-06	-2.848185e-06	-3.260258e-09	-1.967972e+01	-2.130791e+02
3.270000e-06	-2.853051e-06	-3.265926e-09	-1.971334e+01	-2.134154e+02
3.280000e-06	-2.856857e-06	-3.270260e-09	-1.973964e+01	-2.137341e+02
3.290000e-06	-2.859794e-06	-3.272074e-09	-1.975994e+01	-2.139475e+02
3.300000e-06	-2.861865e-06	-3.272247e-09	-1.977424e+01	-2.140135e+02
3.310000e-06	-2.862983e-06	-3.270024e-09	-1.978197e+01	-2.139581e+02
3.320000e-06	-2.863151e-06	-3.267606e-09	-1.978313e+01	-2.138493e+02
