# Temperatura_=_30.22
# Concentracion g/m^3_=_15500.0
# C_Vs_to_Am_M_A/Vsm_=_65563218390.804596
# pendiente_HvsI_1/m_=_3716.3
# ordenada_HvsI_A/m_=_1297.0
# frecuencia_Hz_=_300977.5006512508

Tiempo_(s)	Campo_(V.s)	Magnetizacion_(V.s)	Campo_(kA/m)	Magnetizacion_(A/m)
0.000000e+00	-2.857764e-06	-3.316060e-09	-1.978203e+01	-2.173398e+02
1.000000e-08	-2.856667e-06	-3.317946e-09	-1.977444e+01	-2.173679e+02
2.000000e-08	-2.854581e-06	-3.315824e-09	-1.976000e+01	-2.173357e+02
3.000000e-08	-2.851167e-06	-3.312696e-09	-1.973637e+01	-2.171633e+02
4.000000e-08	-2.846740e-06	-3.309282e-09	-1.970572e+01	-2.168367e+02
5.000000e-08	-2.841598e-06	-3.303456e-09	-1.967012e+01	-2.164336e+02
6.000000e-08	-2.835539e-06	-3.293568e-09	-1.962819e+01	-2.160764e+02
7.000000e-08	-2.828493e-06	-3.287684e-09	-1.957941e+01	-2.158398e+02
8.000000e-08	-2.820493e-06	-3.343168e-09	-1.952404e+01	-2.156801e+02
9.000000e-08	-2.811304e-06	-3.374397e-09	-1.946042e+01	-2.154476e+02
1.000000e-07	-2.800590e-06	-3.292880e-09	-1.938626e+01	-2.149850e+02
1.100000e-07	-2.788670e-06	-3.119615e-09	-1.930375e+01	-2.142485e+02
1.200000e-07	-2.776055e-06	-3.225355e-09	-1.921642e+01	-2.133592e+02
1.300000e-07	-2.762553e-06	-3.388581e-09	-1.912296e+01	-2.125372e+02
1.400000e-07	-2.747992e-06	-3.225194e-09	-1.902217e+01	-2.119532e+02
1.500000e-07	-2.732540e-06	-3.149733e-09	-1.891521e+01	-2.115989e+02
1.600000e-07	-2.715867e-06	-3.337176e-09	-1.879979e+01	-2.112757e+02
1.700000e-07	-2.697865e-06	-3.322085e-09	-1.867517e+01	-2.107203e+02
1.800000e-07	-2.679127e-06	-3.077959e-09	-1.854547e+01	-2.097894e+02
1.900000e-07	-2.659719e-06	-3.224240e-09	-1.841112e+01	-2.085740e+02
2.000000e-07	-2.639341e-06	-3.272712e-09	-1.827006e+01	-2.073549e+02
2.100000e-07	-2.618069e-06	-3.016869e-09	-1.812281e+01	-2.064218e+02
2.200000e-07	-2.596019e-06	-3.165185e-09	-1.797018e+01	-2.058736e+02
2.300000e-07	-2.572993e-06	-3.339357e-09	-1.781079e+01	-2.055417e+02
2.400000e-07	-2.548955e-06	-3.113268e-09	-1.764439e+01	-2.050920e+02
2.500000e-07	-2.524255e-06	-3.076083e-09	-1.747341e+01	-2.042439e+02
2.600000e-07	-2.498759e-06	-3.138750e-09	-1.729692e+01	-2.029549e+02
2.700000e-07	-2.472009e-06	-3.070904e-09	-1.711176e+01	-2.014464e+02
2.800000e-07	-2.444092e-06	-3.092450e-09	-1.691851e+01	-2.000509e+02
2.900000e-07	-2.415355e-06	-3.059355e-09	-1.671958e+01	-1.989859e+02
3.000000e-07	-2.385852e-06	-3.001582e-09	-1.651536e+01	-1.982110e+02
3.100000e-07	-2.355633e-06	-3.086008e-09	-1.630618e+01	-1.974644e+02
3.200000e-07	-2.324736e-06	-3.082660e-09	-1.609230e+01	-1.964489e+02
3.300000e-07	-2.293022e-06	-2.924246e-09	-1.587277e+01	-1.950374e+02
3.400000e-07	-2.260596e-06	-2.956094e-09	-1.564831e+01	-1.933537e+02
3.500000e-07	-2.227596e-06	-2.952184e-09	-1.541988e+01	-1.916792e+02
3.600000e-07	-2.193725e-06	-2.892593e-09	-1.518542e+01	-1.902550e+02
3.700000e-07	-2.158618e-06	-2.955996e-09	-1.494240e+01	-1.891216e+02
3.800000e-07	-2.122506e-06	-2.902132e-09	-1.469242e+01	-1.881035e+02
3.900000e-07	-2.085830e-06	-2.825718e-09	-1.443855e+01	-1.869429e+02
4.000000e-07	-2.048501e-06	-2.878368e-09	-1.418015e+01	-1.854806e+02
4.100000e-07	-2.010394e-06	-2.855548e-09	-1.391636e+01	-1.837565e+02
4.200000e-07	-1.971568e-06	-2.736813e-09	-1.364760e+01	-1.819648e+02
4.300000e-07	-1.932002e-06	-2.748298e-09	-1.337371e+01	-1.803049e+02
4.400000e-07	-1.891820e-06	-2.771024e-09	-1.309557e+01	-1.788402e+02
4.500000e-07	-1.851236e-06	-2.747216e-09	-1.281464e+01	-1.774638e+02
4.600000e-07	-1.810215e-06	-2.708500e-09	-1.253068e+01	-1.759877e+02
4.700000e-07	-1.768389e-06	-2.658849e-09	-1.224115e+01	-1.742832e+02
4.800000e-07	-1.725441e-06	-2.622504e-09	-1.194386e+01	-1.723688e+02
4.900000e-07	-1.681558e-06	-2.614160e-09	-1.164009e+01	-1.703858e+02
5.000000e-07	-1.637201e-06	-2.594889e-09	-1.133304e+01	-1.684865e+02
5.100000e-07	-1.592504e-06	-2.539338e-09	-1.102364e+01	-1.667215e+02
5.200000e-07	-1.547320e-06	-2.527424e-09	-1.071087e+01	-1.650072e+02
5.300000e-07	-1.501545e-06	-2.512073e-09	-1.039401e+01	-1.631927e+02
5.400000e-07	-1.455180e-06	-2.477443e-09	-1.007305e+01	-1.611716e+02
5.500000e-07	-1.408280e-06	-2.419387e-09	-9.748406e+00	-1.589558e+02
5.600000e-07	-1.360864e-06	-2.372234e-09	-9.420179e+00	-1.566621e+02
5.700000e-07	-1.312991e-06	-2.354734e-09	-9.088797e+00	-1.544251e+02
5.800000e-07	-1.264737e-06	-2.347865e-09	-8.754771e+00	-1.523030e+02
5.900000e-07	-1.216148e-06	-2.311488e-09	-8.418430e+00	-1.502436e+02
6.000000e-07	-1.167149e-06	-2.252545e-09	-8.079244e+00	-1.481275e+02
6.100000e-07	-1.117556e-06	-2.219660e-09	-7.735951e+00	-1.458541e+02
6.200000e-07	-1.067234e-06	-2.185813e-09	-7.387612e+00	-1.434064e+02
6.300000e-07	-1.016271e-06	-2.150803e-09	-7.034836e+00	-1.408530e+02
6.400000e-07	-9.647816e-07	-2.101391e-09	-6.678417e+00	-1.382925e+02
6.500000e-07	-9.128243e-07	-2.061368e-09	-6.318758e+00	-1.357835e+02
6.600000e-07	-8.605443e-07	-2.036475e-09	-5.956865e+00	-1.333097e+02
6.700000e-07	-8.080194e-07	-2.006363e-09	-5.593277e+00	-1.307980e+02
6.800000e-07	-7.552812e-07	-1.954449e-09	-5.228212e+00	-1.281717e+02
6.900000e-07	-7.022332e-07	-1.896534e-09	-4.861003e+00	-1.253976e+02
7.000000e-07	-6.488529e-07	-1.860151e-09	-4.491493e+00	-1.224995e+02
7.100000e-07	-5.952099e-07	-1.822986e-09	-4.120166e+00	-1.195345e+02
7.200000e-07	-5.413972e-07	-1.777014e-09	-3.747663e+00	-1.165537e+02
7.300000e-07	-4.874398e-07	-1.720362e-09	-3.374158e+00	-1.135752e+02
7.400000e-07	-4.332707e-07	-1.672708e-09	-2.999189e+00	-1.105813e+02
7.500000e-07	-3.789673e-07	-1.631097e-09	-2.623290e+00	-1.075353e+02
7.600000e-07	-3.245825e-07	-1.586201e-09	-2.246827e+00	-1.044021e+02
7.700000e-07	-2.701267e-07	-1.529657e-09	-1.869872e+00	-1.011606e+02
7.800000e-07	-2.155754e-07	-1.472646e-09	-1.492258e+00	-9.780534e+01
7.900000e-07	-1.609293e-07	-1.425704e-09	-1.113986e+00	-9.434242e+01
8.000000e-07	-1.062649e-07	-1.371418e-09	-7.355877e-01	-9.078472e+01
8.100000e-07	-5.156123e-08	-1.311606e-09	-3.569175e-01	-8.714748e+01
8.200000e-07	3.137041e-09	-1.248099e-09	2.171524e-02	-8.344327e+01
8.300000e-07	5.779111e-08	-1.194138e-09	4.000420e-01	-7.967674e+01
8.400000e-07	1.124392e-07	-1.142803e-09	7.783271e-01	-7.584236e+01
8.500000e-07	1.670889e-07	-1.088059e-09	1.156624e+00	-7.192787e+01
8.600000e-07	2.217234e-07	-1.024157e-09	1.534815e+00	-6.792172e+01
8.700000e-07	2.763042e-07	-9.560327e-10	1.912634e+00	-6.381829e+01
8.800000e-07	3.307917e-07	-8.931922e-10	2.289808e+00	-5.961530e+01
8.900000e-07	3.851193e-07	-8.274248e-10	2.665875e+00	-5.530461e+01
9.000000e-07	4.392544e-07	-7.579216e-10	3.040609e+00	-5.086480e+01
9.100000e-07	4.932849e-07	-6.864647e-10	3.414620e+00	-4.626477e+01
9.200000e-07	5.472195e-07	-6.191663e-10	3.787966e+00	-4.147939e+01
9.300000e-07	6.009497e-07	-5.466656e-10	4.159898e+00	-3.650717e+01
9.400000e-07	6.543568e-07	-4.679899e-10	4.529593e+00	-3.137460e+01
9.500000e-07	7.074946e-07	-3.834246e-10	4.897424e+00	-2.611937e+01
9.600000e-07	7.603878e-07	-2.986608e-10	5.263561e+00	-2.076015e+01
9.700000e-07	8.129891e-07	-2.180153e-10	5.627678e+00	-1.527278e+01
9.800000e-07	8.653709e-07	-1.323656e-10	5.990276e+00	-9.591502e+00
9.900000e-07	9.174573e-07	-3.867864e-11	6.350828e+00	-3.637816e+00
1.000000e-06	9.691406e-07	6.007258e-11	6.708591e+00	2.639942e+00
1.010000e-06	1.020245e-06	1.561664e-10	7.062348e+00	9.241727e+00
1.020000e-06	1.070631e-06	2.564301e-10	7.411131e+00	1.612196e+01
1.030000e-06	1.120359e-06	3.642939e-10	7.755354e+00	2.322186e+01
1.040000e-06	1.169529e-06	4.809334e-10	8.095720e+00	3.050511e+01
1.050000e-06	1.218318e-06	5.980681e-10	8.433446e+00	3.797257e+01
1.060000e-06	1.266844e-06	7.127190e-10	8.769354e+00	4.564683e+01
1.070000e-06	1.315091e-06	8.314711e-10	9.103328e+00	5.353876e+01
1.080000e-06	1.362908e-06	9.550480e-10	9.434333e+00	6.161932e+01
1.090000e-06	1.410154e-06	1.078720e-09	9.761373e+00	6.981421e+01
1.100000e-06	1.456846e-06	1.200495e-09	1.008459e+01	7.802179e+01
1.110000e-06	1.503016e-06	1.324761e-09	1.040418e+01	8.613963e+01
1.120000e-06	1.548643e-06	1.446610e-09	1.072003e+01	9.408262e+01
1.130000e-06	1.593770e-06	1.564780e-09	1.103240e+01	1.017858e+02
1.140000e-06	1.638521e-06	1.675191e-09	1.134218e+01	1.091985e+02
1.150000e-06	1.682940e-06	1.778021e-09	1.164965e+01	1.162800e+02
1.160000e-06	1.726865e-06	1.876240e-09	1.195371e+01	1.230039e+02
1.170000e-06	1.770043e-06	1.971987e-09	1.225260e+01	1.293634e+02
1.180000e-06	1.812258e-06	2.066611e-09	1.254482e+01	1.353718e+02
1.190000e-06	1.853538e-06	2.155438e-09	1.283057e+01	1.410502e+02
1.200000e-06	1.894210e-06	2.236987e-09	1.311211e+01	1.464127e+02
1.210000e-06	1.934406e-06	2.311546e-09	1.339036e+01	1.514592e+02
1.220000e-06	1.973968e-06	2.381220e-09	1.366422e+01	1.561825e+02
1.230000e-06	2.012866e-06	2.444345e-09	1.393347e+01	1.605849e+02
1.240000e-06	2.051086e-06	2.503453e-09	1.419804e+01	1.646900e+02
1.250000e-06	2.088546e-06	2.561268e-09	1.445735e+01	1.685377e+02
1.260000e-06	2.125345e-06	2.616203e-09	1.471208e+01	1.721652e+02
1.270000e-06	2.161672e-06	2.666598e-09	1.496354e+01	1.755877e+02
1.280000e-06	2.197349e-06	2.712028e-09	1.521050e+01	1.787956e+02
1.290000e-06	2.231929e-06	2.754771e-09	1.544987e+01	1.817714e+02
1.300000e-06	2.265370e-06	2.793523e-09	1.568136e+01	1.845129e+02
1.310000e-06	2.298025e-06	2.829868e-09	1.590740e+01	1.870455e+02
1.320000e-06	2.330023e-06	2.862809e-09	1.612890e+01	1.894107e+02
1.330000e-06	2.361223e-06	2.894587e-09	1.634487e+01	1.916417e+02
1.340000e-06	2.391633e-06	2.925886e-09	1.655537e+01	1.937439e+02
1.350000e-06	2.421309e-06	2.955057e-09	1.676080e+01	1.956985e+02
1.360000e-06	2.450232e-06	2.981004e-09	1.696101e+01	1.974880e+02
1.370000e-06	2.478465e-06	3.004619e-09	1.715645e+01	1.991225e+02
1.380000e-06	2.505777e-06	3.028202e-09	1.734550e+01	2.006460e+02
1.390000e-06	2.531793e-06	3.050333e-09	1.752559e+01	2.021141e+02
1.400000e-06	2.556732e-06	3.071160e-09	1.769823e+01	2.035595e+02
1.410000e-06	2.580863e-06	3.090248e-09	1.786527e+01	2.049699e+02
1.420000e-06	2.604083e-06	3.109155e-09	1.802600e+01	2.062982e+02
1.430000e-06	2.626420e-06	3.127205e-09	1.818062e+01	2.074971e+02
1.440000e-06	2.647930e-06	3.143550e-09	1.832952e+01	2.085537e+02
1.450000e-06	2.668691e-06	3.158746e-09	1.847323e+01	2.094989e+02
1.460000e-06	2.688660e-06	3.172703e-09	1.861146e+01	2.103852e+02
1.470000e-06	2.707607e-06	3.186373e-09	1.874262e+01	2.112499e+02
1.480000e-06	2.725495e-06	3.200305e-09	1.886644e+01	2.120938e+02
1.490000e-06	2.742462e-06	3.213496e-09	1.898388e+01	2.128885e+02
1.500000e-06	2.758407e-06	3.225741e-09	1.909426e+01	2.136049e+02
1.510000e-06	2.773243e-06	3.237779e-09	1.919696e+01	2.142387e+02
1.520000e-06	2.787105e-06	3.247685e-09	1.929291e+01	2.148120e+02
1.530000e-06	2.799987e-06	3.255103e-09	1.938208e+01	2.153518e+02
1.540000e-06	2.811723e-06	3.261680e-09	1.946332e+01	2.158660e+02
1.550000e-06	2.822137e-06	3.268692e-09	1.953542e+01	2.163381e+02
1.560000e-06	2.831329e-06	3.275954e-09	1.959904e+01	2.167458e+02
1.570000e-06	2.839635e-06	3.283675e-09	1.965654e+01	2.170856e+02
1.580000e-06	2.847083e-06	3.291485e-09	1.970810e+01	2.173802e+02
1.590000e-06	2.853541e-06	3.297689e-09	1.975280e+01	2.176597e+02
1.600000e-06	2.859069e-06	3.301687e-09	1.979106e+01	2.179320e+02
1.610000e-06	2.863791e-06	3.303174e-09	1.982375e+01	2.181695e+02
1.620000e-06	2.867613e-06	3.304667e-09	1.985021e+01	2.183284e+02
1.630000e-06	2.870127e-06	3.307847e-09	1.986761e+01	2.183873e+02
1.640000e-06	2.871379e-06	3.310367e-09	1.987627e+01	2.183728e+02
1.650000e-06	2.871700e-06	3.312606e-09	1.987850e+01	2.183455e+02
1.660000e-06	2.871113e-06	3.313351e-09	1.987443e+01	2.183525e+02
1.670000e-06	2.869606e-06	3.309216e-09	1.986400e+01	2.183820e+02
1.680000e-06	2.867221e-06	3.305097e-09	1.984749e+01	2.183608e+02
1.690000e-06	2.864046e-06	3.301858e-09	1.982552e+01	2.182058e+02
1.700000e-06	2.860128e-06	3.300369e-09	1.979840e+01	2.178937e+02
1.710000e-06	2.855120e-06	3.301419e-09	1.976373e+01	2.174931e+02
1.720000e-06	2.848858e-06	3.309468e-09	1.972039e+01	2.171260e+02
1.730000e-06	2.841733e-06	3.301006e-09	1.967106e+01	2.168764e+02
1.740000e-06	2.833797e-06	3.206531e-09	1.961613e+01	2.167144e+02
1.750000e-06	2.824431e-06	3.189818e-09	1.955130e+01	2.164983e+02
1.760000e-06	2.813369e-06	3.332739e-09	1.947472e+01	2.160654e+02
1.770000e-06	2.801456e-06	3.379234e-09	1.939226e+01	2.153554e+02
1.780000e-06	2.789544e-06	3.244436e-09	1.930980e+01	2.144728e+02
1.790000e-06	2.776802e-06	3.119884e-09	1.922160e+01	2.136334e+02
1.800000e-06	2.762211e-06	3.324936e-09	1.912059e+01	2.130206e+02
1.810000e-06	2.746575e-06	3.246594e-09	1.901236e+01	2.126486e+02
1.820000e-06	2.730562e-06	3.051661e-09	1.890151e+01	2.123352e+02
1.830000e-06	2.713312e-06	3.282018e-09	1.878210e+01	2.118152e+02
1.840000e-06	2.694669e-06	3.327697e-09	1.865306e+01	2.109248e+02
1.850000e-06	2.675453e-06	3.083253e-09	1.852004e+01	2.097287e+02
1.860000e-06	2.655485e-06	3.165631e-09	1.838182e+01	2.084946e+02
1.870000e-06	2.634112e-06	3.337921e-09	1.823387e+01	2.075216e+02
1.880000e-06	2.611682e-06	3.054693e-09	1.807860e+01	2.069359e+02
1.890000e-06	2.588422e-06	2.986202e-09	1.791759e+01	2.065957e+02
1.900000e-06	2.564102e-06	3.240532e-09	1.774925e+01	2.061751e+02
1.910000e-06	2.539098e-06	3.148232e-09	1.757616e+01	2.053769e+02
1.920000e-06	2.513360e-06	3.054000e-09	1.739800e+01	2.041286e+02
1.930000e-06	2.486661e-06	3.139132e-09	1.721318e+01	2.026280e+02
1.940000e-06	2.459345e-06	3.021172e-09	1.702409e+01	2.012064e+02
1.950000e-06	2.431148e-06	3.086059e-09	1.682891e+01	2.001031e+02
1.960000e-06	2.401580e-06	3.081815e-09	1.662423e+01	1.993071e+02
1.970000e-06	2.370981e-06	2.893329e-09	1.641242e+01	1.985731e+02
1.980000e-06	2.339631e-06	3.021635e-09	1.619540e+01	1.975969e+02
1.990000e-06	2.307580e-06	3.077282e-09	1.597355e+01	1.962263e+02
2.000000e-06	2.274855e-06	2.909857e-09	1.574701e+01	1.945598e+02
2.010000e-06	2.241245e-06	2.973696e-09	1.551436e+01	1.928704e+02
2.020000e-06	2.206879e-06	2.947399e-09	1.527647e+01	1.914134e+02
2.030000e-06	2.171983e-06	2.821622e-09	1.503491e+01	1.902543e+02
2.040000e-06	2.136383e-06	2.922099e-09	1.478849e+01	1.892364e+02
2.050000e-06	2.099938e-06	2.866436e-09	1.453621e+01	1.881019e+02
2.060000e-06	2.062610e-06	2.778264e-09	1.427781e+01	1.866738e+02
2.070000e-06	2.024244e-06	2.856898e-09	1.401223e+01	1.849703e+02
2.080000e-06	1.985094e-06	2.822295e-09	1.374123e+01	1.831751e+02
2.090000e-06	1.945422e-06	2.764455e-09	1.346661e+01	1.814950e+02
2.100000e-06	1.905076e-06	2.741982e-09	1.318733e+01	1.800120e+02
2.110000e-06	1.864072e-06	2.686747e-09	1.290349e+01	1.786351e+02
2.120000e-06	1.822530e-06	2.697646e-09	1.261593e+01	1.771781e+02
2.130000e-06	1.780391e-06	2.695648e-09	1.232423e+01	1.755001e+02
2.140000e-06	1.737625e-06	2.648907e-09	1.202820e+01	1.736030e+02
2.150000e-06	1.694427e-06	2.629668e-09	1.172917e+01	1.716194e+02
2.160000e-06	1.650883e-06	2.596702e-09	1.142775e+01	1.697064e+02
2.170000e-06	1.606705e-06	2.575963e-09	1.112194e+01	1.679290e+02
2.180000e-06	1.561728e-06	2.533250e-09	1.081061e+01	1.662163e+02
2.190000e-06	1.516098e-06	2.500744e-09	1.049474e+01	1.644195e+02
2.200000e-06	1.469964e-06	2.495390e-09	1.017539e+01	1.624224e+02
2.210000e-06	1.423505e-06	2.459640e-09	9.853796e+00	1.602233e+02
2.220000e-06	1.376588e-06	2.440013e-09	9.529026e+00	1.579312e+02
2.230000e-06	1.329038e-06	2.389091e-09	9.199875e+00	1.556835e+02
2.240000e-06	1.280849e-06	2.335106e-09	8.866303e+00	1.535499e+02
2.250000e-06	1.232171e-06	2.325173e-09	8.529344e+00	1.514891e+02
2.260000e-06	1.183139e-06	2.299043e-09	8.189932e+00	1.493851e+02
2.270000e-06	1.133681e-06	2.262481e-09	7.847571e+00	1.471313e+02
2.280000e-06	1.083775e-06	2.228306e-09	7.502113e+00	1.447002e+02
2.290000e-06	1.033424e-06	2.185408e-09	7.153573e+00	1.421535e+02
2.300000e-06	9.826662e-07	2.157952e-09	6.802218e+00	1.395900e+02
2.310000e-06	9.316231e-07	2.115955e-09	6.448887e+00	1.370751e+02
2.320000e-06	8.803319e-07	2.062412e-09	6.093838e+00	1.346005e+02
2.330000e-06	8.287404e-07	2.032819e-09	5.736712e+00	1.320971e+02
2.340000e-06	7.768080e-07	2.000436e-09	5.377225e+00	1.294858e+02
2.350000e-06	7.244275e-07	1.966203e-09	5.014636e+00	1.267274e+02
2.360000e-06	6.715704e-07	1.915869e-09	4.648749e+00	1.238403e+02
2.370000e-06	6.182610e-07	1.865534e-09	4.279730e+00	1.208798e+02
2.380000e-06	5.646165e-07	1.827867e-09	3.908392e+00	1.178993e+02
2.390000e-06	5.107196e-07	1.785129e-09	3.535306e+00	1.149210e+02
2.400000e-06	4.565283e-07	1.740736e-09	3.160183e+00	1.119305e+02
2.410000e-06	4.020412e-07	1.689350e-09	2.783012e+00	1.088921e+02
2.420000e-06	3.473371e-07	1.642988e-09	2.404339e+00	1.057697e+02
2.430000e-06	2.925384e-07	1.600634e-09	2.025011e+00	1.025405e+02
2.440000e-06	2.376802e-07	1.549712e-09	1.645271e+00	9.919740e+01
2.450000e-06	1.827478e-07	1.492595e-09	1.265018e+00	9.574562e+01
2.460000e-06	1.277990e-07	1.436347e-09	8.846511e-01	9.219750e+01
2.470000e-06	7.284055e-08	1.385348e-09	5.042173e-01	8.856823e+01
2.480000e-06	1.783262e-08	1.336144e-09	1.234411e-01	8.487095e+01
2.490000e-06	-3.717927e-08	1.277530e-09	-2.573626e-01	8.111134e+01
2.500000e-06	-9.218165e-08	1.214083e-09	-6.381003e-01	7.728490e+01
2.510000e-06	-1.471559e-07	1.155074e-09	-1.018644e+00	7.337977e+01
2.520000e-06	-2.021221e-07	1.094800e-09	-1.399131e+00	6.938397e+01
2.530000e-06	-2.570559e-07	1.031708e-09	-1.779394e+00	6.529122e+01
2.540000e-06	-3.118925e-07	9.650778e-10	-2.158984e+00	6.109924e+01
2.550000e-06	-3.665909e-07	9.031836e-10	-2.537618e+00	5.680101e+01
2.560000e-06	-4.211439e-07	8.403554e-10	-2.915245e+00	5.237660e+01
2.570000e-06	-4.755276e-07	7.689614e-10	-3.291700e+00	4.779536e+01
2.580000e-06	-5.296502e-07	6.926239e-10	-3.666348e+00	4.303058e+01
2.590000e-06	-5.834378e-07	6.138927e-10	-4.038677e+00	3.807769e+01
2.600000e-06	-6.368061e-07	5.360639e-10	-4.408103e+00	3.296060e+01
2.610000e-06	-6.897300e-07	4.584780e-10	-4.774453e+00	2.771718e+01
2.620000e-06	-7.422008e-07	3.795095e-10	-5.137667e+00	2.236954e+01
2.630000e-06	-7.942861e-07	2.953731e-10	-5.498212e+00	1.689862e+01
2.640000e-06	-8.460490e-07	2.093281e-10	-5.856525e+00	1.124214e+01
2.650000e-06	-8.975082e-07	1.205109e-10	-6.212737e+00	5.321031e+00
2.660000e-06	-9.486990e-07	2.633349e-11	-6.567090e+00	-9.208797e-01
2.670000e-06	-9.995874e-07	-7.571973e-11	-6.919350e+00	-7.489384e+00
2.680000e-06	-1.050106e-06	-1.818338e-10	-7.269053e+00	-1.434255e+01
2.690000e-06	-1.100201e-06	-2.879648e-10	-7.615817e+00	-2.142112e+01
2.700000e-06	-1.149844e-06	-3.974950e-10	-7.959458e+00	-2.868517e+01
2.710000e-06	-1.199089e-06	-5.112113e-10	-8.300342e+00	-3.613180e+01
2.720000e-06	-1.247978e-06	-6.298774e-10	-8.638759e+00	-4.378273e+01
2.730000e-06	-1.296309e-06	-7.497013e-10	-8.973316e+00	-5.165173e+01
2.740000e-06	-1.343780e-06	-8.730030e-10	-9.301923e+00	-5.971477e+01
2.750000e-06	-1.390458e-06	-9.997234e-10	-9.625034e+00	-6.790187e+01
2.760000e-06	-1.436621e-06	-1.125472e-09	-9.944585e+00	-7.611303e+01
2.770000e-06	-1.482401e-06	-1.247980e-09	-1.026149e+01	-8.424479e+01
2.780000e-06	-1.527852e-06	-1.368503e-09	-1.057611e+01	-9.220978e+01
2.790000e-06	-1.572838e-06	-1.488776e-09	-1.088751e+01	-9.994117e+01
2.800000e-06	-1.617213e-06	-1.605556e-09	-1.119468e+01	-1.073869e+02
2.810000e-06	-1.661001e-06	-1.716749e-09	-1.149779e+01	-1.145054e+02
2.820000e-06	-1.704336e-06	-1.820821e-09	-1.179776e+01	-1.212681e+02
2.830000e-06	-1.747346e-06	-1.920262e-09	-1.209549e+01	-1.276662e+02
2.840000e-06	-1.789836e-06	-2.013527e-09	-1.238961e+01	-1.337110e+02
2.850000e-06	-1.831640e-06	-2.099621e-09	-1.267899e+01	-1.394237e+02
2.860000e-06	-1.872809e-06	-2.179476e-09	-1.296397e+01	-1.448197e+02
2.870000e-06	-1.913344e-06	-2.256397e-09	-1.324456e+01	-1.499003e+02
2.880000e-06	-1.953214e-06	-2.332840e-09	-1.352055e+01	-1.546582e+02
2.890000e-06	-1.992510e-06	-2.405595e-09	-1.379257e+01	-1.590941e+02
2.900000e-06	-2.031299e-06	-2.473450e-09	-1.406107e+01	-1.632292e+02
2.910000e-06	-2.069292e-06	-2.535705e-09	-1.432407e+01	-1.671024e+02
2.920000e-06	-2.106198e-06	-2.593253e-09	-1.457953e+01	-1.707521e+02
2.930000e-06	-2.142104e-06	-2.645866e-09	-1.482808e+01	-1.741965e+02
2.940000e-06	-2.177312e-06	-2.695973e-09	-1.507180e+01	-1.774282e+02
2.950000e-06	-2.211947e-06	-2.744258e-09	-1.531155e+01	-1.804292e+02
2.960000e-06	-2.245807e-06	-2.789336e-09	-1.554594e+01	-1.831949e+02
2.970000e-06	-2.278854e-06	-2.831463e-09	-1.577469e+01	-1.857478e+02
2.980000e-06	-2.311108e-06	-2.871069e-09	-1.599796e+01	-1.881289e+02
2.990000e-06	-2.342625e-06	-2.908387e-09	-1.621613e+01	-1.903733e+02
3.000000e-06	-2.373516e-06	-2.941037e-09	-1.642997e+01	-1.924897e+02
3.010000e-06	-2.403528e-06	-2.970214e-09	-1.663772e+01	-1.944612e+02
3.020000e-06	-2.432322e-06	-2.997791e-09	-1.683704e+01	-1.962684e+02
3.030000e-06	-2.460018e-06	-3.026114e-09	-1.702875e+01	-1.979177e+02
3.040000e-06	-2.487020e-06	-3.053018e-09	-1.721567e+01	-1.994502e+02
3.050000e-06	-2.513274e-06	-3.078058e-09	-1.739740e+01	-2.009219e+02
3.060000e-06	-2.538593e-06	-3.100142e-09	-1.757266e+01	-2.023693e+02
3.070000e-06	-2.563013e-06	-3.121064e-09	-1.774170e+01	-2.037852e+02
3.080000e-06	-2.586626e-06	-3.141579e-09	-1.790516e+01	-2.051248e+02
3.090000e-06	-2.609535e-06	-3.160589e-09	-1.806374e+01	-2.063387e+02
3.100000e-06	-2.631450e-06	-3.179246e-09	-1.821544e+01	-2.074096e+02
3.110000e-06	-2.652093e-06	-3.195131e-09	-1.835833e+01	-2.083642e+02
3.120000e-06	-2.671684e-06	-3.208430e-09	-1.849395e+01	-2.092543e+02
3.130000e-06	-2.690495e-06	-3.220242e-09	-1.862416e+01	-2.101205e+02
3.140000e-06	-2.708441e-06	-3.231727e-09	-1.874839e+01	-2.109675e+02
3.150000e-06	-2.725420e-06	-3.242371e-09	-1.886592e+01	-2.117690e+02
3.160000e-06	-2.741480e-06	-3.251588e-09	-1.897709e+01	-2.124944e+02
3.170000e-06	-2.756783e-06	-3.259457e-09	-1.908302e+01	-2.131362e+02
3.180000e-06	-2.771211e-06	-3.269603e-09	-1.918289e+01	-2.137144e+02
3.190000e-06	-2.784218e-06	-3.280138e-09	-1.927293e+01	-2.142568e+02
3.200000e-06	-2.795870e-06	-3.288882e-09	-1.935359e+01	-2.147740e+02
3.210000e-06	-2.806484e-06	-3.295300e-09	-1.942706e+01	-2.152517e+02
3.220000e-06	-2.816142e-06	-3.299987e-09	-1.949392e+01	-2.156668e+02
3.230000e-06	-2.824873e-06	-3.303872e-09	-1.955436e+01	-2.160130e+02
3.240000e-06	-2.832683e-06	-3.306091e-09	-1.960842e+01	-2.163107e+02
3.250000e-06	-2.839647e-06	-3.307255e-09	-1.965662e+01	-2.165908e+02
3.260000e-06	-2.845505e-06	-3.308885e-09	-1.969717e+01	-2.168644e+02
3.270000e-06	-2.850002e-06	-3.312987e-09	-1.972830e+01	-2.171075e+02
3.280000e-06	-2.853460e-06	-3.317564e-09	-1.975224e+01	-2.172764e+02
3.290000e-06	-2.856064e-06	-3.318867e-09	-1.977026e+01	-2.173456e+02
3.300000e-06	-2.857752e-06	-3.318305e-09	-1.978195e+01	-2.173361e+02
3.310000e-06	-2.858537e-06	-3.316079e-09	-1.978738e+01	-2.173071e+02
3.320000e-06	-2.858414e-06	-3.314306e-09	-1.978653e+01	-2.173097e+02
