# Temperatura_=_17.9
# Concentracion g/m^3_=_15500.0
# C_Vs_to_Am_M_A/Vsm_=_65563218390.804596
# pendiente_HvsI_1/m_=_3716.3
# ordenada_HvsI_A/m_=_1297.0
# frecuencia_Hz_=_300998.75902740005

Tiempo_(s)	Campo_(V.s)	Magnetizacion_(V.s)	Campo_(kA/m)	Magnetizacion_(A/m)
0.000000e+00	-2.859316e-06	-3.185064e-09	-1.978012e+01	-2.074641e+02
1.000000e-08	-2.858481e-06	-3.185967e-09	-1.977434e+01	-2.074652e+02
2.000000e-08	-2.856727e-06	-3.185878e-09	-1.976220e+01	-2.074742e+02
3.000000e-08	-2.853707e-06	-3.182181e-09	-1.974132e+01	-2.073600e+02
4.000000e-08	-2.849579e-06	-3.177361e-09	-1.971275e+01	-2.070542e+02
5.000000e-08	-2.844678e-06	-3.171854e-09	-1.967885e+01	-2.066255e+02
6.000000e-08	-2.838982e-06	-3.163126e-09	-1.963945e+01	-2.062435e+02
7.000000e-08	-2.832337e-06	-3.151212e-09	-1.959348e+01	-2.060495e+02
8.000000e-08	-2.824642e-06	-3.178148e-09	-1.954025e+01	-2.060271e+02
9.000000e-08	-2.815811e-06	-3.222122e-09	-1.947916e+01	-2.059808e+02
1.000000e-07	-2.805565e-06	-3.200200e-09	-1.940828e+01	-2.056584e+02
1.100000e-07	-2.793974e-06	-3.066620e-09	-1.932809e+01	-2.049430e+02
1.200000e-07	-2.781599e-06	-3.047464e-09	-1.924248e+01	-2.039762e+02
1.300000e-07	-2.768475e-06	-3.180229e-09	-1.915170e+01	-2.031059e+02
1.400000e-07	-2.754252e-06	-3.149455e-09	-1.905330e+01	-2.026753e+02
1.500000e-07	-2.739021e-06	-3.045568e-09	-1.894794e+01	-2.027851e+02
1.600000e-07	-2.722679e-06	-3.135892e-09	-1.883489e+01	-2.031967e+02
1.700000e-07	-2.704984e-06	-3.181305e-09	-1.871248e+01	-2.034580e+02
1.800000e-07	-2.686368e-06	-3.016223e-09	-1.858370e+01	-2.031787e+02
1.900000e-07	-2.667155e-06	-3.025557e-09	-1.845079e+01	-2.022773e+02
2.000000e-07	-2.647080e-06	-3.101377e-09	-1.831192e+01	-2.010283e+02
2.100000e-07	-2.626027e-06	-2.968100e-09	-1.816627e+01	-1.998757e+02
2.200000e-07	-2.604193e-06	-2.980796e-09	-1.801523e+01	-1.991345e+02
2.300000e-07	-2.581534e-06	-3.133294e-09	-1.785848e+01	-1.987855e+02
2.400000e-07	-2.557887e-06	-3.045167e-09	-1.769490e+01	-1.985000e+02
2.500000e-07	-2.533429e-06	-2.939064e-09	-1.752570e+01	-1.978773e+02
2.600000e-07	-2.508200e-06	-2.962830e-09	-1.735117e+01	-1.967248e+02
2.700000e-07	-2.481850e-06	-2.937398e-09	-1.716889e+01	-1.951901e+02
2.800000e-07	-2.454348e-06	-2.932026e-09	-1.697864e+01	-1.936525e+02
2.900000e-07	-2.425948e-06	-2.933907e-09	-1.678217e+01	-1.924585e+02
3.000000e-07	-2.396684e-06	-2.879975e-09	-1.657973e+01	-1.916854e+02
3.100000e-07	-2.366638e-06	-2.904831e-09	-1.637188e+01	-1.910979e+02
3.200000e-07	-2.335929e-06	-2.934038e-09	-1.615944e+01	-1.903206e+02
3.300000e-07	-2.304469e-06	-2.828658e-09	-1.594181e+01	-1.890993e+02
3.400000e-07	-2.272312e-06	-2.794074e-09	-1.571935e+01	-1.874683e+02
3.500000e-07	-2.239536e-06	-2.818287e-09	-1.549261e+01	-1.857118e+02
3.600000e-07	-2.205932e-06	-2.786930e-09	-1.526015e+01	-1.841568e+02
3.700000e-07	-2.171157e-06	-2.794659e-09	-1.501959e+01	-1.829499e+02
3.800000e-07	-2.135286e-06	-2.783617e-09	-1.477144e+01	-1.819710e+02
3.900000e-07	-2.098781e-06	-2.724114e-09	-1.451890e+01	-1.809345e+02
4.000000e-07	-2.061719e-06	-2.727065e-09	-1.426252e+01	-1.795951e+02
4.100000e-07	-2.023935e-06	-2.731307e-09	-1.400114e+01	-1.779075e+02
4.200000e-07	-1.985392e-06	-2.653923e-09	-1.373450e+01	-1.760349e+02
4.300000e-07	-1.946080e-06	-2.615443e-09	-1.346255e+01	-1.742148e+02
4.400000e-07	-1.906102e-06	-2.630485e-09	-1.318599e+01	-1.725889e+02
4.500000e-07	-1.865683e-06	-2.622080e-09	-1.290638e+01	-1.711198e+02
4.600000e-07	-1.824832e-06	-2.584800e-09	-1.262379e+01	-1.696435e+02
4.700000e-07	-1.783265e-06	-2.541862e-09	-1.233623e+01	-1.680039e+02
4.800000e-07	-1.740666e-06	-2.505501e-09	-1.204154e+01	-1.661639e+02
4.900000e-07	-1.697049e-06	-2.489887e-09	-1.173981e+01	-1.642145e+02
5.000000e-07	-1.652771e-06	-2.474440e-09	-1.143350e+01	-1.622863e+02
5.100000e-07	-1.608115e-06	-2.426778e-09	-1.112458e+01	-1.604410e+02
5.200000e-07	-1.563066e-06	-2.394541e-09	-1.081294e+01	-1.586279e+02
5.300000e-07	-1.517514e-06	-2.383410e-09	-1.049783e+01	-1.567331e+02
5.400000e-07	-1.471418e-06	-2.356811e-09	-1.017895e+01	-1.546764e+02
5.500000e-07	-1.424749e-06	-2.305460e-09	-9.856096e+00	-1.524765e+02
5.600000e-07	-1.377500e-06	-2.259231e-09	-9.529244e+00	-1.502342e+02
5.700000e-07	-1.329757e-06	-2.235891e-09	-9.198965e+00	-1.480514e+02
5.800000e-07	-1.281599e-06	-2.223249e-09	-8.865817e+00	-1.459499e+02
5.900000e-07	-1.233087e-06	-2.191100e-09	-8.530224e+00	-1.438549e+02
6.000000e-07	-1.184183e-06	-2.136914e-09	-8.191917e+00	-1.416532e+02
6.100000e-07	-1.134748e-06	-2.095061e-09	-7.849939e+00	-1.392804e+02
6.200000e-07	-1.084631e-06	-2.063787e-09	-7.503235e+00	-1.367693e+02
6.300000e-07	-1.033762e-06	-2.029658e-09	-7.151336e+00	-1.342245e+02
6.400000e-07	-9.823682e-07	-1.983982e-09	-6.795806e+00	-1.317429e+02
6.500000e-07	-9.306087e-07	-1.941103e-09	-6.437745e+00	-1.293426e+02
6.600000e-07	-8.784393e-07	-1.914289e-09	-6.076849e+00	-1.269501e+02
6.700000e-07	-8.259367e-07	-1.888761e-09	-5.713648e+00	-1.244535e+02
6.800000e-07	-7.731532e-07	-1.841225e-09	-5.348503e+00	-1.217812e+02
6.900000e-07	-7.200937e-07	-1.781947e-09	-4.981449e+00	-1.189469e+02
7.000000e-07	-6.667935e-07	-1.739045e-09	-4.612730e+00	-1.160342e+02
7.100000e-07	-6.132631e-07	-1.704789e-09	-4.242419e+00	-1.131343e+02
7.200000e-07	-5.595597e-07	-1.662347e-09	-3.870910e+00	-1.102853e+02
7.300000e-07	-5.056969e-07	-1.610411e-09	-3.498299e+00	-1.074540e+02
7.400000e-07	-4.516113e-07	-1.564237e-09	-3.124147e+00	-1.045673e+02
7.500000e-07	-3.973087e-07	-1.525795e-09	-2.748494e+00	-1.015650e+02
7.600000e-07	-3.429202e-07	-1.480481e-09	-2.372246e+00	-9.843496e+01
7.700000e-07	-2.885010e-07	-1.421839e-09	-1.995786e+00	-9.520887e+01
7.800000e-07	-2.339892e-07	-1.364857e-09	-1.618686e+00	-9.192850e+01
7.900000e-07	-1.793976e-07	-1.320332e-09	-1.241033e+00	-8.861121e+01
8.000000e-07	-1.247988e-07	-1.275350e-09	-8.633302e-01	-8.524007e+01
8.100000e-07	-7.019234e-08	-1.220461e-09	-4.855751e-01	-8.178171e+01
8.200000e-07	-1.553831e-08	-1.160574e-09	-1.074906e-01	-7.821466e+01
8.300000e-07	3.912482e-08	-1.107311e-09	2.706568e-01	-7.454565e+01
8.400000e-07	9.377526e-08	-1.058066e-09	6.487165e-01	-7.080362e+01
8.500000e-07	1.483869e-07	-1.004053e-09	1.026507e+00	-6.701854e+01
8.600000e-07	2.029452e-07	-9.425873e-10	1.403930e+00	-6.320160e+01
8.700000e-07	2.574750e-07	-8.821400e-10	1.781155e+00	-5.933936e+01
8.800000e-07	3.119453e-07	-8.277289e-10	2.157969e+00	-5.540240e+01
8.900000e-07	3.663048e-07	-7.681037e-10	2.534016e+00	-5.135975e+01
9.000000e-07	4.205345e-07	-6.981845e-10	2.909165e+00	-4.718947e+01
9.100000e-07	4.746479e-07	-6.280041e-10	3.283509e+00	-4.288136e+01
9.200000e-07	5.286382e-07	-5.666435e-10	3.657002e+00	-3.843429e+01
9.300000e-07	5.824327e-07	-5.050759e-10	4.029141e+00	-3.385221e+01
9.400000e-07	6.359208e-07	-4.341608e-10	4.399160e+00	-2.914056e+01
9.500000e-07	6.891604e-07	-3.561572e-10	4.767459e+00	-2.430265e+01
9.600000e-07	7.421860e-07	-2.795025e-10	5.134279e+00	-1.933571e+01
9.700000e-07	7.949071e-07	-2.055915e-10	5.498991e+00	-1.422882e+01
9.800000e-07	8.473835e-07	-1.255896e-10	5.862012e+00	-8.965032e+00
9.900000e-07	8.995734e-07	-3.784522e-11	6.223050e+00	-3.527264e+00
1.000000e-06	9.513842e-07	5.042765e-11	6.581466e+00	2.096160e+00
1.010000e-06	1.002726e-06	1.345570e-10	6.936636e+00	7.911133e+00
1.020000e-06	1.053432e-06	2.204717e-10	7.287409e+00	1.392292e+01
1.030000e-06	1.103483e-06	3.147572e-10	7.633652e+00	2.014131e+01
1.040000e-06	1.152930e-06	4.178534e-10	7.975716e+00	2.657873e+01
1.050000e-06	1.201847e-06	5.211146e-10	8.314112e+00	3.323941e+01
1.060000e-06	1.250417e-06	6.224105e-10	8.650109e+00	4.010646e+01
1.070000e-06	1.298739e-06	7.290931e-10	8.984388e+00	4.713808e+01
1.080000e-06	1.346735e-06	8.396379e-10	9.316417e+00	5.427850e+01
1.090000e-06	1.394235e-06	9.473553e-10	9.645010e+00	6.147777e+01
1.100000e-06	1.441171e-06	1.053040e-09	9.969705e+00	6.870518e+01
1.110000e-06	1.487638e-06	1.162775e-09	1.029115e+01	7.594400e+01
1.120000e-06	1.533573e-06	1.276393e-09	1.060892e+01	8.316930e+01
1.130000e-06	1.578913e-06	1.386785e-09	1.092257e+01	9.032577e+01
1.140000e-06	1.623741e-06	1.489690e-09	1.123268e+01	9.732579e+01
1.150000e-06	1.668217e-06	1.588709e-09	1.154036e+01	1.040750e+02
1.160000e-06	1.712375e-06	1.685998e-09	1.184583e+01	1.105110e+02
1.170000e-06	1.755915e-06	1.780050e-09	1.214703e+01	1.166284e+02
1.180000e-06	1.798527e-06	1.869057e-09	1.244181e+01	1.224701e+02
1.190000e-06	1.840144e-06	1.953480e-09	1.272971e+01	1.280882e+02
1.200000e-06	1.880993e-06	2.035505e-09	1.301229e+01	1.335019e+02
1.210000e-06	1.921351e-06	2.114204e-09	1.329148e+01	1.386810e+02
1.220000e-06	1.961173e-06	2.186513e-09	1.356696e+01	1.435692e+02
1.230000e-06	2.000304e-06	2.251545e-09	1.383766e+01	1.481281e+02
1.240000e-06	2.038758e-06	2.313261e-09	1.410368e+01	1.523692e+02
1.250000e-06	2.076495e-06	2.374695e-09	1.436473e+01	1.563485e+02
1.260000e-06	2.113501e-06	2.433291e-09	1.462073e+01	1.601281e+02
1.270000e-06	2.150005e-06	2.485224e-09	1.487326e+01	1.637328e+02
1.280000e-06	2.185965e-06	2.531732e-09	1.512202e+01	1.671366e+02
1.290000e-06	2.220961e-06	2.577636e-09	1.536411e+01	1.702900e+02
1.300000e-06	2.254778e-06	2.620976e-09	1.559806e+01	1.731671e+02
1.310000e-06	2.287669e-06	2.657339e-09	1.582559e+01	1.757960e+02
1.320000e-06	2.319882e-06	2.689256e-09	1.604843e+01	1.782484e+02
1.330000e-06	2.351389e-06	2.722932e-09	1.626639e+01	1.805950e+02
1.340000e-06	2.382162e-06	2.758668e-09	1.647927e+01	1.828607e+02
1.350000e-06	2.412119e-06	2.791650e-09	1.668651e+01	1.850134e+02
1.360000e-06	2.441221e-06	2.819394e-09	1.688783e+01	1.869954e+02
1.370000e-06	2.469679e-06	2.844022e-09	1.708470e+01	1.887733e+02
1.380000e-06	2.497444e-06	2.868382e-09	1.727676e+01	1.903692e+02
1.390000e-06	2.524058e-06	2.891840e-09	1.746088e+01	1.918508e+02
1.400000e-06	2.549415e-06	2.912087e-09	1.763629e+01	1.932885e+02
1.410000e-06	2.573845e-06	2.931297e-09	1.780529e+01	1.947132e+02
1.420000e-06	2.597431e-06	2.951644e-09	1.796846e+01	1.961046e+02
1.430000e-06	2.620120e-06	2.971879e-09	1.812541e+01	1.974144e+02
1.440000e-06	2.641923e-06	2.991066e-09	1.827624e+01	1.986038e+02
1.450000e-06	2.662882e-06	3.008565e-09	1.842123e+01	1.996654e+02
1.460000e-06	2.683168e-06	3.024132e-09	1.856156e+01	2.006164e+02
1.470000e-06	2.702596e-06	3.037310e-09	1.869596e+01	2.014772e+02
1.480000e-06	2.720930e-06	3.048858e-09	1.882279e+01	2.022568e+02
1.490000e-06	2.738333e-06	3.058921e-09	1.894318e+01	2.029608e+02
1.500000e-06	2.754751e-06	3.068529e-09	1.905676e+01	2.036085e+02
1.510000e-06	2.769996e-06	3.078924e-09	1.916222e+01	2.042379e+02
1.520000e-06	2.784203e-06	3.089889e-09	1.926050e+01	2.048846e+02
1.530000e-06	2.797489e-06	3.100931e-09	1.935241e+01	2.055480e+02
1.540000e-06	2.809743e-06	3.110900e-09	1.943718e+01	2.061757e+02
1.550000e-06	2.820721e-06	3.118711e-09	1.951312e+01	2.066887e+02
1.560000e-06	2.830347e-06	3.125032e-09	1.957971e+01	2.070363e+02
1.570000e-06	2.838977e-06	3.130223e-09	1.963942e+01	2.072432e+02
1.580000e-06	2.846748e-06	3.134752e-09	1.969317e+01	2.074054e+02
1.590000e-06	2.853546e-06	3.139680e-09	1.974020e+01	2.076307e+02
1.600000e-06	2.859363e-06	3.144949e-09	1.978044e+01	2.079619e+02
1.610000e-06	2.864266e-06	3.149230e-09	1.981436e+01	2.083395e+02
1.620000e-06	2.868352e-06	3.152388e-09	1.984262e+01	2.086394e+02
1.630000e-06	2.871320e-06	3.156561e-09	1.986316e+01	2.087613e+02
1.640000e-06	2.872953e-06	3.161862e-09	1.987446e+01	2.087036e+02
1.650000e-06	2.873538e-06	3.166601e-09	1.987850e+01	2.085653e+02
1.660000e-06	2.873257e-06	3.167277e-09	1.987656e+01	2.084691e+02
1.670000e-06	2.872117e-06	3.161595e-09	1.986867e+01	2.084625e+02
1.680000e-06	2.870097e-06	3.155799e-09	1.985470e+01	2.084768e+02
1.690000e-06	2.867223e-06	3.154414e-09	1.983481e+01	2.083808e+02
1.700000e-06	2.863609e-06	3.153860e-09	1.980981e+01	2.080946e+02
1.710000e-06	2.859018e-06	3.152578e-09	1.977805e+01	2.076716e+02
1.720000e-06	2.853156e-06	3.160572e-09	1.973750e+01	2.072758e+02
1.730000e-06	2.846239e-06	3.164501e-09	1.968965e+01	2.070588e+02
1.740000e-06	2.838512e-06	3.107172e-09	1.963620e+01	2.070245e+02
1.750000e-06	2.829642e-06	3.051696e-09	1.957484e+01	2.069932e+02
1.760000e-06	2.819110e-06	3.127509e-09	1.950198e+01	2.067096e+02
1.770000e-06	2.807382e-06	3.216129e-09	1.942085e+01	2.060342e+02
1.780000e-06	2.795485e-06	3.153279e-09	1.933855e+01	2.050797e+02
1.790000e-06	2.783177e-06	3.037536e-09	1.925340e+01	2.041802e+02
1.800000e-06	2.769275e-06	3.122928e-09	1.915723e+01	2.036916e+02
1.810000e-06	2.753836e-06	3.141807e-09	1.905043e+01	2.037489e+02
1.820000e-06	2.737843e-06	2.998306e-09	1.893980e+01	2.041479e+02
1.830000e-06	2.721024e-06	3.086056e-09	1.882344e+01	2.044473e+02
1.840000e-06	2.702765e-06	3.212689e-09	1.869713e+01	2.042364e+02
1.850000e-06	2.683667e-06	3.073769e-09	1.856502e+01	2.033937e+02
1.860000e-06	2.663965e-06	3.043272e-09	1.842872e+01	2.021611e+02
1.870000e-06	2.643044e-06	3.172542e-09	1.828399e+01	2.009781e+02
1.880000e-06	2.620936e-06	3.034077e-09	1.813106e+01	2.001870e+02
1.890000e-06	2.597926e-06	2.921520e-09	1.797188e+01	1.998074e+02
1.900000e-06	2.573878e-06	3.068942e-09	1.780552e+01	1.995354e+02
1.910000e-06	2.548980e-06	3.081258e-09	1.763328e+01	1.989633e+02
1.920000e-06	2.523416e-06	3.007940e-09	1.745643e+01	1.978663e+02
1.930000e-06	2.496936e-06	3.026598e-09	1.727325e+01	1.963562e+02
1.940000e-06	2.469723e-06	2.954827e-09	1.708500e+01	1.947992e+02
1.950000e-06	2.441836e-06	2.960469e-09	1.689208e+01	1.935585e+02
1.960000e-06	2.412718e-06	2.988067e-09	1.669065e+01	1.927466e+02
1.970000e-06	2.382407e-06	2.863498e-09	1.648097e+01	1.921567e+02
1.980000e-06	2.351310e-06	2.893144e-09	1.626584e+01	1.914158e+02
1.990000e-06	2.319521e-06	2.982343e-09	1.604593e+01	1.902457e+02
2.000000e-06	2.287020e-06	2.879956e-09	1.582110e+01	1.886479e+02
2.010000e-06	2.253673e-06	2.856266e-09	1.559041e+01	1.868876e+02
2.020000e-06	2.219455e-06	2.868907e-09	1.535370e+01	1.852992e+02
2.030000e-06	2.184637e-06	2.786154e-09	1.511284e+01	1.840561e+02
2.040000e-06	2.149245e-06	2.807315e-09	1.486800e+01	1.830648e+02
2.050000e-06	2.113165e-06	2.804576e-09	1.461841e+01	1.820484e+02
2.060000e-06	2.076195e-06	2.730348e-09	1.436266e+01	1.807477e+02
2.070000e-06	2.038077e-06	2.746157e-09	1.409896e+01	1.790923e+02
2.080000e-06	1.999078e-06	2.746913e-09	1.382918e+01	1.772277e+02
2.090000e-06	1.959496e-06	2.697192e-09	1.355536e+01	1.753921e+02
2.100000e-06	1.919335e-06	2.662310e-09	1.327753e+01	1.737437e+02
2.110000e-06	1.878539e-06	2.621593e-09	1.299532e+01	1.722643e+02
2.120000e-06	1.837112e-06	2.609455e-09	1.270873e+01	1.707973e+02
2.130000e-06	1.795117e-06	2.606687e-09	1.241822e+01	1.691793e+02
2.140000e-06	1.752559e-06	2.570951e-09	1.212382e+01	1.673580e+02
2.150000e-06	1.709479e-06	2.535352e-09	1.182580e+01	1.654136e+02
2.160000e-06	1.665969e-06	2.509726e-09	1.152481e+01	1.634780e+02
2.170000e-06	1.621917e-06	2.489809e-09	1.122006e+01	1.616241e+02
2.180000e-06	1.577162e-06	2.447997e-09	1.091046e+01	1.598124e+02
2.190000e-06	1.531770e-06	2.407379e-09	1.059644e+01	1.579314e+02
2.200000e-06	1.485841e-06	2.393995e-09	1.027872e+01	1.558929e+02
2.210000e-06	1.439531e-06	2.369636e-09	9.958358e+00	1.537041e+02
2.220000e-06	1.392785e-06	2.340429e-09	9.634979e+00	1.514605e+02
2.230000e-06	1.345437e-06	2.296249e-09	9.307435e+00	1.492682e+02
2.240000e-06	1.297518e-06	2.244861e-09	8.975945e+00	1.471600e+02
2.250000e-06	1.249041e-06	2.222094e-09	8.640592e+00	1.450695e+02
2.260000e-06	1.200101e-06	2.198638e-09	8.302033e+00	1.428836e+02
2.270000e-06	1.150786e-06	2.161040e-09	7.960880e+00	1.405291e+02
2.280000e-06	1.101043e-06	2.125344e-09	7.616769e+00	1.380283e+02
2.290000e-06	1.050840e-06	2.089618e-09	7.269479e+00	1.354813e+02
2.300000e-06	1.000157e-06	2.058765e-09	6.918868e+00	1.329901e+02
2.310000e-06	9.491169e-07	2.018836e-09	6.565781e+00	1.305831e+02
2.320000e-06	8.978725e-07	1.966675e-09	6.211284e+00	1.281948e+02
2.330000e-06	8.463887e-07	1.929349e-09	5.855130e+00	1.257139e+02
2.340000e-06	7.945774e-07	1.900455e-09	5.496711e+00	1.230611e+02
2.350000e-06	7.423457e-07	1.863052e-09	5.135383e+00	1.202408e+02
2.360000e-06	6.897074e-07	1.812993e-09	4.771243e+00	1.173314e+02
2.370000e-06	6.366271e-07	1.765029e-09	4.404046e+00	1.144268e+02
2.380000e-06	5.830914e-07	1.728535e-09	4.033697e+00	1.115725e+02
2.390000e-06	5.292548e-07	1.689032e-09	3.661268e+00	1.087424e+02
2.400000e-06	4.751578e-07	1.641344e-09	3.287036e+00	1.058649e+02
2.410000e-06	4.207589e-07	1.591439e-09	2.910717e+00	1.028763e+02
2.420000e-06	3.661351e-07	1.547390e-09	2.532842e+00	9.975875e+01
2.430000e-06	3.113720e-07	1.503625e-09	2.154003e+00	9.654056e+01
2.440000e-06	2.564679e-07	1.451191e-09	1.774189e+00	9.326432e+01
2.450000e-06	2.014687e-07	1.395718e-09	1.393716e+00	8.995104e+01
2.460000e-06	1.464544e-07	1.344358e-09	1.013139e+00	8.658698e+01
2.470000e-06	9.142209e-08	1.295166e-09	6.324378e-01	8.313919e+01
2.480000e-06	3.634905e-08	1.242350e-09	2.514547e-01	7.958376e+01
2.490000e-06	-1.875758e-08	1.183525e-09	-1.297608e-01	7.592431e+01
2.500000e-06	-7.386315e-08	1.122241e-09	-5.109690e-01	7.218826e+01
2.510000e-06	-1.289439e-07	1.063585e-09	-8.920055e-01	6.840659e+01
2.520000e-06	-1.839962e-07	1.005373e-09	-1.272845e+00	6.459308e+01
2.530000e-06	-2.389839e-07	9.445821e-10	-1.653238e+00	6.073672e+01
2.540000e-06	-2.938998e-07	8.827177e-10	-2.033134e+00	5.680910e+01
2.550000e-06	-3.486968e-07	8.247613e-10	-2.412207e+00	5.277881e+01
2.560000e-06	-4.033215e-07	7.666100e-10	-2.790089e+00	4.862266e+01
2.570000e-06	-4.577495e-07	6.997010e-10	-3.166610e+00	4.432927e+01
2.580000e-06	-5.119625e-07	6.264104e-10	-3.541643e+00	3.989673e+01
2.590000e-06	-5.658994e-07	5.534936e-10	-3.914767e+00	3.532862e+01
2.600000e-06	-6.194626e-07	4.820861e-10	-4.285305e+00	3.063040e+01
2.610000e-06	-6.725864e-07	4.083058e-10	-4.652804e+00	2.580579e+01
2.620000e-06	-7.252694e-07	3.319440e-10	-5.017253e+00	2.085282e+01
2.630000e-06	-7.775497e-07	2.541418e-10	-5.378917e+00	1.576145e+01
2.640000e-06	-8.294274e-07	1.760193e-10	-5.737796e+00	1.051512e+01
2.650000e-06	-8.809810e-07	9.565226e-11	-6.094432e+00	5.096443e+00
2.660000e-06	-9.323120e-07	9.393928e-12	-6.449528e+00	-5.069606e-01
2.670000e-06	-9.833567e-07	-8.097954e-11	-6.802644e+00	-6.301431e+00
2.680000e-06	-1.033979e-06	-1.724810e-10	-7.152837e+00	-1.229198e+01
2.690000e-06	-1.084210e-06	-2.655755e-10	-7.500322e+00	-1.848785e+01
2.700000e-06	-1.134050e-06	-3.631993e-10	-7.845108e+00	-2.490157e+01
2.710000e-06	-1.183488e-06	-4.667539e-10	-8.187108e+00	-3.153891e+01
2.720000e-06	-1.232458e-06	-5.724537e-10	-8.525871e+00	-3.838568e+01
2.730000e-06	-1.280864e-06	-6.770873e-10	-8.860734e+00	-4.540246e+01
2.740000e-06	-1.328544e-06	-7.848363e-10	-9.190571e+00	-5.253411e+01
2.750000e-06	-1.375379e-06	-8.973856e-10	-9.514570e+00	-5.972914e+01
2.760000e-06	-1.421608e-06	-1.008697e-09	-9.834370e+00	-6.695466e+01
2.770000e-06	-1.467437e-06	-1.116174e-09	-1.015141e+01	-7.419331e+01
2.780000e-06	-1.512933e-06	-1.225069e-09	-1.046614e+01	-8.142229e+01
2.790000e-06	-1.558074e-06	-1.337848e-09	-1.077841e+01	-8.859010e+01
2.800000e-06	-1.602697e-06	-1.449999e-09	-1.108710e+01	-9.561183e+01
2.810000e-06	-1.646688e-06	-1.555636e-09	-1.139143e+01	-1.023920e+02
2.820000e-06	-1.690176e-06	-1.653379e-09	-1.169226e+01	-1.088631e+02
2.830000e-06	-1.733313e-06	-1.747505e-09	-1.199067e+01	-1.150134e+02
2.840000e-06	-1.775978e-06	-1.839758e-09	-1.228582e+01	-1.208821e+02
2.850000e-06	-1.818033e-06	-1.927172e-09	-1.257675e+01	-1.265227e+02
2.860000e-06	-1.859524e-06	-2.007966e-09	-1.286378e+01	-1.319591e+02
2.870000e-06	-1.900395e-06	-2.086235e-09	-1.314652e+01	-1.371661e+02
2.880000e-06	-1.940583e-06	-2.164753e-09	-1.342453e+01	-1.420883e+02
2.890000e-06	-1.980169e-06	-2.240462e-09	-1.369837e+01	-1.466832e+02
2.900000e-06	-2.019221e-06	-2.309195e-09	-1.396853e+01	-1.509563e+02
2.910000e-06	-2.057527e-06	-2.371423e-09	-1.423352e+01	-1.549607e+02
2.920000e-06	-2.094756e-06	-2.431814e-09	-1.449106e+01	-1.587598e+02
2.930000e-06	-2.130978e-06	-2.490449e-09	-1.474164e+01	-1.623839e+02
2.940000e-06	-2.166502e-06	-2.543876e-09	-1.498738e+01	-1.658118e+02
2.950000e-06	-2.201381e-06	-2.593328e-09	-1.522867e+01	-1.689943e+02
2.960000e-06	-2.235528e-06	-2.641252e-09	-1.546489e+01	-1.719009e+02
2.970000e-06	-2.268923e-06	-2.687271e-09	-1.569591e+01	-1.745537e+02
2.980000e-06	-2.301501e-06	-2.729255e-09	-1.592128e+01	-1.770213e+02
2.990000e-06	-2.333297e-06	-2.766966e-09	-1.614123e+01	-1.793772e+02
3.000000e-06	-2.364456e-06	-2.801982e-09	-1.635678e+01	-1.816525e+02
3.010000e-06	-2.394812e-06	-2.835380e-09	-1.656678e+01	-1.838203e+02
3.020000e-06	-2.423963e-06	-2.866799e-09	-1.676844e+01	-1.858232e+02
3.030000e-06	-2.451964e-06	-2.896521e-09	-1.696215e+01	-1.876232e+02
3.040000e-06	-2.479218e-06	-2.923344e-09	-1.715068e+01	-1.892361e+02
3.050000e-06	-2.505737e-06	-2.948337e-09	-1.733413e+01	-1.907264e+02
3.060000e-06	-2.531361e-06	-2.971643e-09	-1.751140e+01	-1.921666e+02
3.070000e-06	-2.556052e-06	-2.993606e-09	-1.768220e+01	-1.935931e+02
3.080000e-06	-2.579882e-06	-3.013639e-09	-1.784705e+01	-1.949905e+02
3.090000e-06	-2.603023e-06	-3.032985e-09	-1.800713e+01	-1.963115e+02
3.100000e-06	-2.625265e-06	-3.053528e-09	-1.816100e+01	-1.975150e+02
3.110000e-06	-2.646273e-06	-3.073069e-09	-1.830633e+01	-1.985899e+02
3.120000e-06	-2.666182e-06	-3.089098e-09	-1.844406e+01	-1.995520e+02
3.130000e-06	-2.685267e-06	-3.100299e-09	-1.857608e+01	-2.004220e+02
3.140000e-06	-2.703541e-06	-3.109119e-09	-1.870250e+01	-2.012103e+02
3.150000e-06	-2.720922e-06	-3.118473e-09	-1.882273e+01	-2.019221e+02
3.160000e-06	-2.737358e-06	-3.129262e-09	-1.893643e+01	-2.025745e+02
3.170000e-06	-2.752929e-06	-3.139895e-09	-1.904416e+01	-2.032041e+02
3.180000e-06	-2.767618e-06	-3.150609e-09	-1.914577e+01	-2.038482e+02
3.190000e-06	-2.781067e-06	-3.160125e-09	-1.923881e+01	-2.045117e+02
3.200000e-06	-2.793156e-06	-3.168768e-09	-1.932244e+01	-2.051472e+02
3.210000e-06	-2.804095e-06	-3.175144e-09	-1.939811e+01	-2.056761e+02
3.220000e-06	-2.814061e-06	-3.178552e-09	-1.946705e+01	-2.060421e+02
3.230000e-06	-2.823065e-06	-3.180573e-09	-1.952934e+01	-2.062606e+02
3.240000e-06	-2.831167e-06	-3.182514e-09	-1.958539e+01	-2.064221e+02
3.250000e-06	-2.838475e-06	-3.185564e-09	-1.963594e+01	-2.066372e+02
3.260000e-06	-2.844752e-06	-3.189655e-09	-1.967936e+01	-2.069583e+02
3.270000e-06	-2.849740e-06	-3.193899e-09	-1.971387e+01	-2.073366e+02
3.280000e-06	-2.853591e-06	-3.196452e-09	-1.974051e+01	-2.076511e+02
3.290000e-06	-2.856537e-06	-3.196635e-09	-1.976089e+01	-2.077945e+02
3.300000e-06	-2.858559e-06	-3.194985e-09	-1.977488e+01	-2.077529e+02
3.310000e-06	-2.859630e-06	-3.191444e-09	-1.978229e+01	-2.076171e+02
3.320000e-06	-2.859749e-06	-3.187456e-09	-1.978311e+01	-2.075123e+02
