# Temperatura_=_93.4
# Concentracion g/m^3_=_18700.0
# C_Vs_to_Am_M_A/Vsm_=_65563218390.804596
# pendiente_HvsI_1/m_=_3716.3
# ordenada_HvsI_A/m_=_1297.0
# frecuencia_Hz_=_300778.5180775499

Tiempo_(s)	Campo_(V.s)	Magnetizacion_(V.s)	Campo_(kA/m)	Magnetizacion_(A/m)
0.000000e+00	-5.494074e-06	-2.704675e-08	-3.830994e+01	-1.772552e+03
1.000000e-08	-5.491901e-06	-2.704898e-08	-3.829479e+01	-1.772356e+03
2.000000e-08	-5.487787e-06	-2.704595e-08	-3.826610e+01	-1.771942e+03
3.000000e-08	-5.481935e-06	-2.703859e-08	-3.822530e+01	-1.771299e+03
4.000000e-08	-5.474493e-06	-2.702475e-08	-3.817340e+01	-1.770462e+03
5.000000e-08	-5.465330e-06	-2.700507e-08	-3.810951e+01	-1.769493e+03
6.000000e-08	-5.454115e-06	-2.698170e-08	-3.803131e+01	-1.768456e+03
7.000000e-08	-5.440898e-06	-2.695521e-08	-3.793914e+01	-1.767388e+03
8.000000e-08	-5.425590e-06	-2.695660e-08	-3.783240e+01	-1.766288e+03
9.000000e-08	-5.407891e-06	-2.698383e-08	-3.770899e+01	-1.765114e+03
1.000000e-07	-5.387955e-06	-2.697111e-08	-3.756998e+01	-1.763807e+03
1.100000e-07	-5.366053e-06	-2.693560e-08	-3.741726e+01	-1.762316e+03
1.200000e-07	-5.342437e-06	-2.688041e-08	-3.725258e+01	-1.760622e+03
1.300000e-07	-5.317406e-06	-2.678525e-08	-3.707804e+01	-1.758751e+03
1.400000e-07	-5.290814e-06	-2.679661e-08	-3.689262e+01	-1.756766e+03
1.500000e-07	-5.262377e-06	-2.679867e-08	-3.669433e+01	-1.754737e+03
1.600000e-07	-5.232283e-06	-2.669721e-08	-3.648448e+01	-1.752715e+03
1.700000e-07	-5.200520e-06	-2.671899e-08	-3.626300e+01	-1.750706e+03
1.800000e-07	-5.166714e-06	-2.670557e-08	-3.602727e+01	-1.748662e+03
1.900000e-07	-5.131030e-06	-2.662690e-08	-3.577845e+01	-1.746494e+03
2.000000e-07	-5.093798e-06	-2.662708e-08	-3.551883e+01	-1.744104e+03
2.100000e-07	-5.054832e-06	-2.654038e-08	-3.524712e+01	-1.741417e+03
2.200000e-07	-5.014087e-06	-2.646455e-08	-3.496301e+01	-1.738404e+03
2.300000e-07	-4.971381e-06	-2.647299e-08	-3.466523e+01	-1.735097e+03
2.400000e-07	-4.926660e-06	-2.642269e-08	-3.435339e+01	-1.731573e+03
2.500000e-07	-4.880212e-06	-2.637475e-08	-3.402950e+01	-1.727924e+03
2.600000e-07	-4.831922e-06	-2.630958e-08	-3.369278e+01	-1.724229e+03
2.700000e-07	-4.781575e-06	-2.622739e-08	-3.334171e+01	-1.720523e+03
2.800000e-07	-4.729159e-06	-2.618869e-08	-3.297622e+01	-1.716793e+03
2.900000e-07	-4.674899e-06	-2.613330e-08	-3.259787e+01	-1.712983e+03
3.000000e-07	-4.619047e-06	-2.605724e-08	-3.220842e+01	-1.709021e+03
3.100000e-07	-4.561489e-06	-2.599507e-08	-3.180707e+01	-1.704846e+03
3.200000e-07	-4.502139e-06	-2.596095e-08	-3.139322e+01	-1.700426e+03
3.300000e-07	-4.441207e-06	-2.589457e-08	-3.096834e+01	-1.695770e+03
3.400000e-07	-4.378749e-06	-2.579609e-08	-3.053283e+01	-1.690914e+03
3.500000e-07	-4.314851e-06	-2.571451e-08	-3.008727e+01	-1.685903e+03
3.600000e-07	-4.249460e-06	-2.562724e-08	-2.963130e+01	-1.680774e+03
3.700000e-07	-4.182371e-06	-2.555790e-08	-2.916349e+01	-1.675537e+03
3.800000e-07	-4.113671e-06	-2.548665e-08	-2.868445e+01	-1.670176e+03
3.900000e-07	-4.043531e-06	-2.539008e-08	-2.819536e+01	-1.664660e+03
4.000000e-07	-3.972088e-06	-2.530861e-08	-2.769720e+01	-1.658953e+03
4.100000e-07	-3.899346e-06	-2.522601e-08	-2.718997e+01	-1.653032e+03
4.200000e-07	-3.825023e-06	-2.513233e-08	-2.667172e+01	-1.646895e+03
4.300000e-07	-3.749010e-06	-2.502234e-08	-2.614168e+01	-1.640558e+03
4.400000e-07	-3.671481e-06	-2.491955e-08	-2.560107e+01	-1.634042e+03
4.500000e-07	-3.592508e-06	-2.482774e-08	-2.505040e+01	-1.627366e+03
4.600000e-07	-3.512068e-06	-2.472776e-08	-2.448950e+01	-1.620532e+03
4.700000e-07	-3.430271e-06	-2.461853e-08	-2.391913e+01	-1.613527e+03
4.800000e-07	-3.347259e-06	-2.449803e-08	-2.334029e+01	-1.606326e+03
4.900000e-07	-3.263260e-06	-2.438631e-08	-2.275457e+01	-1.598905e+03
5.000000e-07	-3.178323e-06	-2.427722e-08	-2.216231e+01	-1.591247e+03
5.100000e-07	-3.092397e-06	-2.415924e-08	-2.156315e+01	-1.583351e+03
5.200000e-07	-3.005500e-06	-2.403251e-08	-2.095722e+01	-1.575228e+03
5.300000e-07	-2.917617e-06	-2.390481e-08	-2.034441e+01	-1.566891e+03
5.400000e-07	-2.828789e-06	-2.377810e-08	-1.972502e+01	-1.558352e+03
5.500000e-07	-2.738858e-06	-2.364214e-08	-1.909794e+01	-1.549607e+03
5.600000e-07	-2.647771e-06	-2.349448e-08	-1.846280e+01	-1.540644e+03
5.700000e-07	-2.555688e-06	-2.334565e-08	-1.782070e+01	-1.531441e+03
5.800000e-07	-2.462699e-06	-2.320611e-08	-1.717229e+01	-1.521979e+03
5.900000e-07	-2.368867e-06	-2.306600e-08	-1.651801e+01	-1.512246e+03
6.000000e-07	-2.274275e-06	-2.291475e-08	-1.585842e+01	-1.502239e+03
6.100000e-07	-2.178909e-06	-2.275564e-08	-1.519343e+01	-1.491964e+03
6.200000e-07	-2.082783e-06	-2.259167e-08	-1.452316e+01	-1.481426e+03
6.300000e-07	-1.985915e-06	-2.242253e-08	-1.384770e+01	-1.470622e+03
6.400000e-07	-1.888219e-06	-2.224674e-08	-1.316647e+01	-1.459538e+03
6.500000e-07	-1.789697e-06	-2.206648e-08	-1.247948e+01	-1.448155e+03
6.600000e-07	-1.690472e-06	-2.188882e-08	-1.178759e+01	-1.436451e+03
6.700000e-07	-1.590661e-06	-2.171357e-08	-1.109161e+01	-1.424412e+03
6.800000e-07	-1.490307e-06	-2.152888e-08	-1.039185e+01	-1.412038e+03
6.900000e-07	-1.389389e-06	-2.133111e-08	-9.688146e+00	-1.399338e+03
7.000000e-07	-1.287970e-06	-2.113002e-08	-8.980962e+00	-1.386326e+03
7.100000e-07	-1.186170e-06	-2.092843e-08	-8.271112e+00	-1.373005e+03
7.200000e-07	-1.083986e-06	-2.071937e-08	-7.558588e+00	-1.359358e+03
7.300000e-07	-9.813900e-07	-2.050033e-08	-6.843190e+00	-1.345350e+03
7.400000e-07	-8.784707e-07	-2.027467e-08	-6.125538e+00	-1.330927e+03
7.500000e-07	-7.752879e-07	-2.004783e-08	-5.406049e+00	-1.316039e+03
7.600000e-07	-6.717820e-07	-1.981657e-08	-4.684307e+00	-1.300647e+03
7.700000e-07	-5.680091e-07	-1.957503e-08	-3.960703e+00	-1.284738e+03
7.800000e-07	-4.640932e-07	-1.932545e-08	-3.236102e+00	-1.268320e+03
7.900000e-07	-3.601086e-07	-1.907128e-08	-2.511022e+00	-1.251410e+03
8.000000e-07	-2.560734e-07	-1.881143e-08	-1.785589e+00	-1.234015e+03
8.100000e-07	-1.519768e-07	-1.853737e-08	-1.059727e+00	-1.216111e+03
8.200000e-07	-4.777402e-08	-1.824837e-08	-3.331262e-01	-1.197638e+03
8.300000e-07	5.649181e-08	-1.795093e-08	3.939149e-01	-1.178495e+03
8.400000e-07	1.607071e-07	-1.764773e-08	1.120604e+00	-1.158568e+03
8.500000e-07	2.648581e-07	-1.733478e-08	1.846844e+00	-1.137738e+03
8.600000e-07	3.688820e-07	-1.700549e-08	2.572198e+00	-1.115904e+03
8.700000e-07	4.727773e-07	-1.665640e-08	3.296655e+00	-1.092982e+03
8.800000e-07	5.765383e-07	-1.628866e-08	4.020176e+00	-1.068888e+03
8.900000e-07	6.801120e-07	-1.590031e-08	4.742392e+00	-1.043514e+03
9.000000e-07	7.835080e-07	-1.548647e-08	5.463367e+00	-1.016698e+03
9.100000e-07	8.866816e-07	-1.504623e-08	6.182792e+00	-9.882083e+02
9.200000e-07	9.895258e-07	-1.457917e-08	6.899920e+00	-9.577322e+02
9.300000e-07	1.091994e-06	-1.408114e-08	7.614427e+00	-9.248899e+02
9.400000e-07	1.194102e-06	-1.354023e-08	8.326418e+00	-8.892428e+02
9.500000e-07	1.295833e-06	-1.294471e-08	9.035784e+00	-8.502928e+02
9.600000e-07	1.397136e-06	-1.228861e-08	9.742166e+00	-8.074591e+02
9.700000e-07	1.498018e-06	-1.156354e-08	1.044562e+01	-7.600328e+02
9.800000e-07	1.598425e-06	-1.075157e-08	1.114575e+01	-7.071261e+02
9.900000e-07	1.698233e-06	-9.833728e-09	1.184171e+01	-6.476435e+02
1.000000e-06	1.797393e-06	-8.795762e-09	1.253314e+01	-5.803087e+02
1.010000e-06	1.895795e-06	-7.621188e-09	1.321930e+01	-5.037730e+02
1.020000e-06	1.993347e-06	-6.289391e-09	1.389952e+01	-4.168095e+02
1.030000e-06	2.090059e-06	-4.784270e-09	1.457389e+01	-3.185702e+02
1.040000e-06	2.186037e-06	-3.102252e-09	1.524314e+01	-2.088566e+02
1.050000e-06	2.281347e-06	-1.255342e-09	1.590773e+01	-8.833906e+01
1.060000e-06	2.375914e-06	7.304199e-10	1.656714e+01	4.134127e+01
1.070000e-06	2.469707e-06	2.816464e-09	1.722116e+01	1.776271e+02
1.080000e-06	2.562778e-06	4.950787e-09	1.787014e+01	3.172652e+02
1.090000e-06	2.654991e-06	7.074439e-09	1.851314e+01	4.566572e+02
1.100000e-06	2.746185e-06	9.131802e-09	1.914903e+01	5.922715e+02
1.110000e-06	2.836206e-06	1.107852e-08	1.977674e+01	7.210350e+02
1.120000e-06	2.925039e-06	1.288558e-08	2.039617e+01	8.406242e+02
1.130000e-06	3.012919e-06	1.453495e-08	2.100895e+01	9.496076e+02
1.140000e-06	3.099828e-06	1.601646e-08	2.161497e+01	1.047426e+03
1.150000e-06	3.185680e-06	1.732879e-08	2.221361e+01	1.134243e+03
1.160000e-06	3.270527e-06	1.848300e-08	2.280525e+01	1.210715e+03
1.170000e-06	3.354339e-06	1.949521e-08	2.338966e+01	1.277753e+03
1.180000e-06	3.437001e-06	2.037747e-08	2.396606e+01	1.336334e+03
1.190000e-06	3.518409e-06	2.114187e-08	2.453371e+01	1.387381e+03
1.200000e-06	3.598528e-06	2.180509e-08	2.509238e+01	1.431725e+03
1.210000e-06	3.677360e-06	2.238314e-08	2.564207e+01	1.470124e+03
1.220000e-06	3.754836e-06	2.288376e-08	2.618231e+01	1.503300e+03
1.230000e-06	3.830897e-06	2.331600e-08	2.671268e+01	1.531968e+03
1.240000e-06	3.905432e-06	2.369219e-08	2.723241e+01	1.556830e+03
1.250000e-06	3.978352e-06	2.402339e-08	2.774087e+01	1.578550e+03
1.260000e-06	4.049818e-06	2.431651e-08	2.823921e+01	1.597709e+03
1.270000e-06	4.119954e-06	2.457458e-08	2.872826e+01	1.614765e+03
1.280000e-06	4.188744e-06	2.480130e-08	2.920793e+01	1.630046e+03
1.290000e-06	4.256087e-06	2.500326e-08	2.967751e+01	1.643767e+03
1.300000e-06	4.321751e-06	2.518707e-08	3.013538e+01	1.656068e+03
1.310000e-06	4.385812e-06	2.535454e-08	3.058208e+01	1.667067e+03
1.320000e-06	4.448421e-06	2.550584e-08	3.101865e+01	1.676896e+03
1.330000e-06	4.509621e-06	2.564354e-08	3.144539e+01	1.685714e+03
1.340000e-06	4.569349e-06	2.577155e-08	3.186187e+01	1.693696e+03
1.350000e-06	4.627265e-06	2.588976e-08	3.226572e+01	1.701009e+03
1.360000e-06	4.683376e-06	2.599388e-08	3.265698e+01	1.707782e+03
1.370000e-06	4.737869e-06	2.608487e-08	3.303696e+01	1.714090e+03
1.380000e-06	4.790619e-06	2.616892e-08	3.340478e+01	1.719957e+03
1.390000e-06	4.841370e-06	2.624966e-08	3.375866e+01	1.725382e+03
1.400000e-06	4.890115e-06	2.632673e-08	3.409856e+01	1.730361e+03
1.410000e-06	4.937097e-06	2.639847e-08	3.442616e+01	1.734919e+03
1.420000e-06	4.982492e-06	2.646667e-08	3.474270e+01	1.739108e+03
1.430000e-06	5.026163e-06	2.653209e-08	3.504722e+01	1.743004e+03
1.440000e-06	5.067870e-06	2.659204e-08	3.533803e+01	1.746680e+03
1.450000e-06	5.107757e-06	2.664584e-08	3.561617e+01	1.750180e+03
1.460000e-06	5.146019e-06	2.669450e-08	3.588297e+01	1.753508e+03
1.470000e-06	5.182626e-06	2.673991e-08	3.613823e+01	1.756627e+03
1.480000e-06	5.217323e-06	2.678341e-08	3.638017e+01	1.759482e+03
1.490000e-06	5.250013e-06	2.682337e-08	3.660812e+01	1.762028e+03
1.500000e-06	5.280925e-06	2.685996e-08	3.682366e+01	1.764253e+03
1.510000e-06	5.310185e-06	2.689468e-08	3.702769e+01	1.766188e+03
1.520000e-06	5.337623e-06	2.692658e-08	3.721902e+01	1.767899e+03
1.530000e-06	5.362999e-06	2.695365e-08	3.739596e+01	1.769463e+03
1.540000e-06	5.386384e-06	2.697639e-08	3.755902e+01	1.770939e+03
1.550000e-06	5.407986e-06	2.699689e-08	3.770965e+01	1.772347e+03
1.560000e-06	5.427831e-06	2.701613e-08	3.784803e+01	1.773663e+03
1.570000e-06	5.445732e-06	2.703317e-08	3.797285e+01	1.774833e+03
1.580000e-06	5.461550e-06	2.704731e-08	3.808315e+01	1.775799e+03
1.590000e-06	5.475353e-06	2.706006e-08	3.817940e+01	1.776528e+03
1.600000e-06	5.487043e-06	2.707195e-08	3.826091e+01	1.777025e+03
1.610000e-06	5.496553e-06	2.708152e-08	3.832722e+01	1.777339e+03
1.620000e-06	5.504105e-06	2.708772e-08	3.837988e+01	1.777539e+03
1.630000e-06	5.509854e-06	2.709106e-08	3.841997e+01	1.777687e+03
1.640000e-06	5.513753e-06	2.709464e-08	3.844716e+01	1.777815e+03
1.650000e-06	5.515594e-06	2.709830e-08	3.846000e+01	1.777908e+03
1.660000e-06	5.515454e-06	2.709670e-08	3.845902e+01	1.777915e+03
1.670000e-06	5.513583e-06	2.708998e-08	3.844597e+01	1.777768e+03
1.680000e-06	5.509990e-06	2.708357e-08	3.842092e+01	1.777410e+03
1.690000e-06	5.504460e-06	2.707692e-08	3.838236e+01	1.776823e+03
1.700000e-06	5.497066e-06	2.706935e-08	3.833080e+01	1.776030e+03
1.710000e-06	5.488069e-06	2.705972e-08	3.826806e+01	1.775087e+03
1.720000e-06	5.477340e-06	2.705121e-08	3.819326e+01	1.774061e+03
1.730000e-06	5.464586e-06	2.704246e-08	3.810432e+01	1.773000e+03
1.740000e-06	5.449819e-06	2.698621e-08	3.800135e+01	1.771910e+03
1.750000e-06	5.432976e-06	2.692802e-08	3.788390e+01	1.770760e+03
1.760000e-06	5.413507e-06	2.690880e-08	3.774815e+01	1.769492e+03
1.770000e-06	5.391404e-06	2.690616e-08	3.759403e+01	1.768049e+03
1.780000e-06	5.367457e-06	2.696331e-08	3.742705e+01	1.766405e+03
1.790000e-06	5.342526e-06	2.692762e-08	3.725320e+01	1.764574e+03
1.800000e-06	5.316608e-06	2.681700e-08	3.707248e+01	1.762611e+03
1.810000e-06	5.288613e-06	2.684179e-08	3.687727e+01	1.760586e+03
1.820000e-06	5.258420e-06	2.680250e-08	3.666673e+01	1.758560e+03
1.830000e-06	5.226659e-06	2.675696e-08	3.644526e+01	1.756550e+03
1.840000e-06	5.193071e-06	2.680193e-08	3.621106e+01	1.754521e+03
1.850000e-06	5.157741e-06	2.670020e-08	3.596471e+01	1.752394e+03
1.860000e-06	5.120670e-06	2.667254e-08	3.570621e+01	1.750068e+03
1.870000e-06	5.081533e-06	2.671541e-08	3.543331e+01	1.747459e+03
1.880000e-06	5.040736e-06	2.660466e-08	3.514883e+01	1.744527e+03
1.890000e-06	4.998274e-06	2.656893e-08	3.485275e+01	1.741288e+03
1.900000e-06	4.953915e-06	2.649839e-08	3.454343e+01	1.737809e+03
1.910000e-06	4.907806e-06	2.641671e-08	3.422192e+01	1.734183e+03
1.920000e-06	4.859828e-06	2.644452e-08	3.388737e+01	1.730494e+03
1.930000e-06	4.810111e-06	2.633545e-08	3.354069e+01	1.726790e+03
1.940000e-06	4.758543e-06	2.627138e-08	3.318112e+01	1.723070e+03
1.950000e-06	4.704830e-06	2.625095e-08	3.280657e+01	1.719286e+03
1.960000e-06	4.649371e-06	2.616909e-08	3.241986e+01	1.715369e+03
1.970000e-06	4.592303e-06	2.610890e-08	3.202193e+01	1.711251e+03
1.980000e-06	4.533661e-06	2.600447e-08	3.161302e+01	1.706893e+03
1.990000e-06	4.473399e-06	2.595716e-08	3.119282e+01	1.702294e+03
2.000000e-06	4.411426e-06	2.590450e-08	3.076068e+01	1.697483e+03
2.010000e-06	4.347932e-06	2.582183e-08	3.031794e+01	1.692506e+03
2.020000e-06	4.282858e-06	2.575238e-08	2.986418e+01	1.687404e+03
2.030000e-06	4.216345e-06	2.564177e-08	2.940039e+01	1.682195e+03
2.040000e-06	4.148269e-06	2.558692e-08	2.892570e+01	1.676868e+03
2.050000e-06	4.078411e-06	2.550080e-08	2.843858e+01	1.671394e+03
2.060000e-06	4.007055e-06	2.539634e-08	2.794102e+01	1.665737e+03
2.070000e-06	3.934410e-06	2.531524e-08	2.743447e+01	1.659870e+03
2.080000e-06	3.860437e-06	2.522258e-08	2.691866e+01	1.653786e+03
2.090000e-06	3.784822e-06	2.515006e-08	2.639140e+01	1.647497e+03
2.100000e-06	3.707560e-06	2.503599e-08	2.585266e+01	1.641023e+03
2.110000e-06	3.628918e-06	2.492523e-08	2.530429e+01	1.634386e+03
2.120000e-06	3.548994e-06	2.482113e-08	2.474698e+01	1.627592e+03
2.130000e-06	3.467908e-06	2.471797e-08	2.418157e+01	1.620632e+03
2.140000e-06	3.385729e-06	2.461945e-08	2.360854e+01	1.613482e+03
2.150000e-06	3.302374e-06	2.450007e-08	2.302731e+01	1.606118e+03
2.160000e-06	3.217622e-06	2.438576e-08	2.243634e+01	1.598520e+03
2.170000e-06	3.131605e-06	2.426905e-08	2.183655e+01	1.590683e+03
2.180000e-06	3.044532e-06	2.415067e-08	2.122939e+01	1.582615e+03
2.190000e-06	2.956420e-06	2.401905e-08	2.061499e+01	1.574330e+03
2.200000e-06	2.867372e-06	2.388215e-08	1.999406e+01	1.565841e+03
2.210000e-06	2.777373e-06	2.375218e-08	1.936650e+01	1.557148e+03
2.220000e-06	2.686480e-06	2.362597e-08	1.873271e+01	1.548241e+03
2.230000e-06	2.594657e-06	2.348868e-08	1.809243e+01	1.539100e+03
2.240000e-06	2.501760e-06	2.334013e-08	1.744467e+01	1.529705e+03
2.250000e-06	2.407879e-06	2.319400e-08	1.679004e+01	1.520039e+03
2.260000e-06	2.313190e-06	2.304447e-08	1.612977e+01	1.510101e+03
2.270000e-06	2.217715e-06	2.289642e-08	1.546403e+01	1.499892e+03
2.280000e-06	2.121470e-06	2.273613e-08	1.479292e+01	1.489419e+03
2.290000e-06	2.024501e-06	2.257021e-08	1.411676e+01	1.478682e+03
2.300000e-06	1.926800e-06	2.240308e-08	1.343549e+01	1.467670e+03
2.310000e-06	1.828543e-06	2.223214e-08	1.275035e+01	1.456364e+03
2.320000e-06	1.729841e-06	2.205773e-08	1.206211e+01	1.444742e+03
2.330000e-06	1.630605e-06	2.187386e-08	1.137014e+01	1.432787e+03
2.340000e-06	1.530770e-06	2.169228e-08	1.067399e+01	1.420496e+03
2.350000e-06	1.430277e-06	2.150442e-08	9.973259e+00	1.407876e+03
2.360000e-06	1.329124e-06	2.130602e-08	9.267926e+00	1.394941e+03
2.370000e-06	1.227422e-06	2.109958e-08	8.558758e+00	1.381697e+03
2.380000e-06	1.125267e-06	2.088958e-08	7.846441e+00	1.368135e+03
2.390000e-06	1.022758e-06	2.068118e-08	7.131647e+00	1.354221e+03
2.400000e-06	9.198890e-07	2.046380e-08	6.414346e+00	1.339907e+03
2.410000e-06	8.166503e-07	2.023974e-08	5.694467e+00	1.325140e+03
2.420000e-06	7.130640e-07	2.001053e-08	4.972164e+00	1.309876e+03
2.430000e-06	6.091460e-07	1.977223e-08	4.247548e+00	1.294096e+03
2.440000e-06	5.050384e-07	1.952393e-08	3.521611e+00	1.277803e+03
2.450000e-06	4.008005e-07	1.926524e-08	2.794765e+00	1.261014e+03
2.460000e-06	2.964340e-07	1.899858e-08	2.067021e+00	1.243741e+03
2.470000e-06	1.919831e-07	1.872505e-08	1.338690e+00	1.225969e+03
2.480000e-06	8.750506e-08	1.844353e-08	6.101690e-01	1.207646e+03
2.490000e-06	-1.697275e-08	1.815166e-08	-1.183503e-01	1.188681e+03
2.500000e-06	-1.214467e-07	1.785067e-08	-8.468428e-01	1.168961e+03
2.510000e-06	-2.258617e-07	1.754070e-08	-1.574924e+00	1.148367e+03
2.520000e-06	-3.301724e-07	1.721868e-08	-2.302278e+00	1.126792e+03
2.530000e-06	-4.343930e-07	1.687814e-08	-3.029003e+00	1.104149e+03
2.540000e-06	-5.385142e-07	1.651430e-08	-3.755036e+00	1.080357e+03
2.550000e-06	-6.424629e-07	1.612954e-08	-4.479866e+00	1.055315e+03
2.560000e-06	-7.461713e-07	1.572479e-08	-5.203020e+00	1.028879e+03
2.570000e-06	-8.496150e-07	1.529580e-08	-5.924328e+00	1.000834e+03
2.580000e-06	-9.526921e-07	1.483713e-08	-6.643081e+00	9.708869e+02
2.590000e-06	-1.055287e-06	1.434835e-08	-7.358470e+00	9.386750e+02
2.600000e-06	-1.157363e-06	1.382313e-08	-8.070242e+00	9.037731e+02
2.610000e-06	-1.258958e-06	1.324875e-08	-8.778657e+00	8.656992e+02
2.620000e-06	-1.360086e-06	1.261598e-08	-9.483819e+00	8.238968e+02
2.630000e-06	-1.460675e-06	1.191640e-08	-1.018522e+01	7.776940e+02
2.640000e-06	-1.560623e-06	1.113647e-08	-1.088215e+01	7.262518e+02
2.650000e-06	-1.659907e-06	1.025915e-08	-1.157446e+01	6.685267e+02
2.660000e-06	-1.758655e-06	9.267947e-09	-1.226303e+01	6.032811e+02
2.670000e-06	-1.856940e-06	8.144262e-09	-1.294836e+01	5.291693e+02
2.680000e-06	-1.954664e-06	6.868356e-09	-1.362979e+01	4.449117e+02
2.690000e-06	-2.051695e-06	5.425649e-09	-1.430638e+01	3.495395e+02
2.700000e-06	-2.148011e-06	3.811172e-09	-1.497799e+01	2.426683e+02
2.710000e-06	-2.243726e-06	2.027769e-09	-1.564541e+01	1.247360e+02
2.720000e-06	-2.338793e-06	9.096448e-11	-1.630830e+01	-2.860274e+00
2.730000e-06	-2.433059e-06	-1.965634e-09	-1.696562e+01	-1.377778e+02
2.740000e-06	-2.526406e-06	-4.094811e-09	-1.761652e+01	-2.769088e+02
2.750000e-06	-2.618681e-06	-6.239002e-09	-1.825995e+01	-4.167033e+02
2.760000e-06	-2.709879e-06	-8.337875e-09	-1.889587e+01	-5.535742e+02
2.770000e-06	-2.800038e-06	-1.034009e-08	-1.952454e+01	-6.843013e+02
2.780000e-06	-2.889141e-06	-1.220819e-08	-2.014585e+01	-8.063542e+02
2.790000e-06	-2.977294e-06	-1.392114e-08	-2.076055e+01	-9.180739e+02
2.800000e-06	-3.064567e-06	-1.546997e-08	-2.136910e+01	-1.018693e+03
2.810000e-06	-3.150844e-06	-1.685289e-08	-2.197070e+01	-1.108214e+03
2.820000e-06	-3.235946e-06	-1.807568e-08	-2.256411e+01	-1.187193e+03
2.830000e-06	-3.319698e-06	-1.915021e-08	-2.314811e+01	-1.256498e+03
2.840000e-06	-3.402243e-06	-2.008946e-08	-2.372369e+01	-1.317104e+03
2.850000e-06	-3.483726e-06	-2.090644e-08	-2.429187e+01	-1.369953e+03
2.860000e-06	-3.564075e-06	-2.161303e-08	-2.485214e+01	-1.415899e+03
2.870000e-06	-3.643190e-06	-2.222395e-08	-2.540381e+01	-1.455716e+03
2.880000e-06	-3.720841e-06	-2.275374e-08	-2.594527e+01	-1.490132e+03
2.890000e-06	-3.796895e-06	-2.321215e-08	-2.647558e+01	-1.519860e+03
2.900000e-06	-3.871422e-06	-2.360995e-08	-2.699526e+01	-1.545609e+03
2.910000e-06	-3.944541e-06	-2.395921e-08	-2.750511e+01	-1.568056e+03
2.920000e-06	-4.016365e-06	-2.426794e-08	-2.800594e+01	-1.587807e+03
2.930000e-06	-4.086860e-06	-2.454018e-08	-2.849750e+01	-1.605353e+03
2.940000e-06	-4.155751e-06	-2.478032e-08	-2.897787e+01	-1.621055e+03
2.950000e-06	-4.223006e-06	-2.499302e-08	-2.944683e+01	-1.635150e+03
2.960000e-06	-4.288803e-06	-2.518307e-08	-2.990564e+01	-1.647795e+03
2.970000e-06	-4.353230e-06	-2.535658e-08	-3.035489e+01	-1.659109e+03
2.980000e-06	-4.416244e-06	-2.551477e-08	-3.079428e+01	-1.669217e+03
2.990000e-06	-4.477588e-06	-2.565528e-08	-3.122202e+01	-1.678271e+03
3.000000e-06	-4.537125e-06	-2.577984e-08	-3.163718e+01	-1.686446e+03
3.010000e-06	-4.595049e-06	-2.589299e-08	-3.204108e+01	-1.693913e+03
3.020000e-06	-4.651504e-06	-2.599688e-08	-3.243473e+01	-1.700812e+03
3.030000e-06	-4.706370e-06	-2.609168e-08	-3.281732e+01	-1.707232e+03
3.040000e-06	-4.759368e-06	-2.617968e-08	-3.318686e+01	-1.713209e+03
3.050000e-06	-4.810381e-06	-2.626315e-08	-3.354258e+01	-1.718745e+03
3.060000e-06	-4.859480e-06	-2.634222e-08	-3.388494e+01	-1.723835e+03
3.070000e-06	-4.906560e-06	-2.641555e-08	-3.421323e+01	-1.728494e+03
3.080000e-06	-4.951787e-06	-2.648101e-08	-3.452860e+01	-1.732769e+03
3.090000e-06	-4.995447e-06	-2.654020e-08	-3.483304e+01	-1.736732e+03
3.100000e-06	-5.037557e-06	-2.659468e-08	-3.512666e+01	-1.740457e+03
3.110000e-06	-5.078068e-06	-2.664548e-08	-3.540915e+01	-1.743999e+03
3.120000e-06	-5.116867e-06	-2.669277e-08	-3.567969e+01	-1.747372e+03
3.130000e-06	-5.153765e-06	-2.673833e-08	-3.593698e+01	-1.750548e+03
3.140000e-06	-5.188718e-06	-2.678174e-08	-3.618070e+01	-1.753474e+03
3.150000e-06	-5.221908e-06	-2.682078e-08	-3.641214e+01	-1.756101e+03
3.160000e-06	-5.253401e-06	-2.685600e-08	-3.663174e+01	-1.758405e+03
3.170000e-06	-5.282961e-06	-2.688650e-08	-3.683786e+01	-1.760407e+03
3.180000e-06	-5.310509e-06	-2.691324e-08	-3.702995e+01	-1.762167e+03
3.190000e-06	-5.336243e-06	-2.693625e-08	-3.720939e+01	-1.763761e+03
3.200000e-06	-5.360182e-06	-2.695579e-08	-3.737631e+01	-1.765256e+03
3.210000e-06	-5.382200e-06	-2.697388e-08	-3.752984e+01	-1.766682e+03
3.220000e-06	-5.402251e-06	-2.699162e-08	-3.766966e+01	-1.768025e+03
3.230000e-06	-5.420435e-06	-2.700872e-08	-3.779646e+01	-1.769238e+03
3.240000e-06	-5.436809e-06	-2.702435e-08	-3.791063e+01	-1.770260e+03
3.250000e-06	-5.451177e-06	-2.703652e-08	-3.801082e+01	-1.771049e+03
3.260000e-06	-5.463279e-06	-2.704524e-08	-3.809521e+01	-1.771601e+03
3.270000e-06	-5.473291e-06	-2.705162e-08	-3.816502e+01	-1.771955e+03
3.280000e-06	-5.481471e-06	-2.705303e-08	-3.822206e+01	-1.772177e+03
3.290000e-06	-5.487714e-06	-2.704857e-08	-3.826559e+01	-1.772334e+03
3.300000e-06	-5.491908e-06	-2.704337e-08	-3.829483e+01	-1.772466e+03
3.310000e-06	-5.494220e-06	-2.704070e-08	-3.831096e+01	-1.772571e+03
3.320000e-06	-5.494795e-06	-2.704197e-08	-3.831497e+01	-1.772606e+03
