# Temperatura_=_48.36
# Concentracion g/m^3_=_18700.0
# C_Vs_to_Am_M_A/Vsm_=_65563218390.804596
# pendiente_HvsI_1/m_=_3716.3
# ordenada_HvsI_A/m_=_1297.0
# frecuencia_Hz_=_301354.67275572947

Tiempo_(s)	Campo_(V.s)	Magnetizacion_(V.s)	Campo_(kA/m)	Magnetizacion_(A/m)
0.000000e+00	-8.365615e-06	-2.770764e-08	-5.693570e+01	-1.813133e+03
1.000000e-08	-8.360995e-06	-2.770807e-08	-5.690425e+01	-1.812327e+03
2.000000e-08	-8.353790e-06	-2.770264e-08	-5.685522e+01	-1.811507e+03
3.000000e-08	-8.343803e-06	-2.769195e-08	-5.678724e+01	-1.810829e+03
4.000000e-08	-8.330832e-06	-2.767787e-08	-5.669897e+01	-1.810337e+03
5.000000e-08	-8.314848e-06	-2.765985e-08	-5.659018e+01	-1.809949e+03
6.000000e-08	-8.296042e-06	-2.763451e-08	-5.646219e+01	-1.809485e+03
7.000000e-08	-8.274766e-06	-2.761315e-08	-5.631738e+01	-1.808757e+03
8.000000e-08	-8.250689e-06	-2.763435e-08	-5.615352e+01	-1.807649e+03
9.000000e-08	-8.223272e-06	-2.763322e-08	-5.596692e+01	-1.806174e+03
1.000000e-07	-8.192595e-06	-2.758496e-08	-5.575813e+01	-1.804473e+03
1.100000e-07	-8.158849e-06	-2.755361e-08	-5.552846e+01	-1.802757e+03
1.200000e-07	-8.122213e-06	-2.753443e-08	-5.527912e+01	-1.801215e+03
1.300000e-07	-8.083138e-06	-2.748669e-08	-5.501318e+01	-1.799934e+03
1.400000e-07	-8.041760e-06	-2.742550e-08	-5.473156e+01	-1.798860e+03
1.500000e-07	-7.997703e-06	-2.744674e-08	-5.443172e+01	-1.797817e+03
1.600000e-07	-7.950776e-06	-2.741448e-08	-5.411233e+01	-1.796582e+03
1.700000e-07	-7.900949e-06	-2.736994e-08	-5.377322e+01	-1.794974e+03
1.800000e-07	-7.848041e-06	-2.738451e-08	-5.341313e+01	-1.792927e+03
1.900000e-07	-7.792192e-06	-2.730352e-08	-5.303302e+01	-1.790516e+03
2.000000e-07	-7.733558e-06	-2.725852e-08	-5.263397e+01	-1.787912e+03
2.100000e-07	-7.672133e-06	-2.721365e-08	-5.221592e+01	-1.785307e+03
2.200000e-07	-7.607961e-06	-2.716630e-08	-5.177917e+01	-1.782823e+03
2.300000e-07	-7.540969e-06	-2.715526e-08	-5.132322e+01	-1.780460e+03
2.400000e-07	-7.471237e-06	-2.709826e-08	-5.084863e+01	-1.778097e+03
2.500000e-07	-7.398755e-06	-2.706436e-08	-5.035533e+01	-1.775546e+03
2.600000e-07	-7.323348e-06	-2.701261e-08	-4.984211e+01	-1.772637e+03
2.700000e-07	-7.245097e-06	-2.696167e-08	-4.930954e+01	-1.769297e+03
2.800000e-07	-7.164007e-06	-2.689398e-08	-4.875765e+01	-1.765584e+03
2.900000e-07	-7.080325e-06	-2.683285e-08	-4.818811e+01	-1.761660e+03
3.000000e-07	-6.994359e-06	-2.679558e-08	-4.760304e+01	-1.757720e+03
3.100000e-07	-6.906049e-06	-2.672972e-08	-4.700201e+01	-1.753899e+03
3.200000e-07	-6.815242e-06	-2.668262e-08	-4.638398e+01	-1.750214e+03
3.300000e-07	-6.721948e-06	-2.660919e-08	-4.574903e+01	-1.746546e+03
3.400000e-07	-6.626283e-06	-2.653216e-08	-4.509794e+01	-1.742688e+03
3.500000e-07	-6.528193e-06	-2.646381e-08	-4.443035e+01	-1.738440e+03
3.600000e-07	-6.427643e-06	-2.639425e-08	-4.374602e+01	-1.733686e+03
3.700000e-07	-6.324793e-06	-2.631943e-08	-4.304603e+01	-1.728454e+03
3.800000e-07	-6.219704e-06	-2.623807e-08	-4.233080e+01	-1.722899e+03
3.900000e-07	-6.112336e-06	-2.616501e-08	-4.160006e+01	-1.717236e+03
4.000000e-07	-6.002852e-06	-2.607549e-08	-4.085492e+01	-1.711645e+03
4.100000e-07	-5.891231e-06	-2.598099e-08	-4.009524e+01	-1.706182e+03
4.200000e-07	-5.777363e-06	-2.587776e-08	-3.932026e+01	-1.700755e+03
4.300000e-07	-5.661151e-06	-2.578526e-08	-3.852933e+01	-1.695155e+03
4.400000e-07	-5.542772e-06	-2.569786e-08	-3.772366e+01	-1.689144e+03
4.500000e-07	-5.422419e-06	-2.560467e-08	-3.690454e+01	-1.682556e+03
4.600000e-07	-5.300125e-06	-2.549918e-08	-3.607222e+01	-1.675367e+03
4.700000e-07	-5.175918e-06	-2.538602e-08	-3.522688e+01	-1.667710e+03
4.800000e-07	-5.049833e-06	-2.527043e-08	-3.436875e+01	-1.659808e+03
4.900000e-07	-4.921940e-06	-2.514372e-08	-3.349832e+01	-1.651881e+03
5.000000e-07	-4.792262e-06	-2.501344e-08	-3.261574e+01	-1.644038e+03
5.100000e-07	-4.660847e-06	-2.488315e-08	-3.172134e+01	-1.636226e+03
5.200000e-07	-4.527684e-06	-2.476047e-08	-3.081505e+01	-1.628242e+03
5.300000e-07	-4.392976e-06	-2.463290e-08	-2.989823e+01	-1.619819e+03
5.400000e-07	-4.256683e-06	-2.449047e-08	-2.897064e+01	-1.610738e+03
5.500000e-07	-4.118750e-06	-2.433465e-08	-2.803188e+01	-1.600921e+03
5.600000e-07	-3.979356e-06	-2.417722e-08	-2.708317e+01	-1.590463e+03
5.700000e-07	-3.838279e-06	-2.401968e-08	-2.612302e+01	-1.579593e+03
5.800000e-07	-3.695534e-06	-2.385321e-08	-2.515151e+01	-1.568565e+03
5.900000e-07	-3.551361e-06	-2.367958e-08	-2.417027e+01	-1.557538e+03
6.000000e-07	-3.405968e-06	-2.350359e-08	-2.318074e+01	-1.546495e+03
6.100000e-07	-3.259472e-06	-2.332549e-08	-2.218370e+01	-1.535238e+03
6.200000e-07	-3.111762e-06	-2.313689e-08	-2.117840e+01	-1.523459e+03
6.300000e-07	-2.962918e-06	-2.293540e-08	-2.016538e+01	-1.510873e+03
6.400000e-07	-2.813081e-06	-2.272877e-08	-1.914560e+01	-1.497339e+03
6.500000e-07	-2.662368e-06	-2.252093e-08	-1.811986e+01	-1.482922e+03
6.600000e-07	-2.510752e-06	-2.230292e-08	-1.708797e+01	-1.467869e+03
6.700000e-07	-2.358155e-06	-2.207113e-08	-1.604941e+01	-1.452495e+03
6.800000e-07	-2.204670e-06	-2.182784e-08	-1.500481e+01	-1.437037e+03
6.900000e-07	-2.050405e-06	-2.157924e-08	-1.395489e+01	-1.421527e+03
7.000000e-07	-1.895408e-06	-2.132740e-08	-1.289999e+01	-1.405755e+03
7.100000e-07	-1.739736e-06	-2.106499e-08	-1.184050e+01	-1.389331e+03
7.200000e-07	-1.583455e-06	-2.078986e-08	-1.077686e+01	-1.371835e+03
7.300000e-07	-1.426617e-06	-2.050327e-08	-9.709437e+00	-1.352988e+03
7.400000e-07	-1.269241e-06	-2.020650e-08	-8.638350e+00	-1.332771e+03
7.500000e-07	-1.111329e-06	-1.989268e-08	-7.563612e+00	-1.311435e+03
7.600000e-07	-9.530262e-07	-1.956063e-08	-6.486219e+00	-1.289384e+03
7.700000e-07	-7.944371e-07	-1.921585e-08	-5.406874e+00	-1.266983e+03
7.800000e-07	-6.355453e-07	-1.886083e-08	-4.325470e+00	-1.244354e+03
7.900000e-07	-4.763780e-07	-1.849079e-08	-3.242190e+00	-1.221259e+03
8.000000e-07	-3.170317e-07	-1.809869e-08	-2.157692e+00	-1.197119e+03
8.100000e-07	-1.576195e-07	-1.768492e-08	-1.072746e+00	-1.171179e+03
8.200000e-07	1.815481e-09	-1.724992e-08	1.235602e-02	-1.142756e+03
8.300000e-07	1.613325e-07	-1.678956e-08	1.098016e+00	-1.111465e+03
8.400000e-07	3.207910e-07	-1.629278e-08	2.183277e+00	-1.077325e+03
8.500000e-07	4.800049e-07	-1.575285e-08	3.266875e+00	-1.040677e+03
8.600000e-07	6.390114e-07	-1.516471e-08	4.349059e+00	-1.001921e+03
8.700000e-07	7.977840e-07	-1.452078e-08	5.429653e+00	-9.611405e+02
8.800000e-07	9.563076e-07	-1.381512e-08	6.508552e+00	-9.177463e+02
8.900000e-07	1.114526e-06	-1.304125e-08	7.585370e+00	-8.702719e+02
9.000000e-07	1.272360e-06	-1.218847e-08	8.659575e+00	-8.164079e+02
9.100000e-07	1.429751e-06	-1.123292e-08	9.730767e+00	-7.532927e+02
9.200000e-07	1.586588e-06	-1.013012e-08	1.079819e+01	-6.779943e+02
9.300000e-07	1.742784e-06	-8.821678e-09	1.186125e+01	-5.880572e+02
9.400000e-07	1.898320e-06	-7.242896e-09	1.291981e+01	-4.819769e+02
9.500000e-07	2.053131e-06	-5.324738e-09	1.397344e+01	-3.594889e+02
9.600000e-07	2.207171e-06	-3.082352e-09	1.502182e+01	-2.216303e+02
9.700000e-07	2.360529e-06	-6.785583e-10	1.606557e+01	-7.059775e+01
9.800000e-07	2.513146e-06	1.750585e-09	1.710427e+01	9.051803e+01
9.900000e-07	2.664889e-06	4.180238e-09	1.813702e+01	2.580278e+02
1.000000e-06	2.815685e-06	6.613217e-09	1.916332e+01	4.278992e+02
1.010000e-06	2.965427e-06	9.048896e-09	2.018246e+01	5.959495e+02
1.020000e-06	3.114023e-06	1.148478e-08	2.119379e+01	7.580036e+02
1.030000e-06	3.261416e-06	1.388789e-08	2.219693e+01	9.100704e+02
1.040000e-06	3.407584e-06	1.609802e-08	2.319174e+01	1.048582e+03
1.050000e-06	3.552567e-06	1.795811e-08	2.417849e+01	1.170702e+03
1.060000e-06	3.696267e-06	1.945978e-08	2.515649e+01	1.274653e+03
1.070000e-06	3.838575e-06	2.066000e-08	2.612503e+01	1.359969e+03
1.080000e-06	3.979404e-06	2.161603e-08	2.708350e+01	1.427588e+03
1.090000e-06	4.118729e-06	2.237761e-08	2.803173e+01	1.479697e+03
1.100000e-06	4.256593e-06	2.298844e-08	2.897003e+01	1.519351e+03
1.110000e-06	4.392883e-06	2.348362e-08	2.989760e+01	1.549926e+03
1.120000e-06	4.527516e-06	2.389096e-08	3.081391e+01	1.574541e+03
1.130000e-06	4.660498e-06	2.422935e-08	3.171897e+01	1.595601e+03
1.140000e-06	4.791747e-06	2.451231e-08	3.261224e+01	1.614569e+03
1.150000e-06	4.921307e-06	2.475472e-08	3.349401e+01	1.632002e+03
1.160000e-06	5.049156e-06	2.496733e-08	3.436414e+01	1.647821e+03
1.170000e-06	5.175204e-06	2.515609e-08	3.522202e+01	1.661689e+03
1.180000e-06	5.299479e-06	2.532536e-08	3.606782e+01	1.673378e+03
1.190000e-06	5.421864e-06	2.547841e-08	3.690077e+01	1.682985e+03
1.200000e-06	5.542305e-06	2.562006e-08	3.772048e+01	1.690971e+03
1.210000e-06	5.660716e-06	2.575352e-08	3.852637e+01	1.698013e+03
1.220000e-06	5.776914e-06	2.587610e-08	3.931721e+01	1.704778e+03
1.230000e-06	5.890930e-06	2.598426e-08	4.009319e+01	1.711703e+03
1.240000e-06	6.002755e-06	2.608447e-08	4.085426e+01	1.718879e+03
1.250000e-06	6.112445e-06	2.618109e-08	4.160080e+01	1.726080e+03
1.260000e-06	6.220042e-06	2.627324e-08	4.233310e+01	1.732911e+03
1.270000e-06	6.325394e-06	2.635860e-08	4.305012e+01	1.739005e+03
1.280000e-06	6.428428e-06	2.643917e-08	4.375136e+01	1.744196e+03
1.290000e-06	6.529106e-06	2.651981e-08	4.443656e+01	1.748581e+03
1.300000e-06	6.627422e-06	2.659878e-08	4.510569e+01	1.752475e+03
1.310000e-06	6.723312e-06	2.666937e-08	4.575832e+01	1.756268e+03
1.320000e-06	6.816845e-06	2.673040e-08	4.639490e+01	1.760262e+03
1.330000e-06	6.908028e-06	2.678829e-08	4.701548e+01	1.764556e+03
1.340000e-06	6.996750e-06	2.684797e-08	4.761931e+01	1.769019e+03
1.350000e-06	7.083022e-06	2.690730e-08	4.820647e+01	1.773366e+03
1.360000e-06	7.166806e-06	2.696128e-08	4.877670e+01	1.777289e+03
1.370000e-06	7.248057e-06	2.701324e-08	4.932968e+01	1.780599e+03
1.380000e-06	7.326675e-06	2.706644e-08	4.986476e+01	1.783301e+03
1.390000e-06	7.402577e-06	2.711786e-08	5.038134e+01	1.785588e+03
1.400000e-06	7.475732e-06	2.716392e-08	5.087922e+01	1.787748e+03
1.410000e-06	7.546210e-06	2.720432e-08	5.135889e+01	1.790044e+03
1.420000e-06	7.614051e-06	2.724308e-08	5.182061e+01	1.792600e+03
1.430000e-06	7.679118e-06	2.728072e-08	5.226345e+01	1.795360e+03
1.440000e-06	7.741495e-06	2.731590e-08	5.268799e+01	1.798117e+03
1.450000e-06	7.801213e-06	2.734940e-08	5.309442e+01	1.800618e+03
1.460000e-06	7.858157e-06	2.738196e-08	5.348198e+01	1.802671e+03
1.470000e-06	7.912207e-06	2.741481e-08	5.384984e+01	1.804233e+03
1.480000e-06	7.963088e-06	2.744636e-08	5.419613e+01	1.805418e+03
1.490000e-06	8.010870e-06	2.747472e-08	5.452133e+01	1.806447e+03
1.500000e-06	8.055859e-06	2.749701e-08	5.482752e+01	1.807542e+03
1.510000e-06	8.098009e-06	2.751377e-08	5.511439e+01	1.808834e+03
1.520000e-06	8.137234e-06	2.753051e-08	5.538136e+01	1.810305e+03
1.530000e-06	8.173646e-06	2.754679e-08	5.562917e+01	1.811802e+03
1.540000e-06	8.207158e-06	2.756317e-08	5.585725e+01	1.813109e+03
1.550000e-06	8.237804e-06	2.757903e-08	5.606583e+01	1.814048e+03
1.560000e-06	8.265630e-06	2.759500e-08	5.625521e+01	1.814556e+03
1.570000e-06	8.290440e-06	2.760936e-08	5.642406e+01	1.814711e+03
1.580000e-06	8.312316e-06	2.761944e-08	5.657295e+01	1.814702e+03
1.590000e-06	8.331368e-06	2.762591e-08	5.670261e+01	1.814739e+03
1.600000e-06	8.347476e-06	2.762997e-08	5.681224e+01	1.814963e+03
1.610000e-06	8.360416e-06	2.763385e-08	5.690031e+01	1.815388e+03
1.620000e-06	8.370070e-06	2.763675e-08	5.696601e+01	1.815894e+03
1.630000e-06	8.376697e-06	2.763941e-08	5.701112e+01	1.816287e+03
1.640000e-06	8.380417e-06	2.764219e-08	5.703643e+01	1.816383e+03
1.650000e-06	8.381161e-06	2.764464e-08	5.704150e+01	1.816095e+03
1.660000e-06	8.379152e-06	2.764170e-08	5.702783e+01	1.815465e+03
1.670000e-06	8.374410e-06	2.763715e-08	5.699556e+01	1.814648e+03
1.680000e-06	8.366857e-06	2.763193e-08	5.694415e+01	1.813836e+03
1.690000e-06	8.356445e-06	2.762229e-08	5.687328e+01	1.813177e+03
1.700000e-06	8.342995e-06	2.761064e-08	5.678175e+01	1.812702e+03
1.710000e-06	8.326802e-06	2.760416e-08	5.667153e+01	1.812314e+03
1.720000e-06	8.308241e-06	2.760570e-08	5.654521e+01	1.811830e+03
1.730000e-06	8.287033e-06	2.756658e-08	5.640087e+01	1.811064e+03
1.740000e-06	8.262567e-06	2.751284e-08	5.623436e+01	1.809912e+03
1.750000e-06	8.234198e-06	2.752536e-08	5.604128e+01	1.808404e+03
1.760000e-06	8.202134e-06	2.752462e-08	5.582306e+01	1.806690e+03
1.770000e-06	8.167359e-06	2.749634e-08	5.558638e+01	1.804984e+03
1.780000e-06	8.130175e-06	2.750551e-08	5.533331e+01	1.803467e+03
1.790000e-06	8.090789e-06	2.750190e-08	5.506525e+01	1.802213e+03
1.800000e-06	8.049420e-06	2.742786e-08	5.478370e+01	1.801151e+03
1.810000e-06	8.005344e-06	2.744468e-08	5.448372e+01	1.800098e+03
1.820000e-06	7.958276e-06	2.742843e-08	5.416338e+01	1.798829e+03
1.830000e-06	7.908356e-06	2.736965e-08	5.382363e+01	1.797173e+03
1.840000e-06	7.855092e-06	2.738875e-08	5.346112e+01	1.795081e+03
1.850000e-06	7.798869e-06	2.731785e-08	5.307847e+01	1.792639e+03
1.860000e-06	7.739965e-06	2.733160e-08	5.267757e+01	1.790026e+03
1.870000e-06	7.678205e-06	2.729839e-08	5.225724e+01	1.787428e+03
1.880000e-06	7.613742e-06	2.722691e-08	5.181851e+01	1.784959e+03
1.890000e-06	7.546373e-06	2.722028e-08	5.136000e+01	1.782603e+03
1.900000e-06	7.476094e-06	2.713501e-08	5.088169e+01	1.780229e+03
1.910000e-06	7.402940e-06	2.712535e-08	5.038381e+01	1.777645e+03
1.920000e-06	7.326922e-06	2.707355e-08	4.986643e+01	1.774690e+03
1.930000e-06	7.248112e-06	2.703148e-08	4.933006e+01	1.771305e+03
1.940000e-06	7.166811e-06	2.699937e-08	4.877673e+01	1.767559e+03
1.950000e-06	7.083057e-06	2.691867e-08	4.820671e+01	1.763624e+03
1.960000e-06	6.996562e-06	2.688427e-08	4.761804e+01	1.759690e+03
1.970000e-06	6.907635e-06	2.679762e-08	4.701280e+01	1.755885e+03
1.980000e-06	6.816293e-06	2.675506e-08	4.639114e+01	1.752209e+03
1.990000e-06	6.722473e-06	2.670034e-08	4.575260e+01	1.748530e+03
2.000000e-06	6.626319e-06	2.664095e-08	4.509819e+01	1.744639e+03
2.010000e-06	6.527890e-06	2.657793e-08	4.442829e+01	1.740338e+03
2.020000e-06	6.427121e-06	2.649651e-08	4.374247e+01	1.735528e+03
2.030000e-06	6.323849e-06	2.642135e-08	4.303960e+01	1.730251e+03
2.040000e-06	6.218342e-06	2.633502e-08	4.232153e+01	1.724674e+03
2.050000e-06	6.110685e-06	2.626205e-08	4.158883e+01	1.719011e+03
2.060000e-06	6.000895e-06	2.618405e-08	4.084160e+01	1.713432e+03
2.070000e-06	5.888907e-06	2.611836e-08	4.007942e+01	1.707979e+03
2.080000e-06	5.774561e-06	2.602672e-08	3.930119e+01	1.702544e+03
2.090000e-06	5.657931e-06	2.593479e-08	3.850742e+01	1.696911e+03
2.100000e-06	5.539127e-06	2.582529e-08	3.769885e+01	1.690843e+03
2.110000e-06	5.418309e-06	2.572389e-08	3.687657e+01	1.684187e+03
2.120000e-06	5.295546e-06	2.561625e-08	3.604106e+01	1.676939e+03
2.130000e-06	5.170909e-06	2.551236e-08	3.519278e+01	1.669243e+03
2.140000e-06	5.044450e-06	2.541397e-08	3.433212e+01	1.661329e+03
2.150000e-06	4.916184e-06	2.529672e-08	3.345915e+01	1.653407e+03
2.160000e-06	4.786101e-06	2.518131e-08	3.257382e+01	1.645572e+03
2.170000e-06	4.654294e-06	2.504578e-08	3.167675e+01	1.637752e+03
2.180000e-06	4.520920e-06	2.491543e-08	3.076901e+01	1.629733e+03
2.190000e-06	4.385985e-06	2.477929e-08	2.985066e+01	1.621248e+03
2.200000e-06	4.249344e-06	2.464592e-08	2.892069e+01	1.612088e+03
2.210000e-06	4.111040e-06	2.450623e-08	2.797941e+01	1.602193e+03
2.220000e-06	3.971184e-06	2.435838e-08	2.702755e+01	1.591678e+03
2.230000e-06	3.829804e-06	2.420637e-08	2.606534e+01	1.580779e+03
2.240000e-06	3.686998e-06	2.404583e-08	2.509341e+01	1.569745e+03
2.250000e-06	3.542846e-06	2.387693e-08	2.411232e+01	1.558720e+03
2.260000e-06	3.397486e-06	2.369953e-08	2.312301e+01	1.547666e+03
2.270000e-06	3.250881e-06	2.351891e-08	2.212523e+01	1.536367e+03
2.280000e-06	3.103086e-06	2.333387e-08	2.111935e+01	1.524513e+03
2.290000e-06	2.954222e-06	2.314075e-08	2.010619e+01	1.511828e+03
2.300000e-06	2.804373e-06	2.293616e-08	1.908633e+01	1.498192e+03
2.310000e-06	2.653639e-06	2.272721e-08	1.806045e+01	1.483692e+03
2.320000e-06	2.501944e-06	2.251124e-08	1.702803e+01	1.468588e+03
2.330000e-06	2.349292e-06	2.228886e-08	1.598909e+01	1.453196e+03
2.340000e-06	2.195815e-06	2.205503e-08	1.494454e+01	1.437734e+03
2.350000e-06	2.041524e-06	2.180983e-08	1.389445e+01	1.422209e+03
2.360000e-06	1.886374e-06	2.155688e-08	1.283851e+01	1.406388e+03
2.370000e-06	1.730540e-06	2.129454e-08	1.177792e+01	1.389867e+03
2.380000e-06	1.574157e-06	2.102105e-08	1.071359e+01	1.372234e+03
2.390000e-06	1.417242e-06	2.073641e-08	9.645632e+00	1.353236e+03
2.400000e-06	1.259792e-06	2.044350e-08	8.574045e+00	1.332882e+03
2.410000e-06	1.101832e-06	2.013906e-08	7.498980e+00	1.311448e+03
2.420000e-06	9.435047e-07	1.982037e-08	6.421416e+00	1.289344e+03
2.430000e-06	7.849171e-07	1.948265e-08	5.342082e+00	1.266918e+03
2.440000e-06	6.260931e-07	1.912587e-08	4.261139e+00	1.244256e+03
2.450000e-06	4.669924e-07	1.875357e-08	3.178312e+00	1.221081e+03
2.460000e-06	3.076939e-07	1.836462e-08	2.094140e+00	1.196784e+03
2.470000e-06	1.483149e-07	1.795494e-08	1.009419e+00	1.170606e+03
2.480000e-06	-1.106069e-08	1.752448e-08	-7.527813e-02	1.141887e+03
2.490000e-06	-1.703905e-07	1.707014e-08	-1.159664e+00	1.110282e+03
2.500000e-06	-3.296599e-07	1.658123e-08	-2.243638e+00	1.075851e+03
2.510000e-06	-4.887918e-07	1.604840e-08	-3.326677e+00	1.038960e+03
2.520000e-06	-6.477164e-07	1.546145e-08	-4.408305e+00	9.999917e+02
2.530000e-06	-8.064211e-07	1.481647e-08	-5.488437e+00	9.589730e+02
2.540000e-06	-9.648492e-07	1.411335e-08	-6.566685e+00	9.152270e+02
2.550000e-06	-1.122879e-06	1.334665e-08	-7.642223e+00	8.671907e+02
2.560000e-06	-1.280486e-06	1.250024e-08	-8.714881e+00	8.124772e+02
2.570000e-06	-1.437684e-06	1.154495e-08	-9.784760e+00	7.481923e+02
2.580000e-06	-1.594323e-06	1.044304e-08	-1.085083e+01	6.714286e+02
2.590000e-06	-1.750351e-06	9.140257e-09	-1.191275e+01	5.798128e+02
2.600000e-06	-1.905808e-06	7.571211e-09	-1.297078e+01	4.719630e+02
2.610000e-06	-2.060534e-06	5.663269e-09	-1.402383e+01	3.477555e+02
2.620000e-06	-2.214470e-06	3.406122e-09	-1.507150e+01	2.083612e+02
2.630000e-06	-2.367637e-06	9.438243e-10	-1.611394e+01	5.608666e+01
2.640000e-06	-2.519922e-06	-1.567776e-09	-1.715038e+01	-1.058995e+02
2.650000e-06	-2.671198e-06	-4.083473e-09	-1.817995e+01	-2.738601e+02
2.660000e-06	-2.821483e-06	-6.596797e-09	-1.920278e+01	-4.437384e+02
2.670000e-06	-2.970751e-06	-9.106777e-09	-2.021869e+01	-6.113452e+02
2.680000e-06	-3.118995e-06	-1.161630e-08	-2.122763e+01	-7.725157e+02
2.690000e-06	-3.266210e-06	-1.407927e-08	-2.222956e+01	-9.232916e+02
2.700000e-06	-3.412213e-06	-1.632621e-08	-2.322325e+01	-1.060168e+03
2.710000e-06	-3.556998e-06	-1.820767e-08	-2.420864e+01	-1.180406e+03
2.720000e-06	-3.700547e-06	-1.972555e-08	-2.518562e+01	-1.282358e+03
2.730000e-06	-3.842763e-06	-2.093964e-08	-2.615353e+01	-1.365709e+03
2.740000e-06	-3.983544e-06	-2.190904e-08	-2.711168e+01	-1.431543e+03
2.750000e-06	-4.122774e-06	-2.268522e-08	-2.805927e+01	-1.482162e+03
2.760000e-06	-4.260403e-06	-2.330755e-08	-2.899596e+01	-1.520683e+03
2.770000e-06	-4.396417e-06	-2.380537e-08	-2.992166e+01	-1.550480e+03
2.780000e-06	-4.530826e-06	-2.420934e-08	-3.083643e+01	-1.574616e+03
2.790000e-06	-4.663640e-06	-2.454649e-08	-3.174036e+01	-1.595400e+03
2.800000e-06	-4.794822e-06	-2.483231e-08	-3.263317e+01	-1.614192e+03
2.810000e-06	-4.924287e-06	-2.507676e-08	-3.351430e+01	-1.631464e+03
2.820000e-06	-5.052050e-06	-2.528880e-08	-3.438384e+01	-1.647092e+03
2.830000e-06	-5.177985e-06	-2.547811e-08	-3.524095e+01	-1.660734e+03
2.840000e-06	-5.302084e-06	-2.564857e-08	-3.608555e+01	-1.672189e+03
2.850000e-06	-5.424347e-06	-2.579845e-08	-3.691767e+01	-1.681596e+03
2.860000e-06	-5.544583e-06	-2.592955e-08	-3.773598e+01	-1.689447e+03
2.870000e-06	-5.662720e-06	-2.605023e-08	-3.854001e+01	-1.696431e+03
2.880000e-06	-5.778666e-06	-2.616331e-08	-3.932913e+01	-1.703199e+03
2.890000e-06	-5.892264e-06	-2.626902e-08	-4.010227e+01	-1.710154e+03
2.900000e-06	-6.003547e-06	-2.636757e-08	-4.085965e+01	-1.717349e+03
2.910000e-06	-6.112643e-06	-2.645780e-08	-4.160215e+01	-1.724531e+03
2.920000e-06	-6.219606e-06	-2.654393e-08	-4.233013e+01	-1.731298e+03
2.930000e-06	-6.324401e-06	-2.662780e-08	-4.304336e+01	-1.737300e+03
2.940000e-06	-6.426945e-06	-2.670745e-08	-4.374127e+01	-1.742396e+03
2.950000e-06	-6.527160e-06	-2.678157e-08	-4.442332e+01	-1.746712e+03
2.960000e-06	-6.625105e-06	-2.685143e-08	-4.508993e+01	-1.750578e+03
2.970000e-06	-6.720765e-06	-2.692061e-08	-4.574098e+01	-1.754381e+03
2.980000e-06	-6.814089e-06	-2.698701e-08	-4.637614e+01	-1.758408e+03
2.990000e-06	-6.905030e-06	-2.704540e-08	-4.699507e+01	-1.762731e+03
3.000000e-06	-6.993534e-06	-2.709868e-08	-4.759742e+01	-1.767198e+03
3.010000e-06	-7.079556e-06	-2.714907e-08	-4.818288e+01	-1.771513e+03
3.020000e-06	-7.163032e-06	-2.719916e-08	-4.875102e+01	-1.775377e+03
3.030000e-06	-7.244067e-06	-2.724673e-08	-4.930253e+01	-1.778619e+03
3.040000e-06	-7.322536e-06	-2.729174e-08	-4.983659e+01	-1.781266e+03
3.050000e-06	-7.398151e-06	-2.733504e-08	-5.035121e+01	-1.783525e+03
3.060000e-06	-7.470934e-06	-2.737430e-08	-5.084657e+01	-1.785690e+03
3.070000e-06	-7.541002e-06	-2.740981e-08	-5.132344e+01	-1.788012e+03
3.080000e-06	-7.608331e-06	-2.744153e-08	-5.178168e+01	-1.790597e+03
3.090000e-06	-7.673006e-06	-2.747030e-08	-5.222185e+01	-1.793369e+03
3.100000e-06	-7.734987e-06	-2.749923e-08	-5.264369e+01	-1.796111e+03
3.110000e-06	-7.794170e-06	-2.752909e-08	-5.304649e+01	-1.798572e+03
3.120000e-06	-7.850575e-06	-2.755770e-08	-5.343037e+01	-1.800573e+03
3.130000e-06	-7.904038e-06	-2.758451e-08	-5.379424e+01	-1.802087e+03
3.140000e-06	-7.954399e-06	-2.760895e-08	-5.413700e+01	-1.803245e+03
3.150000e-06	-8.001653e-06	-2.763063e-08	-5.445860e+01	-1.804271e+03
3.160000e-06	-8.046055e-06	-2.764789e-08	-5.476080e+01	-1.805385e+03
3.170000e-06	-8.087877e-06	-2.766316e-08	-5.504543e+01	-1.806700e+03
3.180000e-06	-8.126956e-06	-2.767745e-08	-5.531140e+01	-1.808184e+03
3.190000e-06	-8.163120e-06	-2.769195e-08	-5.555753e+01	-1.809672e+03
3.200000e-06	-8.196393e-06	-2.770335e-08	-5.578399e+01	-1.810948e+03
3.210000e-06	-8.226762e-06	-2.771032e-08	-5.599067e+01	-1.811842e+03
3.220000e-06	-8.254216e-06	-2.771528e-08	-5.617752e+01	-1.812307e+03
3.230000e-06	-8.278800e-06	-2.772106e-08	-5.634484e+01	-1.812435e+03
3.240000e-06	-8.300451e-06	-2.772941e-08	-5.649219e+01	-1.812422e+03
3.250000e-06	-8.319147e-06	-2.773545e-08	-5.661944e+01	-1.812475e+03
3.260000e-06	-8.334944e-06	-2.773809e-08	-5.672695e+01	-1.812724e+03
3.270000e-06	-8.347546e-06	-2.773782e-08	-5.681272e+01	-1.813166e+03
3.280000e-06	-8.356953e-06	-2.773388e-08	-5.687674e+01	-1.813670e+03
3.290000e-06	-8.363397e-06	-2.772550e-08	-5.692060e+01	-1.814040e+03
3.300000e-06	-8.366919e-06	-2.771439e-08	-5.694457e+01	-1.814098e+03
3.310000e-06	-8.367618e-06	-2.770643e-08	-5.694933e+01	-1.813770e+03
