# Temperatura_=_75.23
# Concentracion g/m^3_=_18700.0
# C_Vs_to_Am_M_A/Vsm_=_65563218390.804596
# pendiente_HvsI_1/m_=_3716.3
# ordenada_HvsI_A/m_=_1297.0
# frecuencia_Hz_=_301352.22612487845

Tiempo_(s)	Campo_(V.s)	Magnetizacion_(V.s)	Campo_(kA/m)	Magnetizacion_(A/m)
0.000000e+00	-8.381733e-06	-2.659675e-08	-5.695011e+01	-1.741895e+03
1.000000e-08	-8.379656e-06	-2.660296e-08	-5.693600e+01	-1.741192e+03
2.000000e-08	-8.374688e-06	-2.660266e-08	-5.690224e+01	-1.740495e+03
3.000000e-08	-8.367124e-06	-2.659736e-08	-5.685085e+01	-1.739943e+03
4.000000e-08	-8.356702e-06	-2.658706e-08	-5.678004e+01	-1.739565e+03
5.000000e-08	-8.343249e-06	-2.656855e-08	-5.668863e+01	-1.739272e+03
6.000000e-08	-8.326818e-06	-2.654352e-08	-5.657699e+01	-1.738893e+03
7.000000e-08	-8.307653e-06	-2.651195e-08	-5.644677e+01	-1.738254e+03
8.000000e-08	-8.286051e-06	-2.649112e-08	-5.629999e+01	-1.737252e+03
9.000000e-08	-8.261559e-06	-2.655671e-08	-5.613358e+01	-1.735906e+03
1.000000e-07	-8.233651e-06	-2.654730e-08	-5.594396e+01	-1.734345e+03
1.100000e-07	-8.202497e-06	-2.647748e-08	-5.573228e+01	-1.732758e+03
1.200000e-07	-8.168289e-06	-2.646261e-08	-5.549985e+01	-1.731315e+03
1.300000e-07	-8.131249e-06	-2.645121e-08	-5.524819e+01	-1.730093e+03
1.400000e-07	-8.091827e-06	-2.637463e-08	-5.498033e+01	-1.729053e+03
1.500000e-07	-8.050019e-06	-2.626783e-08	-5.469626e+01	-1.728055e+03
1.600000e-07	-8.005507e-06	-2.637547e-08	-5.439382e+01	-1.726919e+03
1.700000e-07	-7.958160e-06	-2.629106e-08	-5.407213e+01	-1.725503e+03
1.800000e-07	-7.907918e-06	-2.624983e-08	-5.373075e+01	-1.723753e+03
1.900000e-07	-7.854551e-06	-2.633144e-08	-5.336815e+01	-1.721719e+03
2.000000e-07	-7.798207e-06	-2.619166e-08	-5.298531e+01	-1.719519e+03
2.100000e-07	-7.739118e-06	-2.618596e-08	-5.258383e+01	-1.717276e+03
2.200000e-07	-7.677278e-06	-2.611422e-08	-5.216366e+01	-1.715058e+03
2.300000e-07	-7.612726e-06	-2.606279e-08	-5.172505e+01	-1.712841e+03
2.400000e-07	-7.545325e-06	-2.605375e-08	-5.126709e+01	-1.710526e+03
2.500000e-07	-7.475129e-06	-2.598387e-08	-5.079014e+01	-1.707980e+03
2.600000e-07	-7.402126e-06	-2.598493e-08	-5.029412e+01	-1.705108e+03
2.700000e-07	-7.326189e-06	-2.592411e-08	-4.977817e+01	-1.701898e+03
2.800000e-07	-7.247433e-06	-2.589230e-08	-4.924306e+01	-1.698433e+03
2.900000e-07	-7.165872e-06	-2.579862e-08	-4.868888e+01	-1.694856e+03
3.000000e-07	-7.081749e-06	-2.573682e-08	-4.811730e+01	-1.691307e+03
3.100000e-07	-6.995353e-06	-2.571385e-08	-4.753028e+01	-1.687857e+03
3.200000e-07	-6.906570e-06	-2.562706e-08	-4.692704e+01	-1.684471e+03
3.300000e-07	-6.815261e-06	-2.560653e-08	-4.630664e+01	-1.681019e+03
3.400000e-07	-6.721546e-06	-2.552982e-08	-4.566989e+01	-1.677328e+03
3.500000e-07	-6.625454e-06	-2.546592e-08	-4.501698e+01	-1.673256e+03
3.600000e-07	-6.526914e-06	-2.539686e-08	-4.434745e+01	-1.668752e+03
3.700000e-07	-6.426007e-06	-2.532309e-08	-4.366183e+01	-1.663881e+03
3.800000e-07	-6.322774e-06	-2.524385e-08	-4.296041e+01	-1.658792e+03
3.900000e-07	-6.217213e-06	-2.515914e-08	-4.224317e+01	-1.653653e+03
4.000000e-07	-6.109379e-06	-2.510260e-08	-4.151048e+01	-1.648569e+03
4.100000e-07	-5.999380e-06	-2.501266e-08	-4.076310e+01	-1.643539e+03
4.200000e-07	-5.887216e-06	-2.493064e-08	-4.000099e+01	-1.638444e+03
4.300000e-07	-5.772766e-06	-2.482875e-08	-3.922336e+01	-1.633100e+03
4.400000e-07	-5.656003e-06	-2.474295e-08	-3.843000e+01	-1.627335e+03
4.500000e-07	-5.537087e-06	-2.465204e-08	-3.762202e+01	-1.621065e+03
4.600000e-07	-5.416247e-06	-2.455590e-08	-3.680097e+01	-1.614329e+03
4.700000e-07	-5.293535e-06	-2.445074e-08	-3.596719e+01	-1.607274e+03
4.800000e-07	-5.168882e-06	-2.434520e-08	-3.512024e+01	-1.600083e+03
4.900000e-07	-5.042302e-06	-2.424322e-08	-3.426018e+01	-1.592890e+03
5.000000e-07	-4.913914e-06	-2.412342e-08	-3.338784e+01	-1.585714e+03
5.100000e-07	-4.783816e-06	-2.400203e-08	-3.250388e+01	-1.578438e+03
5.200000e-07	-4.651957e-06	-2.387190e-08	-3.160796e+01	-1.570858e+03
5.300000e-07	-4.518440e-06	-2.374758e-08	-3.070077e+01	-1.562763e+03
5.400000e-07	-4.383295e-06	-2.361570e-08	-2.978252e+01	-1.554032e+03
5.500000e-07	-4.246491e-06	-2.347767e-08	-2.885300e+01	-1.544685e+03
5.600000e-07	-4.108155e-06	-2.332762e-08	-2.791307e+01	-1.534879e+03
5.700000e-07	-3.968247e-06	-2.317956e-08	-2.696246e+01	-1.524840e+03
5.800000e-07	-3.826717e-06	-2.303167e-08	-2.600082e+01	-1.514750e+03
5.900000e-07	-3.683709e-06	-2.287130e-08	-2.502915e+01	-1.504666e+03
6.000000e-07	-3.539344e-06	-2.270345e-08	-2.404825e+01	-1.494470e+03
6.100000e-07	-3.393637e-06	-2.252948e-08	-2.305824e+01	-1.483907e+03
6.200000e-07	-3.246682e-06	-2.235723e-08	-2.205975e+01	-1.472688e+03
6.300000e-07	-3.098607e-06	-2.217358e-08	-2.105365e+01	-1.460603e+03
6.400000e-07	-2.949507e-06	-2.197806e-08	-2.004058e+01	-1.447619e+03
6.500000e-07	-2.799369e-06	-2.177249e-08	-1.902045e+01	-1.433892e+03
6.600000e-07	-2.648230e-06	-2.156436e-08	-1.799353e+01	-1.419709e+03
6.700000e-07	-2.496179e-06	-2.134962e-08	-1.696042e+01	-1.405350e+03
6.800000e-07	-2.343253e-06	-2.112450e-08	-1.592135e+01	-1.390963e+03
6.900000e-07	-2.189513e-06	-2.089062e-08	-1.487675e+01	-1.376468e+03
7.000000e-07	-2.034998e-06	-2.064877e-08	-1.382690e+01	-1.361574e+03
7.100000e-07	-1.879666e-06	-2.040178e-08	-1.277148e+01	-1.345874e+03
7.200000e-07	-1.723606e-06	-2.013996e-08	-1.171113e+01	-1.329003e+03
7.300000e-07	-1.566923e-06	-1.986327e-08	-1.064654e+01	-1.310792e+03
7.400000e-07	-1.409651e-06	-1.957268e-08	-9.577947e+00	-1.291338e+03
7.500000e-07	-1.251878e-06	-1.927680e-08	-8.505949e+00	-1.270959e+03
7.600000e-07	-1.093657e-06	-1.897049e-08	-7.430906e+00	-1.250055e+03
7.700000e-07	-9.350675e-07	-1.864814e-08	-6.353364e+00	-1.228906e+03
7.800000e-07	-7.761763e-07	-1.830988e-08	-5.273769e+00	-1.207506e+03
7.900000e-07	-6.169851e-07	-1.795346e-08	-4.192137e+00	-1.185496e+03
8.000000e-07	-4.575000e-07	-1.757781e-08	-3.108507e+00	-1.162244e+03
8.100000e-07	-2.978338e-07	-1.717541e-08	-2.023647e+00	-1.137035e+03
8.200000e-07	-1.380808e-07	-1.675067e-08	-9.381971e-01	-1.109313e+03
8.300000e-07	2.166278e-08	-1.630317e-08	1.471889e-01	-1.078860e+03
8.400000e-07	1.813359e-07	-1.583063e-08	1.232096e+00	-1.045841e+03
8.500000e-07	3.409615e-07	-1.532171e-08	2.316680e+00	-1.010651e+03
8.600000e-07	5.004479e-07	-1.476132e-08	3.400319e+00	-9.736203e+02
8.700000e-07	6.597169e-07	-1.414046e-08	4.482480e+00	-9.346408e+02
8.800000e-07	8.187346e-07	-1.345297e-08	5.562934e+00	-8.928604e+02
8.900000e-07	9.774661e-07	-1.269245e-08	6.641443e+00	-8.465466e+02
9.000000e-07	1.135879e-06	-1.184571e-08	7.717788e+00	-7.931903e+02
9.100000e-07	1.293915e-06	-1.089298e-08	8.791569e+00	-7.298404e+02
9.200000e-07	1.451465e-06	-9.792075e-09	9.862053e+00	-6.535905e+02
9.300000e-07	1.608471e-06	-8.479522e-09	1.092884e+01	-5.620984e+02
9.400000e-07	1.764949e-06	-6.870058e-09	1.199204e+01	-4.540136e+02
9.500000e-07	1.920780e-06	-4.890099e-09	1.305084e+01	-3.292288e+02
9.600000e-07	2.075825e-06	-2.598240e-09	1.410430e+01	-1.889285e+02
9.700000e-07	2.230099e-06	-1.741235e-10	1.515252e+01	-3.546768e+01
9.800000e-07	2.383584e-06	2.261283e-09	1.619538e+01	1.278522e+02
9.900000e-07	2.536254e-06	4.690337e-09	1.723271e+01	2.970391e+02
1.000000e-06	2.688061e-06	7.119755e-09	1.826417e+01	4.676558e+02
1.010000e-06	2.838906e-06	9.552975e-09	1.928909e+01	6.350511e+02
1.020000e-06	2.988701e-06	1.198562e-08	2.030688e+01	7.946036e+02
1.030000e-06	3.137386e-06	1.434202e-08	2.131713e+01	9.420130e+02
1.040000e-06	3.284903e-06	1.643682e-08	2.231944e+01	1.073648e+03
1.050000e-06	3.431238e-06	1.813727e-08	2.331372e+01	1.186917e+03
1.060000e-06	3.576365e-06	1.946879e-08	2.429979e+01	1.280589e+03
1.070000e-06	3.720132e-06	2.050731e-08	2.527663e+01	1.354960e+03
1.080000e-06	3.862460e-06	2.131984e-08	2.624368e+01	1.411801e+03
1.090000e-06	4.003370e-06	2.195529e-08	2.720110e+01	1.454042e+03
1.100000e-06	4.142744e-06	2.245394e-08	2.814809e+01	1.485253e+03
1.110000e-06	4.280513e-06	2.285207e-08	2.908416e+01	1.509022e+03
1.120000e-06	4.416703e-06	2.317740e-08	3.000951e+01	1.528389e+03
1.130000e-06	4.551302e-06	2.344821e-08	3.092405e+01	1.545465e+03
1.140000e-06	4.684328e-06	2.367877e-08	3.182790e+01	1.561324e+03
1.150000e-06	4.815641e-06	2.388079e-08	3.272012e+01	1.576165e+03
1.160000e-06	4.945199e-06	2.406123e-08	3.360041e+01	1.589665e+03
1.170000e-06	5.073063e-06	2.422650e-08	3.446918e+01	1.601393e+03
1.180000e-06	5.199181e-06	2.437559e-08	3.532610e+01	1.611143e+03
1.190000e-06	5.323482e-06	2.450951e-08	3.617067e+01	1.619099e+03
1.200000e-06	5.445849e-06	2.463023e-08	3.700210e+01	1.625790e+03
1.210000e-06	5.566201e-06	2.474505e-08	3.781984e+01	1.631902e+03
1.220000e-06	5.684485e-06	2.485465e-08	3.862352e+01	1.638032e+03
1.230000e-06	5.800652e-06	2.495607e-08	3.941283e+01	1.644490e+03
1.240000e-06	5.914593e-06	2.505001e-08	4.018700e+01	1.651237e+03
1.250000e-06	6.026284e-06	2.513801e-08	4.094589e+01	1.657950e+03
1.260000e-06	6.135847e-06	2.522210e-08	4.169032e+01	1.664206e+03
1.270000e-06	6.243273e-06	2.530138e-08	4.242024e+01	1.669680e+03
1.280000e-06	6.348464e-06	2.537578e-08	4.313496e+01	1.674284e+03
1.290000e-06	6.451372e-06	2.544592e-08	4.383418e+01	1.678198e+03
1.300000e-06	6.551958e-06	2.551468e-08	4.451762e+01	1.681780e+03
1.310000e-06	6.650117e-06	2.558257e-08	4.518456e+01	1.685414e+03
1.320000e-06	6.745793e-06	2.564709e-08	4.583463e+01	1.689347e+03
1.330000e-06	6.839144e-06	2.570661e-08	4.646891e+01	1.693600e+03
1.340000e-06	6.930176e-06	2.576376e-08	4.708743e+01	1.697975e+03
1.350000e-06	7.018712e-06	2.581975e-08	4.768900e+01	1.702154e+03
1.360000e-06	7.104828e-06	2.587384e-08	4.827411e+01	1.705842e+03
1.370000e-06	7.188557e-06	2.592489e-08	4.884302e+01	1.708894e+03
1.380000e-06	7.269689e-06	2.597117e-08	4.939427e+01	1.711370e+03
1.390000e-06	7.348161e-06	2.601615e-08	4.992745e+01	1.713504e+03
1.400000e-06	7.423927e-06	2.606106e-08	5.044225e+01	1.715594e+03
1.410000e-06	7.496863e-06	2.610423e-08	5.093782e+01	1.717877e+03
1.420000e-06	7.567165e-06	2.614648e-08	5.141549e+01	1.720433e+03
1.430000e-06	7.634805e-06	2.618487e-08	5.187507e+01	1.723158e+03
1.440000e-06	7.699601e-06	2.621887e-08	5.231533e+01	1.725824e+03
1.450000e-06	7.761758e-06	2.625050e-08	5.273766e+01	1.728177e+03
1.460000e-06	7.821277e-06	2.627888e-08	5.314207e+01	1.730058e+03
1.470000e-06	7.877985e-06	2.630353e-08	5.352737e+01	1.731462e+03
1.480000e-06	7.931828e-06	2.632898e-08	5.389321e+01	1.732539e+03
1.490000e-06	7.982471e-06	2.635758e-08	5.423731e+01	1.733526e+03
1.500000e-06	8.029961e-06	2.638733e-08	5.455998e+01	1.734637e+03
1.510000e-06	8.074708e-06	2.641299e-08	5.486402e+01	1.735977e+03
1.520000e-06	8.116576e-06	2.643161e-08	5.514849e+01	1.737498e+03
1.530000e-06	8.155487e-06	2.644601e-08	5.541287e+01	1.739025e+03
1.540000e-06	8.191617e-06	2.645956e-08	5.565836e+01	1.740339e+03
1.550000e-06	8.224870e-06	2.647329e-08	5.588430e+01	1.741273e+03
1.560000e-06	8.255243e-06	2.648500e-08	5.609067e+01	1.741784e+03
1.570000e-06	8.282763e-06	2.649677e-08	5.627766e+01	1.741970e+03
1.580000e-06	8.307236e-06	2.650971e-08	5.644394e+01	1.742024e+03
1.590000e-06	8.328798e-06	2.652305e-08	5.659044e+01	1.742149e+03
1.600000e-06	8.347533e-06	2.653245e-08	5.671774e+01	1.742470e+03
1.610000e-06	8.363263e-06	2.653616e-08	5.682462e+01	1.742983e+03
1.620000e-06	8.375800e-06	2.653878e-08	5.690980e+01	1.743559e+03
1.630000e-06	8.385086e-06	2.654197e-08	5.697290e+01	1.744007e+03
1.640000e-06	8.391424e-06	2.654347e-08	5.701596e+01	1.744155e+03
1.650000e-06	8.394808e-06	2.654254e-08	5.703895e+01	1.743932e+03
1.660000e-06	8.395183e-06	2.654517e-08	5.704150e+01	1.743389e+03
1.670000e-06	8.392798e-06	2.653948e-08	5.702529e+01	1.742680e+03
1.680000e-06	8.387627e-06	2.653880e-08	5.699016e+01	1.741989e+03
1.690000e-06	8.379654e-06	2.653494e-08	5.693599e+01	1.741449e+03
1.700000e-06	8.368872e-06	2.652445e-08	5.686272e+01	1.741081e+03
1.710000e-06	8.355128e-06	2.651570e-08	5.676934e+01	1.740788e+03
1.720000e-06	8.338638e-06	2.651449e-08	5.665730e+01	1.740395e+03
1.730000e-06	8.319691e-06	2.652688e-08	5.652856e+01	1.739732e+03
1.740000e-06	8.298064e-06	2.644543e-08	5.638162e+01	1.738703e+03
1.750000e-06	8.273105e-06	2.639136e-08	5.621203e+01	1.737335e+03
1.760000e-06	8.244217e-06	2.643485e-08	5.601576e+01	1.735766e+03
1.770000e-06	8.211764e-06	2.641854e-08	5.579525e+01	1.734184e+03
1.780000e-06	8.176623e-06	2.637341e-08	5.555648e+01	1.732754e+03
1.790000e-06	8.139061e-06	2.642859e-08	5.530126e+01	1.731548e+03
1.800000e-06	8.099351e-06	2.644276e-08	5.503146e+01	1.730516e+03
1.810000e-06	8.057652e-06	2.628958e-08	5.474813e+01	1.729513e+03
1.820000e-06	8.013153e-06	2.639023e-08	5.444578e+01	1.728361e+03
1.830000e-06	7.965666e-06	2.633105e-08	5.412313e+01	1.726921e+03
1.840000e-06	7.915255e-06	2.628307e-08	5.378060e+01	1.725148e+03
1.850000e-06	7.861452e-06	2.634487e-08	5.341504e+01	1.723097e+03
1.860000e-06	7.804796e-06	2.620180e-08	5.303009e+01	1.720890e+03
1.870000e-06	7.745401e-06	2.631962e-08	5.262652e+01	1.718647e+03
1.880000e-06	7.683178e-06	2.622874e-08	5.220374e+01	1.716430e+03
1.890000e-06	7.618285e-06	2.618295e-08	5.176282e+01	1.714210e+03
1.900000e-06	7.550461e-06	2.617226e-08	5.130199e+01	1.711882e+03
1.910000e-06	7.479775e-06	2.603594e-08	5.082171e+01	1.709314e+03
1.920000e-06	7.406167e-06	2.607398e-08	5.032158e+01	1.706417e+03
1.930000e-06	7.329776e-06	2.596967e-08	4.980254e+01	1.703185e+03
1.940000e-06	7.250641e-06	2.599795e-08	4.926485e+01	1.699706e+03
1.950000e-06	7.168907e-06	2.594085e-08	4.870951e+01	1.696127e+03
1.960000e-06	7.084681e-06	2.587053e-08	4.813723e+01	1.692583e+03
1.970000e-06	6.997702e-06	2.585273e-08	4.754624e+01	1.689139e+03
1.980000e-06	6.908308e-06	2.571574e-08	4.693885e+01	1.685753e+03
1.990000e-06	6.816529e-06	2.570551e-08	4.631525e+01	1.682290e+03
2.000000e-06	6.722287e-06	2.562004e-08	4.567492e+01	1.678575e+03
2.010000e-06	6.625728e-06	2.559619e-08	4.501885e+01	1.674471e+03
2.020000e-06	6.526825e-06	2.552136e-08	4.434685e+01	1.669938e+03
2.030000e-06	6.425511e-06	2.545695e-08	4.365846e+01	1.665045e+03
2.040000e-06	6.321765e-06	2.538849e-08	4.295355e+01	1.659947e+03
2.050000e-06	6.215826e-06	2.530042e-08	4.223375e+01	1.654808e+03
2.060000e-06	6.107719e-06	2.523425e-08	4.149921e+01	1.649730e+03
2.070000e-06	5.997455e-06	2.513847e-08	4.075002e+01	1.644700e+03
2.080000e-06	5.884967e-06	2.507876e-08	3.998571e+01	1.639593e+03
2.090000e-06	5.770129e-06	2.498032e-08	3.920544e+01	1.634223e+03
2.100000e-06	5.652934e-06	2.490443e-08	3.840915e+01	1.628423e+03
2.110000e-06	5.533588e-06	2.479219e-08	3.759824e+01	1.622116e+03
2.120000e-06	5.412324e-06	2.470258e-08	3.677431e+01	1.615352e+03
2.130000e-06	5.289143e-06	2.459362e-08	3.593735e+01	1.608281e+03
2.140000e-06	5.164066e-06	2.449869e-08	3.508751e+01	1.601085e+03
2.150000e-06	5.037067e-06	2.439551e-08	3.422461e+01	1.593894e+03
2.160000e-06	4.908287e-06	2.427825e-08	3.334960e+01	1.586715e+03
2.170000e-06	4.777797e-06	2.416866e-08	3.246298e+01	1.579425e+03
2.180000e-06	4.645625e-06	2.404115e-08	3.156493e+01	1.571814e+03
2.190000e-06	4.511771e-06	2.391548e-08	3.065546e+01	1.563676e+03
2.200000e-06	4.376292e-06	2.377437e-08	2.973494e+01	1.554897e+03
2.210000e-06	4.239209e-06	2.364527e-08	2.880352e+01	1.545510e+03
2.220000e-06	4.100488e-06	2.350765e-08	2.786098e+01	1.535680e+03
2.230000e-06	3.960221e-06	2.337174e-08	2.690792e+01	1.525631e+03
2.240000e-06	3.818487e-06	2.322345e-08	2.594491e+01	1.515542e+03
2.250000e-06	3.675334e-06	2.306839e-08	2.497224e+01	1.505456e+03
2.260000e-06	3.530879e-06	2.290082e-08	2.399073e+01	1.495242e+03
2.270000e-06	3.385179e-06	2.272630e-08	2.300077e+01	1.484641e+03
2.280000e-06	3.238176e-06	2.254417e-08	2.200195e+01	1.473365e+03
2.290000e-06	3.090066e-06	2.236053e-08	2.099561e+01	1.461214e+03
2.300000e-06	2.940942e-06	2.217240e-08	1.998238e+01	1.448169e+03
2.310000e-06	2.790723e-06	2.197829e-08	1.896171e+01	1.434399e+03
2.320000e-06	2.639503e-06	2.178033e-08	1.793424e+01	1.420194e+03
2.330000e-06	2.487347e-06	2.156821e-08	1.690041e+01	1.405831e+03
2.340000e-06	2.334283e-06	2.134779e-08	1.586041e+01	1.391440e+03
2.350000e-06	2.180413e-06	2.111384e-08	1.481493e+01	1.376929e+03
2.360000e-06	2.025677e-06	2.087207e-08	1.376357e+01	1.361991e+03
2.370000e-06	1.870085e-06	2.062315e-08	1.270639e+01	1.346216e+03
2.380000e-06	1.713916e-06	2.036626e-08	1.164529e+01	1.329252e+03
2.390000e-06	1.557285e-06	2.009703e-08	1.058105e+01	1.310946e+03
2.400000e-06	1.400074e-06	1.981451e-08	9.512876e+00	1.291412e+03
2.410000e-06	1.242309e-06	1.952052e-08	8.440930e+00	1.270982e+03
2.420000e-06	1.084091e-06	1.921320e-08	7.365911e+00	1.250054e+03
2.430000e-06	9.255124e-07	1.889147e-08	6.288441e+00	1.228891e+03
2.440000e-06	7.666300e-07	1.855298e-08	5.208907e+00	1.207462e+03
2.450000e-06	6.074737e-07	1.819778e-08	4.127511e+00	1.185387e+03
2.460000e-06	4.481265e-07	1.782496e-08	3.044819e+00	1.162017e+03
2.470000e-06	2.886123e-07	1.743281e-08	1.960991e+00	1.136644e+03
2.480000e-06	1.289495e-07	1.701494e-08	8.761539e-01	1.108728e+03
2.490000e-06	-3.077071e-08	1.657223e-08	-2.090732e-01	1.078082e+03
2.500000e-06	-1.904182e-07	1.610194e-08	-1.293806e+00	1.044893e+03
2.510000e-06	-3.499301e-07	1.559245e-08	-2.377618e+00	1.009564e+03
2.520000e-06	-5.093041e-07	1.503335e-08	-3.460492e+00	9.724041e+02
2.530000e-06	-6.685091e-07	1.441383e-08	-4.542219e+00	9.332626e+02
2.540000e-06	-8.275216e-07	1.372870e-08	-5.622638e+00	8.912257e+02
2.550000e-06	-9.862276e-07	1.297304e-08	-6.700973e+00	8.444992e+02
2.560000e-06	-1.144525e-06	1.213654e-08	-7.776536e+00	7.905289e+02
2.570000e-06	-1.302394e-06	1.119175e-08	-8.849181e+00	7.263496e+02
2.580000e-06	-1.459764e-06	1.009367e-08	-9.918438e+00	6.490786e+02
2.590000e-06	-1.616546e-06	8.784464e-09	-1.098370e+01	5.564318e+02
2.600000e-06	-1.772744e-06	7.183814e-09	-1.204500e+01	4.471418e+02
2.610000e-06	-1.928358e-06	5.210668e-09	-1.310233e+01	3.211940e+02
2.620000e-06	-2.083238e-06	2.896195e-09	-1.415466e+01	1.798625e+02
2.630000e-06	-2.237320e-06	4.166470e-10	-1.520158e+01	2.557781e+01
2.640000e-06	-2.390555e-06	-2.092392e-09	-1.624275e+01	-1.383006e+02
2.650000e-06	-2.542915e-06	-4.606434e-09	-1.727797e+01	-3.077411e+02
2.660000e-06	-2.694362e-06	-7.123313e-09	-1.830698e+01	-4.782836e+02
2.670000e-06	-2.844771e-06	-9.637393e-09	-1.932894e+01	-6.452705e+02
2.680000e-06	-2.994158e-06	-1.214269e-08	-2.034396e+01	-8.040928e+02
2.690000e-06	-3.142496e-06	-1.455909e-08	-2.135185e+01	-9.504862e+02
2.700000e-06	-3.289732e-06	-1.669040e-08	-2.235225e+01	-1.080881e+03
2.710000e-06	-3.435814e-06	-1.841467e-08	-2.334482e+01	-1.192774e+03
2.720000e-06	-3.580674e-06	-1.976582e-08	-2.432907e+01	-1.285040e+03
2.730000e-06	-3.724294e-06	-2.081922e-08	-2.530491e+01	-1.358084e+03
2.740000e-06	-3.866548e-06	-2.164098e-08	-2.627146e+01	-1.413775e+03
2.750000e-06	-4.007288e-06	-2.228249e-08	-2.722772e+01	-1.455107e+03
2.760000e-06	-4.146498e-06	-2.278507e-08	-2.817359e+01	-1.485671e+03
2.770000e-06	-4.284124e-06	-2.318493e-08	-2.910870e+01	-1.509034e+03
2.780000e-06	-4.420181e-06	-2.351075e-08	-3.003315e+01	-1.528181e+03
2.790000e-06	-4.554629e-06	-2.378322e-08	-3.094666e+01	-1.545147e+03
2.800000e-06	-4.687410e-06	-2.401640e-08	-3.184884e+01	-1.560936e+03
2.810000e-06	-4.818567e-06	-2.421934e-08	-3.274000e+01	-1.575695e+03
2.820000e-06	-4.948026e-06	-2.439742e-08	-3.361961e+01	-1.589082e+03
2.830000e-06	-5.075756e-06	-2.455560e-08	-3.448748e+01	-1.600672e+03
2.840000e-06	-5.201672e-06	-2.469782e-08	-3.534303e+01	-1.610284e+03
2.850000e-06	-5.325688e-06	-2.482607e-08	-3.618566e+01	-1.618129e+03
2.860000e-06	-5.447847e-06	-2.494232e-08	-3.701567e+01	-1.624756e+03
2.870000e-06	-5.568096e-06	-2.504777e-08	-3.783271e+01	-1.630853e+03
2.880000e-06	-5.686255e-06	-2.514631e-08	-3.863555e+01	-1.637000e+03
2.890000e-06	-5.802174e-06	-2.523998e-08	-3.942317e+01	-1.643485e+03
2.900000e-06	-5.915710e-06	-2.533017e-08	-4.019459e+01	-1.650243e+03
2.910000e-06	-6.026874e-06	-2.541614e-08	-4.094991e+01	-1.656937e+03
2.920000e-06	-6.135850e-06	-2.549646e-08	-4.169035e+01	-1.663147e+03
2.930000e-06	-6.242710e-06	-2.557276e-08	-4.241641e+01	-1.668559e+03
2.940000e-06	-6.347435e-06	-2.564668e-08	-4.312797e+01	-1.673106e+03
2.950000e-06	-6.449886e-06	-2.571701e-08	-4.382408e+01	-1.676983e+03
2.960000e-06	-6.549960e-06	-2.578274e-08	-4.450403e+01	-1.680557e+03
2.970000e-06	-6.647772e-06	-2.584474e-08	-4.516863e+01	-1.684207e+03
2.980000e-06	-6.743401e-06	-2.590529e-08	-4.581838e+01	-1.688166e+03
2.990000e-06	-6.836651e-06	-2.596364e-08	-4.645197e+01	-1.692437e+03
3.000000e-06	-6.927417e-06	-2.601702e-08	-4.706869e+01	-1.696810e+03
3.010000e-06	-7.015817e-06	-2.606547e-08	-4.766933e+01	-1.700963e+03
3.020000e-06	-7.101736e-06	-2.611015e-08	-4.825310e+01	-1.704608e+03
3.030000e-06	-7.185058e-06	-2.615430e-08	-4.881925e+01	-1.707615e+03
3.040000e-06	-7.265903e-06	-2.619922e-08	-4.936855e+01	-1.710058e+03
3.050000e-06	-7.344122e-06	-2.624109e-08	-4.990001e+01	-1.712179e+03
3.060000e-06	-7.419474e-06	-2.627863e-08	-5.041200e+01	-1.714277e+03
3.070000e-06	-7.492048e-06	-2.631014e-08	-5.090510e+01	-1.716580e+03
3.080000e-06	-7.561903e-06	-2.633801e-08	-5.137974e+01	-1.719153e+03
3.090000e-06	-7.629028e-06	-2.636461e-08	-5.183582e+01	-1.721884e+03
3.100000e-06	-7.693537e-06	-2.639348e-08	-5.227413e+01	-1.724535e+03
3.110000e-06	-7.755331e-06	-2.642265e-08	-5.269399e+01	-1.726859e+03
3.120000e-06	-7.814306e-06	-2.645127e-08	-5.309470e+01	-1.728704e+03
3.130000e-06	-7.870467e-06	-2.647766e-08	-5.347629e+01	-1.730079e+03
3.140000e-06	-7.923672e-06	-2.649997e-08	-5.383779e+01	-1.731142e+03
3.150000e-06	-7.973731e-06	-2.651776e-08	-5.417792e+01	-1.732132e+03
3.160000e-06	-8.020615e-06	-2.653192e-08	-5.449648e+01	-1.733258e+03
3.170000e-06	-8.064699e-06	-2.654503e-08	-5.479601e+01	-1.734615e+03
3.180000e-06	-8.106217e-06	-2.655906e-08	-5.507811e+01	-1.736143e+03
3.190000e-06	-8.144994e-06	-2.657556e-08	-5.534157e+01	-1.737663e+03
3.200000e-06	-8.180905e-06	-2.659041e-08	-5.558558e+01	-1.738955e+03
3.210000e-06	-8.214000e-06	-2.660053e-08	-5.581044e+01	-1.739859e+03
3.220000e-06	-8.244123e-06	-2.660688e-08	-5.601511e+01	-1.740342e+03
3.230000e-06	-8.271234e-06	-2.661070e-08	-5.619932e+01	-1.740512e+03
3.240000e-06	-8.295492e-06	-2.661475e-08	-5.636414e+01	-1.740565e+03
3.250000e-06	-8.316742e-06	-2.662149e-08	-5.650853e+01	-1.740702e+03
3.260000e-06	-8.335034e-06	-2.662685e-08	-5.663281e+01	-1.741039e+03
3.270000e-06	-8.350466e-06	-2.663006e-08	-5.673767e+01	-1.741563e+03
3.280000e-06	-8.362685e-06	-2.662792e-08	-5.682069e+01	-1.742137e+03
3.290000e-06	-8.371767e-06	-2.662173e-08	-5.688240e+01	-1.742568e+03
3.300000e-06	-8.377901e-06	-2.661304e-08	-5.692407e+01	-1.742692e+03
3.310000e-06	-8.381093e-06	-2.660413e-08	-5.694577e+01	-1.742443e+03
