# Temperatura_=_43.45
# Concentracion g/m^3_=_15500.0
# C_Vs_to_Am_M_A/Vsm_=_65563218390.804596
# pendiente_HvsI_1/m_=_3716.3
# ordenada_HvsI_A/m_=_1297.0
# frecuencia_Hz_=_300812.7560728703

Tiempo_(s)	Campo_(V.s)	Magnetizacion_(V.s)	Campo_(kA/m)	Magnetizacion_(A/m)
0.000000e+00	-5.491609e-06	-1.229310e-08	-3.830866e+01	-8.024861e+02
1.000000e-08	-5.490236e-06	-1.229459e-08	-3.829908e+01	-8.025819e+02
2.000000e-08	-5.486889e-06	-1.229212e-08	-3.827574e+01	-8.027213e+02
3.000000e-08	-5.481737e-06	-1.228733e-08	-3.823980e+01	-8.028388e+02
4.000000e-08	-5.474908e-06	-1.228339e-08	-3.819216e+01	-8.028588e+02
5.000000e-08	-5.466441e-06	-1.227378e-08	-3.813310e+01	-8.027068e+02
6.000000e-08	-5.456132e-06	-1.225461e-08	-3.806118e+01	-8.023202e+02
7.000000e-08	-5.443750e-06	-1.223160e-08	-3.797480e+01	-8.016569e+02
8.000000e-08	-5.429387e-06	-1.222048e-08	-3.787461e+01	-8.007014e+02
9.000000e-08	-5.412746e-06	-1.224461e-08	-3.775852e+01	-7.994672e+02
1.000000e-07	-5.393734e-06	-1.224843e-08	-3.762590e+01	-7.979941e+02
1.100000e-07	-5.372651e-06	-1.220416e-08	-3.747883e+01	-7.963434e+02
1.200000e-07	-5.349671e-06	-1.216775e-08	-3.731852e+01	-7.945884e+02
1.300000e-07	-5.325219e-06	-1.211585e-08	-3.714795e+01	-7.928043e+02
1.400000e-07	-5.299393e-06	-1.209739e-08	-3.696779e+01	-7.910573e+02
1.500000e-07	-5.271721e-06	-1.212754e-08	-3.677476e+01	-7.893952e+02
1.600000e-07	-5.242233e-06	-1.204860e-08	-3.656905e+01	-7.878401e+02
1.700000e-07	-5.211238e-06	-1.201498e-08	-3.635284e+01	-7.863854e+02
1.800000e-07	-5.178396e-06	-1.205119e-08	-3.612374e+01	-7.849959e+02
1.900000e-07	-5.143427e-06	-1.196349e-08	-3.587980e+01	-7.836125e+02
2.000000e-07	-5.106832e-06	-1.192604e-08	-3.562452e+01	-7.821602e+02
2.100000e-07	-5.068646e-06	-1.191551e-08	-3.535813e+01	-7.805583e+02
2.200000e-07	-5.028672e-06	-1.183900e-08	-3.507928e+01	-7.787311e+02
2.300000e-07	-4.986811e-06	-1.183606e-08	-3.478727e+01	-7.766187e+02
2.400000e-07	-4.942861e-06	-1.181792e-08	-3.448068e+01	-7.741848e+02
2.500000e-07	-4.897141e-06	-1.175768e-08	-3.416174e+01	-7.714221e+02
2.600000e-07	-4.849758e-06	-1.171036e-08	-3.383120e+01	-7.683531e+02
2.700000e-07	-4.800391e-06	-1.163494e-08	-3.348683e+01	-7.650270e+02
2.800000e-07	-4.748874e-06	-1.160732e-08	-3.312745e+01	-7.615128e+02
2.900000e-07	-4.695340e-06	-1.158288e-08	-3.275401e+01	-7.578897e+02
3.000000e-07	-4.640105e-06	-1.152810e-08	-3.236870e+01	-7.542358e+02
3.100000e-07	-4.583273e-06	-1.148226e-08	-3.197224e+01	-7.506171e+02
3.200000e-07	-4.524637e-06	-1.143073e-08	-3.156321e+01	-7.470778e+02
3.300000e-07	-4.464307e-06	-1.137783e-08	-3.114236e+01	-7.436338e+02
3.400000e-07	-4.402487e-06	-1.129885e-08	-3.071111e+01	-7.402698e+02
3.500000e-07	-4.339223e-06	-1.123335e-08	-3.026978e+01	-7.369415e+02
3.600000e-07	-4.274502e-06	-1.118015e-08	-2.981830e+01	-7.335806e+02
3.700000e-07	-4.208107e-06	-1.112285e-08	-2.935514e+01	-7.301043e+02
3.800000e-07	-4.140053e-06	-1.107836e-08	-2.888041e+01	-7.264268e+02
3.900000e-07	-4.070500e-06	-1.100078e-08	-2.839521e+01	-7.224707e+02
4.000000e-07	-3.999610e-06	-1.092284e-08	-2.790069e+01	-7.181783e+02
4.100000e-07	-3.927492e-06	-1.085763e-08	-2.739761e+01	-7.135195e+02
4.200000e-07	-3.853969e-06	-1.078011e-08	-2.688472e+01	-7.084967e+02
4.300000e-07	-3.778713e-06	-1.069968e-08	-2.635975e+01	-7.031442e+02
4.400000e-07	-3.701785e-06	-1.061660e-08	-2.582311e+01	-6.975243e+02
4.500000e-07	-3.623403e-06	-1.054669e-08	-2.527633e+01	-6.917182e+02
4.600000e-07	-3.543515e-06	-1.047291e-08	-2.471904e+01	-6.858146e+02
4.700000e-07	-3.462207e-06	-1.038690e-08	-2.415185e+01	-6.798972e+02
4.800000e-07	-3.379692e-06	-1.029468e-08	-2.357624e+01	-6.740317e+02
4.900000e-07	-3.296064e-06	-1.020373e-08	-2.299286e+01	-6.682561e+02
5.000000e-07	-3.211486e-06	-1.012044e-08	-2.240285e+01	-6.625738e+02
5.100000e-07	-3.125997e-06	-1.002551e-08	-2.180650e+01	-6.569517e+02
5.200000e-07	-3.039483e-06	-9.924795e-09	-2.120299e+01	-6.513234e+02
5.300000e-07	-2.951942e-06	-9.821106e-09	-2.059232e+01	-6.455971e+02
5.400000e-07	-2.863443e-06	-9.718763e-09	-1.997496e+01	-6.396674e+02
5.500000e-07	-2.774010e-06	-9.617566e-09	-1.935109e+01	-6.334290e+02
5.600000e-07	-2.683444e-06	-9.509968e-09	-1.871931e+01	-6.267913e+02
5.700000e-07	-2.591702e-06	-9.401267e-09	-1.807933e+01	-6.196906e+02
5.800000e-07	-2.499052e-06	-9.288627e-09	-1.743302e+01	-6.120999e+02
5.900000e-07	-2.405622e-06	-9.175440e-09	-1.678127e+01	-6.040328e+02
6.000000e-07	-2.311387e-06	-9.055522e-09	-1.612390e+01	-5.955421e+02
6.100000e-07	-2.216369e-06	-8.925575e-09	-1.546106e+01	-5.867126e+02
6.200000e-07	-2.120560e-06	-8.792515e-09	-1.479272e+01	-5.776493e+02
6.300000e-07	-2.023951e-06	-8.661603e-09	-1.411878e+01	-5.684615e+02
6.400000e-07	-1.926613e-06	-8.532928e-09	-1.343977e+01	-5.592461e+02
6.500000e-07	-1.828554e-06	-8.395747e-09	-1.275572e+01	-5.500712e+02
6.600000e-07	-1.729756e-06	-8.250528e-09	-1.206653e+01	-5.409635e+02
6.700000e-07	-1.630201e-06	-8.102807e-09	-1.137205e+01	-5.319006e+02
6.800000e-07	-1.529951e-06	-7.953278e-09	-1.067271e+01	-5.228092e+02
6.900000e-07	-1.429224e-06	-7.795368e-09	-9.970058e+00	-5.135716e+02
7.000000e-07	-1.328120e-06	-7.627096e-09	-9.264771e+00	-5.040374e+02
7.100000e-07	-1.226611e-06	-7.456287e-09	-8.556656e+00	-4.940416e+02
7.200000e-07	-1.124665e-06	-7.284809e-09	-7.845496e+00	-4.834248e+02
7.300000e-07	-1.022305e-06	-7.109512e-09	-7.131447e+00	-4.720547e+02
7.400000e-07	-9.195820e-07	-6.928419e-09	-6.414870e+00	-4.598440e+02
7.500000e-07	-8.165190e-07	-6.741340e-09	-5.695917e+00	-4.467641e+02
7.600000e-07	-7.131412e-07	-6.545936e-09	-4.974769e+00	-4.328497e+02
7.700000e-07	-6.095523e-07	-6.341489e-09	-4.252148e+00	-4.181959e+02
7.800000e-07	-5.057357e-07	-6.126812e-09	-3.527939e+00	-4.029449e+02
7.900000e-07	-4.016990e-07	-5.902388e-09	-2.802193e+00	-3.872645e+02
8.000000e-07	-2.975587e-07	-5.669558e-09	-2.075726e+00	-3.713204e+02
8.100000e-07	-1.933291e-07	-5.429957e-09	-1.348636e+00	-3.552447e+02
8.200000e-07	-8.901105e-08	-5.184797e-09	-6.209281e-01	-3.391052e+02
8.300000e-07	1.538239e-08	-4.928380e-09	1.073053e-01	-3.228788e+02
8.400000e-07	1.197452e-07	-4.655257e-09	8.353250e-01	-3.064326e+02
8.500000e-07	2.240309e-07	-4.366601e-09	1.562807e+00	-2.895168e+02
8.600000e-07	3.281901e-07	-4.065128e-09	2.289406e+00	-2.717702e+02
8.700000e-07	4.322097e-07	-3.746745e-09	3.015031e+00	-2.527397e+02
8.800000e-07	5.360975e-07	-3.407131e-09	3.739738e+00	-2.319128e+02
8.900000e-07	6.397898e-07	-3.043629e-09	4.463081e+00	-2.087600e+02
9.000000e-07	7.432971e-07	-2.655533e-09	5.185132e+00	-1.827848e+02
9.100000e-07	8.465459e-07	-2.239527e-09	5.905380e+00	-1.535754e+02
9.200000e-07	9.494800e-07	-1.786697e-09	6.623434e+00	-1.208531e+02
9.300000e-07	1.052071e-06	-1.285145e-09	7.339095e+00	-8.451301e+01
9.400000e-07	1.154283e-06	-7.261643e-10	8.052111e+00	-4.465186e+01
9.500000e-07	1.256125e-06	-1.005423e-10	8.762545e+00	-1.580160e+00
9.600000e-07	1.357577e-06	6.010851e-10	9.470260e+00	4.418391e+01
9.700000e-07	1.458598e-06	1.372234e-09	1.017497e+01	9.193831e+01
9.800000e-07	1.559186e-06	2.186929e-09	1.087666e+01	1.408373e+02
9.900000e-07	1.659278e-06	3.007303e-09	1.157488e+01	1.899447e+02
1.000000e-06	1.758637e-06	3.800121e-09	1.226800e+01	2.382953e+02
1.010000e-06	1.857133e-06	4.539111e-09	1.295509e+01	2.849595e+02
1.020000e-06	1.954888e-06	5.202555e-09	1.363702e+01	3.291044e+02
1.030000e-06	2.052000e-06	5.783173e-09	1.431445e+01	3.700470e+02
1.040000e-06	2.148336e-06	6.290050e-09	1.498648e+01	4.072942e+02
1.050000e-06	2.243879e-06	6.739512e-09	1.565297e+01	4.405658e+02
1.060000e-06	2.338715e-06	7.142098e-09	1.631454e+01	4.698000e+02
1.070000e-06	2.432787e-06	7.498635e-09	1.697076e+01	4.951409e+02
1.080000e-06	2.526068e-06	7.812145e-09	1.762148e+01	5.169093e+02
1.090000e-06	2.618542e-06	8.093572e-09	1.826657e+01	5.355612e+02
1.100000e-06	2.709986e-06	8.353513e-09	1.890447e+01	5.516384e+02
1.110000e-06	2.800280e-06	8.595048e-09	1.953435e+01	5.657151e+02
1.120000e-06	2.889549e-06	8.817118e-09	2.015707e+01	5.783471e+02
1.130000e-06	2.977822e-06	9.021640e-09	2.077285e+01	5.900285e+02
1.140000e-06	3.065063e-06	9.210504e-09	2.138143e+01	6.011576e+02
1.150000e-06	3.151297e-06	9.386529e-09	2.198299e+01	6.120173e+02
1.160000e-06	3.236567e-06	9.551571e-09	2.257782e+01	6.227685e+02
1.170000e-06	3.320826e-06	9.706314e-09	2.316559e+01	6.334574e+02
1.180000e-06	3.403894e-06	9.854615e-09	2.374507e+01	6.440344e+02
1.190000e-06	3.485716e-06	9.997815e-09	2.431585e+01	6.543806e+02
1.200000e-06	3.566281e-06	1.013156e-08	2.487786e+01	6.643396e+02
1.210000e-06	3.645492e-06	1.025359e-08	2.543042e+01	6.737495e+02
1.220000e-06	3.723413e-06	1.037011e-08	2.597398e+01	6.824713e+02
1.230000e-06	3.799993e-06	1.048380e-08	2.650820e+01	6.904119e+02
1.240000e-06	3.874997e-06	1.058994e-08	2.703141e+01	6.975373e+02
1.250000e-06	3.948435e-06	1.068575e-08	2.754370e+01	7.038774e+02
1.260000e-06	4.020452e-06	1.077609e-08	2.804609e+01	7.095207e+02
1.270000e-06	4.091054e-06	1.086624e-08	2.853859e+01	7.146019e+02
1.280000e-06	4.160269e-06	1.095430e-08	2.902143e+01	7.192835e+02
1.290000e-06	4.228082e-06	1.103539e-08	2.949449e+01	7.237343e+02
1.300000e-06	4.294314e-06	1.111091e-08	2.995651e+01	7.281090e+02
1.310000e-06	4.358927e-06	1.118499e-08	3.040724e+01	7.325295e+02
1.320000e-06	4.422062e-06	1.125742e-08	3.084766e+01	7.370724e+02
1.330000e-06	4.483818e-06	1.132513e-08	3.127846e+01	7.417624e+02
1.340000e-06	4.544149e-06	1.138771e-08	3.169932e+01	7.465735e+02
1.350000e-06	4.602827e-06	1.145006e-08	3.210865e+01	7.514358e+02
1.360000e-06	4.659681e-06	1.151463e-08	3.250525e+01	7.562490e+02
1.370000e-06	4.714796e-06	1.157776e-08	3.288973e+01	7.608978e+02
1.380000e-06	4.768223e-06	1.163247e-08	3.326243e+01	7.652699e+02
1.390000e-06	4.819698e-06	1.167853e-08	3.362151e+01	7.692713e+02
1.400000e-06	4.869119e-06	1.172299e-08	3.396627e+01	7.728395e+02
1.410000e-06	4.916746e-06	1.177035e-08	3.429850e+01	7.759512e+02
1.420000e-06	4.962783e-06	1.181762e-08	3.461965e+01	7.786240e+02
1.430000e-06	5.007245e-06	1.185862e-08	3.492981e+01	7.809134e+02
1.440000e-06	5.049792e-06	1.189737e-08	3.522662e+01	7.829037e+02
1.450000e-06	5.090375e-06	1.193923e-08	3.550971e+01	7.846959e+02
1.460000e-06	5.129255e-06	1.197935e-08	3.578094e+01	7.863932e+02
1.470000e-06	5.166449e-06	1.201037e-08	3.604039e+01	7.880875e+02
1.480000e-06	5.201770e-06	1.203598e-08	3.628679e+01	7.898471e+02
1.490000e-06	5.235126e-06	1.206346e-08	3.651948e+01	7.917084e+02
1.500000e-06	5.266716e-06	1.209167e-08	3.673984e+01	7.936724e+02
1.510000e-06	5.296630e-06	1.211536e-08	3.694852e+01	7.957059e+02
1.520000e-06	5.324782e-06	1.213311e-08	3.714490e+01	7.977476e+02
1.530000e-06	5.350897e-06	1.215291e-08	3.732708e+01	7.997179e+02
1.540000e-06	5.374941e-06	1.217744e-08	3.749481e+01	8.015308e+02
1.550000e-06	5.397175e-06	1.219861e-08	3.764991e+01	8.031067e+02
1.560000e-06	5.417670e-06	1.221048e-08	3.779287e+01	8.043835e+02
1.570000e-06	5.436316e-06	1.221860e-08	3.792295e+01	8.053257e+02
1.580000e-06	5.452984e-06	1.223034e-08	3.803922e+01	8.059289e+02
1.590000e-06	5.467640e-06	1.224140e-08	3.814146e+01	8.062202e+02
1.600000e-06	5.480247e-06	1.224770e-08	3.822940e+01	8.062540e+02
1.610000e-06	5.490645e-06	1.225237e-08	3.830194e+01	8.061047e+02
1.620000e-06	5.498969e-06	1.226084e-08	3.836001e+01	8.058554e+02
1.630000e-06	5.505455e-06	1.227003e-08	3.840525e+01	8.055871e+02
1.640000e-06	5.510085e-06	1.227184e-08	3.843755e+01	8.053671e+02
1.650000e-06	5.512705e-06	1.226731e-08	3.845583e+01	8.052405e+02
1.660000e-06	5.513303e-06	1.226461e-08	3.846000e+01	8.052237e+02
1.670000e-06	5.512113e-06	1.226318e-08	3.845170e+01	8.053035e+02
1.680000e-06	5.509233e-06	1.225915e-08	3.843160e+01	8.054387e+02
1.690000e-06	5.504541e-06	1.225234e-08	3.839887e+01	8.055672e+02
1.700000e-06	5.497937e-06	1.224442e-08	3.835281e+01	8.056147e+02
1.710000e-06	5.489587e-06	1.223834e-08	3.829456e+01	8.055055e+02
1.720000e-06	5.479556e-06	1.223165e-08	3.822458e+01	8.051736e+02
1.730000e-06	5.467692e-06	1.222809e-08	3.814182e+01	8.045720e+02
1.740000e-06	5.453789e-06	1.220871e-08	3.804484e+01	8.036792e+02
1.750000e-06	5.437832e-06	1.214754e-08	3.793353e+01	8.025023e+02
1.760000e-06	5.419461e-06	1.212368e-08	3.780537e+01	8.010760e+02
1.770000e-06	5.398250e-06	1.212591e-08	3.765740e+01	7.994576e+02
1.780000e-06	5.374845e-06	1.213650e-08	3.749414e+01	7.977186e+02
1.790000e-06	5.350244e-06	1.216243e-08	3.732252e+01	7.959348e+02
1.800000e-06	5.324892e-06	1.207689e-08	3.714567e+01	7.941752e+02
1.810000e-06	5.297937e-06	1.204468e-08	3.695764e+01	7.924923e+02
1.820000e-06	5.268511e-06	1.208717e-08	3.675237e+01	7.909140e+02
1.830000e-06	5.237367e-06	1.198959e-08	3.653511e+01	7.894399e+02
1.840000e-06	5.204610e-06	1.198594e-08	3.630660e+01	7.880408e+02
1.850000e-06	5.169977e-06	1.202665e-08	3.606501e+01	7.866621e+02
1.860000e-06	5.133738e-06	1.192732e-08	3.581221e+01	7.852315e+02
1.870000e-06	5.095416e-06	1.194669e-08	3.554488e+01	7.836685e+02
1.880000e-06	5.055170e-06	1.193792e-08	3.526413e+01	7.818955e+02
1.890000e-06	5.013423e-06	1.183192e-08	3.497291e+01	7.798483e+02
1.900000e-06	4.969837e-06	1.182341e-08	3.466886e+01	7.774851e+02
1.910000e-06	4.924518e-06	1.175975e-08	3.435272e+01	7.747921e+02
1.920000e-06	4.877346e-06	1.174578e-08	3.402366e+01	7.717855e+02
1.930000e-06	4.828257e-06	1.174075e-08	3.368122e+01	7.685094e+02
1.940000e-06	4.777504e-06	1.164154e-08	3.332717e+01	7.650291e+02
1.950000e-06	4.724609e-06	1.162872e-08	3.295818e+01	7.614227e+02
1.960000e-06	4.669765e-06	1.156911e-08	3.257560e+01	7.577694e+02
1.970000e-06	4.613344e-06	1.151016e-08	3.218201e+01	7.541388e+02
1.980000e-06	4.555261e-06	1.146412e-08	3.177684e+01	7.505802e+02
1.990000e-06	4.495697e-06	1.140000e-08	3.136133e+01	7.471161e+02
2.000000e-06	4.434396e-06	1.138461e-08	3.093370e+01	7.437379e+02
2.010000e-06	4.371438e-06	1.129760e-08	3.049451e+01	7.404072e+02
2.020000e-06	4.306978e-06	1.124780e-08	3.004485e+01	7.370600e+02
2.030000e-06	4.241005e-06	1.117899e-08	2.958463e+01	7.336159e+02
2.040000e-06	4.173601e-06	1.109836e-08	2.911443e+01	7.299886e+02
2.050000e-06	4.104433e-06	1.106612e-08	2.863193e+01	7.260980e+02
2.060000e-06	4.033641e-06	1.097390e-08	2.813809e+01	7.218814e+02
2.070000e-06	3.961539e-06	1.092499e-08	2.763512e+01	7.173022e+02
2.080000e-06	3.888128e-06	1.084492e-08	2.712302e+01	7.123556e+02
2.090000e-06	3.813191e-06	1.077008e-08	2.660026e+01	7.070696e+02
2.100000e-06	3.736567e-06	1.070086e-08	2.606575e+01	7.015008e+02
2.110000e-06	3.658381e-06	1.060259e-08	2.552033e+01	6.957272e+02
2.120000e-06	3.578889e-06	1.054612e-08	2.496581e+01	6.898373e+02
2.130000e-06	3.498294e-06	1.045401e-08	2.440359e+01	6.839166e+02
2.140000e-06	3.416522e-06	1.038071e-08	2.383316e+01	6.780359e+02
2.150000e-06	3.333615e-06	1.028328e-08	2.325481e+01	6.722396e+02
2.160000e-06	3.249548e-06	1.019333e-08	2.266837e+01	6.665390e+02
2.170000e-06	3.164120e-06	1.011265e-08	2.207244e+01	6.609087e+02
2.180000e-06	3.077408e-06	1.000463e-08	2.146755e+01	6.552888e+02
2.190000e-06	2.989685e-06	9.918450e-09	2.085561e+01	6.495923e+02
2.200000e-06	2.901060e-06	9.808528e-09	2.023737e+01	6.437155e+02
2.210000e-06	2.811462e-06	9.715489e-09	1.961235e+01	6.375517e+02
2.220000e-06	2.720956e-06	9.608138e-09	1.898099e+01	6.310061e+02
2.230000e-06	2.629575e-06	9.497169e-09	1.834353e+01	6.240083e+02
2.240000e-06	2.537289e-06	9.392237e-09	1.769976e+01	6.165231e+02
2.250000e-06	2.444058e-06	9.272653e-09	1.704939e+01	6.085550e+02
2.260000e-06	2.349730e-06	9.164412e-09	1.639137e+01	6.001490e+02
2.270000e-06	2.254480e-06	9.043523e-09	1.572693e+01	5.913839e+02
2.280000e-06	2.158506e-06	8.924838e-09	1.505742e+01	5.823615e+02
2.290000e-06	2.061798e-06	8.797246e-09	1.438280e+01	5.731917e+02
2.300000e-06	1.964409e-06	8.663336e-09	1.370343e+01	5.639754e+02
2.310000e-06	1.866435e-06	8.529722e-09	1.301998e+01	5.547881e+02
2.320000e-06	1.767945e-06	8.388099e-09	1.233293e+01	5.456664e+02
2.330000e-06	1.668882e-06	8.245002e-09	1.164188e+01	5.365984e+02
2.340000e-06	1.569242e-06	8.094829e-09	1.094680e+01	5.275218e+02
2.350000e-06	1.469088e-06	7.941499e-09	1.024814e+01	5.183275e+02
2.360000e-06	1.368384e-06	7.784897e-09	9.545648e+00	5.088707e+02
2.370000e-06	1.267043e-06	7.621255e-09	8.838709e+00	4.989878e+02
2.380000e-06	1.165092e-06	7.450555e-09	8.127510e+00	4.885166e+02
2.390000e-06	1.062651e-06	7.273216e-09	7.412900e+00	4.773172e+02
2.400000e-06	9.597802e-07	7.091466e-09	6.695287e+00	4.652913e+02
2.410000e-06	8.565441e-07	6.906457e-09	5.975127e+00	4.523970e+02
2.420000e-06	7.530057e-07	6.712704e-09	5.252858e+00	4.386555e+02
2.430000e-06	6.492297e-07	6.508984e-09	4.528932e+00	4.241496e+02
2.440000e-06	5.452866e-07	6.295696e-09	3.803840e+00	4.090131e+02
2.450000e-06	4.411999e-07	6.076542e-09	3.077746e+00	3.934104e+02
2.460000e-06	3.370070e-07	5.849661e-09	2.350912e+00	3.775102e+02
2.470000e-06	2.327229e-07	5.611195e-09	1.623441e+00	3.614544e+02
2.480000e-06	1.283321e-07	5.363968e-09	8.952257e-01	3.453273e+02
2.490000e-06	2.389942e-08	5.105892e-09	1.667189e-01	3.291269e+02
2.500000e-06	-8.052189e-08	4.837799e-09	-5.617090e-01	3.127449e+02
2.510000e-06	-1.848947e-07	4.556856e-09	-1.289799e+00	2.959567e+02
2.520000e-06	-2.891623e-07	4.257160e-09	-2.017154e+00	2.784237e+02
2.530000e-06	-3.933398e-07	3.940439e-09	-2.743881e+00	2.597102e+02
2.540000e-06	-4.974407e-07	3.605819e-09	-3.470073e+00	2.393130e+02
2.550000e-06	-6.014018e-07	3.251205e-09	-4.195291e+00	2.167025e+02
2.560000e-06	-7.051750e-07	2.873787e-09	-4.919198e+00	1.913706e+02
2.570000e-06	-8.087276e-07	2.467956e-09	-5.641565e+00	1.628831e+02
2.580000e-06	-9.119321e-07	2.029123e-09	-6.361505e+00	1.309290e+02
2.590000e-06	-1.014702e-06	1.547780e-09	-7.078414e+00	9.536323e+01
2.600000e-06	-1.116984e-06	1.008545e-09	-7.791917e+00	5.623791e+01
2.610000e-06	-1.218706e-06	3.998727e-10	-8.501514e+00	1.381752e+01
2.620000e-06	-1.319856e-06	-2.781986e-10	-9.207123e+00	-3.142282e+01
2.630000e-06	-1.420534e-06	-1.025042e-09	-9.909441e+00	-7.881762e+01
2.640000e-06	-1.520791e-06	-1.831184e-09	-1.060882e+01	-1.275478e+02
2.650000e-06	-1.620562e-06	-2.662904e-09	-1.130480e+01	-1.766917e+02
2.660000e-06	-1.719724e-06	-3.474381e-09	-1.199654e+01	-2.252848e+02
2.670000e-06	-1.818152e-06	-4.230526e-09	-1.268317e+01	-2.723845e+02
2.680000e-06	-1.915960e-06	-4.917838e-09	-1.336545e+01	-3.171324e+02
2.690000e-06	-2.013179e-06	-5.533720e-09	-1.404365e+01	-3.588096e+02
2.700000e-06	-2.109737e-06	-6.078949e-09	-1.471722e+01	-3.968796e+02
2.710000e-06	-2.205681e-06	-6.556220e-09	-1.538651e+01	-4.310155e+02
2.720000e-06	-2.301047e-06	-6.974129e-09	-1.605177e+01	-4.611093e+02
2.730000e-06	-2.395631e-06	-7.345717e-09	-1.671157e+01	-4.872628e+02
2.740000e-06	-2.489159e-06	-7.678583e-09	-1.736401e+01	-5.097620e+02
2.750000e-06	-2.581643e-06	-7.977088e-09	-1.800916e+01	-5.290382e+02
2.760000e-06	-2.673152e-06	-8.244990e-09	-1.864752e+01	-5.456189e+02
2.770000e-06	-2.763658e-06	-8.485997e-09	-1.927888e+01	-5.600760e+02
2.780000e-06	-2.853137e-06	-8.711302e-09	-1.990307e+01	-5.729731e+02
2.790000e-06	-2.941621e-06	-8.929967e-09	-2.052032e+01	-5.848209e+02
2.800000e-06	-3.029209e-06	-9.135745e-09	-2.113132e+01	-5.960403e+02
2.810000e-06	-3.115759e-06	-9.321981e-09	-2.173508e+01	-6.069399e+02
2.820000e-06	-3.201054e-06	-9.491164e-09	-2.233008e+01	-6.177066e+02
2.830000e-06	-3.285150e-06	-9.648975e-09	-2.291673e+01	-6.284101e+02
2.840000e-06	-3.368090e-06	-9.797901e-09	-2.349530e+01	-6.390190e+02
2.850000e-06	-3.449900e-06	-9.937365e-09	-2.406600e+01	-6.494269e+02
2.860000e-06	-3.530600e-06	-1.006846e-08	-2.462895e+01	-6.594827e+02
2.870000e-06	-3.610131e-06	-1.019403e-08	-2.518375e+01	-6.690229e+02
2.880000e-06	-3.688252e-06	-1.031709e-08	-2.572871e+01	-6.779017e+02
2.890000e-06	-3.764816e-06	-1.043555e-08	-2.626281e+01	-6.860146e+02
2.900000e-06	-3.839903e-06	-1.054709e-08	-2.678660e+01	-6.933143e+02
2.910000e-06	-3.913547e-06	-1.065068e-08	-2.730033e+01	-6.998169e+02
2.920000e-06	-3.985858e-06	-1.074556e-08	-2.780476e+01	-7.055993e+02
2.930000e-06	-4.056839e-06	-1.083403e-08	-2.829991e+01	-7.107878e+02
2.940000e-06	-4.126290e-06	-1.091896e-08	-2.878440e+01	-7.155405e+02
2.950000e-06	-4.194156e-06	-1.100219e-08	-2.925782e+01	-7.200269e+02
2.960000e-06	-4.260572e-06	-1.108267e-08	-2.972113e+01	-7.244062e+02
2.970000e-06	-4.325594e-06	-1.116102e-08	-3.017471e+01	-7.288086e+02
2.980000e-06	-4.389187e-06	-1.123912e-08	-3.061833e+01	-7.333212e+02
2.990000e-06	-4.451169e-06	-1.131506e-08	-3.105070e+01	-7.379801e+02
3.000000e-06	-4.511441e-06	-1.138603e-08	-3.147115e+01	-7.427696e+02
3.010000e-06	-4.570091e-06	-1.145067e-08	-3.188029e+01	-7.476285e+02
3.020000e-06	-4.627181e-06	-1.151044e-08	-3.227854e+01	-7.524615e+02
3.030000e-06	-4.682715e-06	-1.156893e-08	-3.266593e+01	-7.571552e+02
3.040000e-06	-4.736491e-06	-1.162798e-08	-3.304107e+01	-7.615952e+02
3.050000e-06	-4.788264e-06	-1.168688e-08	-3.340223e+01	-7.656824e+02
3.060000e-06	-4.838096e-06	-1.174184e-08	-3.374985e+01	-7.693467e+02
3.070000e-06	-4.885951e-06	-1.179115e-08	-3.408368e+01	-7.725560e+02
3.080000e-06	-4.931853e-06	-1.183624e-08	-3.440389e+01	-7.753192e+02
3.090000e-06	-4.976114e-06	-1.187822e-08	-3.471265e+01	-7.776843e+02
3.100000e-06	-5.018838e-06	-1.191867e-08	-3.501068e+01	-7.797305e+02
3.110000e-06	-5.059975e-06	-1.195594e-08	-3.529764e+01	-7.815561e+02
3.120000e-06	-5.099443e-06	-1.199152e-08	-3.557297e+01	-7.832653e+02
3.130000e-06	-5.137013e-06	-1.202771e-08	-3.583505e+01	-7.849534e+02
3.140000e-06	-5.172613e-06	-1.206427e-08	-3.608340e+01	-7.866947e+02
3.150000e-06	-5.206423e-06	-1.209843e-08	-3.631925e+01	-7.885327e+02
3.160000e-06	-5.238533e-06	-1.212626e-08	-3.654324e+01	-7.904763e+02
3.170000e-06	-5.268798e-06	-1.214724e-08	-3.675437e+01	-7.924991e+02
3.180000e-06	-5.297090e-06	-1.216544e-08	-3.695173e+01	-7.945451e+02
3.190000e-06	-5.323531e-06	-1.218601e-08	-3.713618e+01	-7.965378e+02
3.200000e-06	-5.348159e-06	-1.220758e-08	-3.730798e+01	-7.983914e+02
3.210000e-06	-5.370863e-06	-1.222681e-08	-3.746635e+01	-8.000239e+02
3.220000e-06	-5.391594e-06	-1.224195e-08	-3.761097e+01	-8.013687e+02
3.230000e-06	-5.410489e-06	-1.225733e-08	-3.774278e+01	-8.023840e+02
3.240000e-06	-5.427605e-06	-1.227203e-08	-3.786218e+01	-8.030584e+02
3.250000e-06	-5.442801e-06	-1.228308e-08	-3.796819e+01	-8.034126e+02
3.260000e-06	-5.455776e-06	-1.229165e-08	-3.805869e+01	-8.034958e+02
3.270000e-06	-5.466580e-06	-1.229742e-08	-3.813406e+01	-8.033787e+02
3.280000e-06	-5.475503e-06	-1.230187e-08	-3.819631e+01	-8.031436e+02
3.290000e-06	-5.482534e-06	-1.230254e-08	-3.824536e+01	-8.028729e+02
3.300000e-06	-5.487515e-06	-1.229813e-08	-3.828010e+01	-8.026378e+02
3.310000e-06	-5.490498e-06	-1.229349e-08	-3.830091e+01	-8.024887e+02
3.320000e-06	-5.491677e-06	-1.229206e-08	-3.830914e+01	-8.024483e+02
