# Temperatura_=_39.45
# Concentracion g/m^3_=_15500.0
# C_Vs_to_Am_M_A/Vsm_=_65563218390.804596
# pendiente_HvsI_1/m_=_3716.3
# ordenada_HvsI_A/m_=_1297.0
# frecuencia_Hz_=_300811.42997815413

Tiempo_(s)	Campo_(V.s)	Magnetizacion_(V.s)	Campo_(kA/m)	Magnetizacion_(A/m)
0.000000e+00	-5.496272e-06	-1.212353e-08	-3.830798e+01	-7.915045e+02
1.000000e-08	-5.495039e-06	-1.213126e-08	-3.829939e+01	-7.916063e+02
2.000000e-08	-5.491825e-06	-1.213442e-08	-3.827699e+01	-7.917615e+02
3.000000e-08	-5.486767e-06	-1.213010e-08	-3.824174e+01	-7.919096e+02
4.000000e-08	-5.480025e-06	-1.212102e-08	-3.819474e+01	-7.919783e+02
5.000000e-08	-5.471686e-06	-1.210556e-08	-3.813662e+01	-7.918938e+02
6.000000e-08	-5.461495e-06	-1.208511e-08	-3.806559e+01	-7.915914e+02
7.000000e-08	-5.449190e-06	-1.206391e-08	-3.797983e+01	-7.910248e+02
8.000000e-08	-5.434897e-06	-1.205184e-08	-3.788022e+01	-7.901724e+02
9.000000e-08	-5.418327e-06	-1.207348e-08	-3.776472e+01	-7.890406e+02
1.000000e-07	-5.399368e-06	-1.209032e-08	-3.763258e+01	-7.876624e+02
1.100000e-07	-5.378375e-06	-1.205993e-08	-3.748626e+01	-7.860931e+02
1.200000e-07	-5.355536e-06	-1.202566e-08	-3.732708e+01	-7.844024e+02
1.300000e-07	-5.331183e-06	-1.197094e-08	-3.715734e+01	-7.826640e+02
1.400000e-07	-5.305413e-06	-1.192106e-08	-3.697774e+01	-7.809457e+02
1.500000e-07	-5.277828e-06	-1.196055e-08	-3.678547e+01	-7.792991e+02
1.600000e-07	-5.248453e-06	-1.191718e-08	-3.658074e+01	-7.777524e+02
1.700000e-07	-5.217518e-06	-1.185634e-08	-3.636512e+01	-7.763062e+02
1.800000e-07	-5.184738e-06	-1.190089e-08	-3.613665e+01	-7.749328e+02
1.900000e-07	-5.149865e-06	-1.184535e-08	-3.589359e+01	-7.735797e+02
2.000000e-07	-5.113347e-06	-1.179379e-08	-3.563907e+01	-7.721769e+02
2.100000e-07	-5.075224e-06	-1.178698e-08	-3.537336e+01	-7.706461e+02
2.200000e-07	-5.035275e-06	-1.170923e-08	-3.509492e+01	-7.689112e+02
2.300000e-07	-4.993470e-06	-1.169195e-08	-3.480355e+01	-7.669092e+02
2.400000e-07	-4.949638e-06	-1.168767e-08	-3.449805e+01	-7.645984e+02
2.500000e-07	-4.904001e-06	-1.162916e-08	-3.417997e+01	-7.619645e+02
2.600000e-07	-4.856616e-06	-1.158769e-08	-3.384970e+01	-7.590224e+02
2.700000e-07	-4.807221e-06	-1.151993e-08	-3.350543e+01	-7.558142e+02
2.800000e-07	-4.755759e-06	-1.148143e-08	-3.314675e+01	-7.524035e+02
2.900000e-07	-4.702319e-06	-1.146173e-08	-3.277428e+01	-7.488665e+02
3.000000e-07	-4.647143e-06	-1.140572e-08	-3.238972e+01	-7.452812e+02
3.100000e-07	-4.590367e-06	-1.135325e-08	-3.199399e+01	-7.417165e+02
3.200000e-07	-4.531807e-06	-1.130905e-08	-3.158584e+01	-7.382221e+02
3.300000e-07	-4.471519e-06	-1.126368e-08	-3.116565e+01	-7.348218e+02
3.400000e-07	-4.409744e-06	-1.118744e-08	-3.073509e+01	-7.315091e+02
3.500000e-07	-4.346503e-06	-1.111457e-08	-3.029431e+01	-7.282481e+02
3.600000e-07	-4.281798e-06	-1.106009e-08	-2.984333e+01	-7.249777e+02
3.700000e-07	-4.215476e-06	-1.100338e-08	-2.938107e+01	-7.216200e+02
3.800000e-07	-4.147430e-06	-1.095854e-08	-2.890681e+01	-7.180908e+02
3.900000e-07	-4.077865e-06	-1.089125e-08	-2.842195e+01	-7.143107e+02
4.000000e-07	-4.006987e-06	-1.081468e-08	-2.792795e+01	-7.102170e+02
4.100000e-07	-3.934837e-06	-1.075181e-08	-2.742508e+01	-7.057715e+02
4.200000e-07	-3.861210e-06	-1.067930e-08	-2.691191e+01	-7.009666e+02
4.300000e-07	-3.785944e-06	-1.059873e-08	-2.638732e+01	-6.958263e+02
4.400000e-07	-3.709058e-06	-1.051393e-08	-2.585144e+01	-6.904033e+02
4.500000e-07	-3.630662e-06	-1.044506e-08	-2.530503e+01	-6.847710e+02
4.600000e-07	-3.550769e-06	-1.037721e-08	-2.474819e+01	-6.790138e+02
4.700000e-07	-3.469465e-06	-1.029249e-08	-2.418152e+01	-6.732144e+02
4.800000e-07	-3.386932e-06	-1.020100e-08	-2.360628e+01	-6.674419e+02
4.900000e-07	-3.303287e-06	-1.010863e-08	-2.302329e+01	-6.617410e+02
5.000000e-07	-3.218638e-06	-1.002380e-08	-2.243331e+01	-6.561244e+02
5.100000e-07	-3.132999e-06	-9.935023e-09	-2.183641e+01	-6.505702e+02
5.200000e-07	-3.046376e-06	-9.840338e-09	-2.123267e+01	-6.450232e+02
5.300000e-07	-2.958857e-06	-9.742140e-09	-2.062268e+01	-6.394016e+02
5.400000e-07	-2.870456e-06	-9.641579e-09	-2.000654e+01	-6.336071e+02
5.500000e-07	-2.781032e-06	-9.538686e-09	-1.938327e+01	-6.275382e+02
5.600000e-07	-2.690439e-06	-9.428372e-09	-1.875186e+01	-6.211037e+02
5.700000e-07	-2.598675e-06	-9.316351e-09	-1.811228e+01	-6.142356e+02
5.800000e-07	-2.505981e-06	-9.206651e-09	-1.746622e+01	-6.068989e+02
5.900000e-07	-2.412516e-06	-9.099530e-09	-1.681478e+01	-5.990968e+02
6.000000e-07	-2.318259e-06	-8.987692e-09	-1.615783e+01	-5.908709e+02
6.100000e-07	-2.223188e-06	-8.866792e-09	-1.549520e+01	-5.822954e+02
6.200000e-07	-2.127349e-06	-8.737442e-09	-1.482722e+01	-5.734666e+02
6.300000e-07	-2.030817e-06	-8.604555e-09	-1.415442e+01	-5.644887e+02
6.400000e-07	-1.933504e-06	-8.473064e-09	-1.347616e+01	-5.554577e+02
6.500000e-07	-1.835293e-06	-8.337513e-09	-1.279165e+01	-5.464452e+02
6.600000e-07	-1.736256e-06	-8.195294e-09	-1.210138e+01	-5.374853e+02
6.700000e-07	-1.636547e-06	-8.050067e-09	-1.140643e+01	-5.285659e+02
6.800000e-07	-1.536276e-06	-7.905513e-09	-1.070755e+01	-5.196259e+02
6.900000e-07	-1.435503e-06	-7.754995e-09	-1.000518e+01	-5.105592e+02
7.000000e-07	-1.334258e-06	-7.594131e-09	-9.299531e+00	-5.012252e+02
7.100000e-07	-1.232629e-06	-7.426774e-09	-8.591193e+00	-4.914649e+02
7.200000e-07	-1.130577e-06	-7.255401e-09	-7.879906e+00	-4.811204e+02
7.300000e-07	-1.028082e-06	-7.081498e-09	-7.165539e+00	-4.700551e+02
7.400000e-07	-9.252688e-07	-6.902958e-09	-6.448950e+00	-4.581728e+02
7.500000e-07	-8.221296e-07	-6.715238e-09	-5.730089e+00	-4.454316e+02
7.600000e-07	-7.187075e-07	-6.518807e-09	-5.009257e+00	-4.318506e+02
7.700000e-07	-6.150669e-07	-6.316910e-09	-4.286901e+00	-4.175092e+02
7.800000e-07	-5.112362e-07	-6.109754e-09	-3.563221e+00	-4.025360e+02
7.900000e-07	-4.073008e-07	-5.894915e-09	-2.838810e+00	-3.870899e+02
8.000000e-07	-3.032488e-07	-5.670441e-09	-2.113588e+00	-3.713347e+02
8.100000e-07	-1.990455e-07	-5.435677e-09	-1.387310e+00	-3.554086e+02
8.200000e-07	-9.473748e-08	-5.189958e-09	-6.603024e-01	-3.393943e+02
8.300000e-07	9.590112e-09	-4.933111e-09	6.684128e-02	-3.232914e+02
8.400000e-07	1.138782e-07	-4.662969e-09	7.937100e-01	-3.069968e+02
8.500000e-07	2.181334e-07	-4.379017e-09	1.520349e+00	-2.902940e+02
8.600000e-07	3.223171e-07	-4.082361e-09	2.246490e+00	-2.728561e+02
8.700000e-07	4.263680e-07	-3.771825e-09	2.971705e+00	-2.542611e+02
8.800000e-07	5.302883e-07	-3.444071e-09	3.696010e+00	-2.340210e+02
8.900000e-07	6.340304e-07	-3.091858e-09	4.419073e+00	-2.116208e+02
9.000000e-07	7.375825e-07	-2.712042e-09	5.140811e+00	-1.865657e+02
9.100000e-07	8.409385e-07	-2.305883e-09	5.861184e+00	-1.584314e+02
9.200000e-07	9.440283e-07	-1.867237e-09	6.579700e+00	-1.269127e+02
9.300000e-07	1.046803e-06	-1.381618e-09	7.296019e+00	-9.186496e+01
9.400000e-07	1.149141e-06	-8.390931e-10	8.009294e+00	-5.333470e+01
9.500000e-07	1.251017e-06	-2.353226e-10	8.719351e+00	-1.157536e+01
9.600000e-07	1.352476e-06	4.357927e-10	9.426504e+00	3.295431e+01
9.700000e-07	1.453565e-06	1.174985e-09	1.013108e+01	7.960923e+01
9.800000e-07	1.554230e-06	1.966516e-09	1.083269e+01	1.275935e+02
9.900000e-07	1.654357e-06	2.775734e-09	1.153056e+01	1.760093e+02
1.000000e-06	1.753942e-06	3.565534e-09	1.222464e+01	2.239155e+02
1.010000e-06	1.852836e-06	4.307110e-09	1.291392e+01	2.703899e+02
1.020000e-06	1.950854e-06	4.980969e-09	1.359709e+01	3.145904e+02
1.030000e-06	2.047961e-06	5.578400e-09	1.427390e+01	3.558092e+02
1.040000e-06	2.144229e-06	6.101974e-09	1.494488e+01	3.935146e+02
1.050000e-06	2.239816e-06	6.562708e-09	1.561110e+01	4.273786e+02
1.060000e-06	2.334744e-06	6.971498e-09	1.627273e+01	4.572865e+02
1.070000e-06	2.428886e-06	7.332477e-09	1.692888e+01	4.833283e+02
1.080000e-06	2.522241e-06	7.651600e-09	1.757954e+01	5.057749e+02
1.090000e-06	2.614826e-06	7.941228e-09	1.822485e+01	5.250402e+02
1.100000e-06	2.706506e-06	8.209051e-09	1.886384e+01	5.416343e+02
1.110000e-06	2.797127e-06	8.454901e-09	1.949545e+01	5.561123e+02
1.120000e-06	2.886564e-06	8.677411e-09	2.011881e+01	5.690238e+02
1.130000e-06	2.974933e-06	8.881546e-09	2.073473e+01	5.808687e+02
1.140000e-06	3.062389e-06	9.073398e-09	2.134428e+01	5.920611e+02
1.150000e-06	3.148775e-06	9.253956e-09	2.194637e+01	6.029069e+02
1.160000e-06	3.234070e-06	9.420456e-09	2.254086e+01	6.135939e+02
1.170000e-06	3.318408e-06	9.574100e-09	2.312868e+01	6.241957e+02
1.180000e-06	3.401652e-06	9.721821e-09	2.370887e+01	6.346872e+02
1.190000e-06	3.483570e-06	9.864687e-09	2.427983e+01	6.449691e+02
1.200000e-06	3.564183e-06	9.997421e-09	2.484169e+01	6.548975e+02
1.210000e-06	3.643593e-06	1.012089e-08	2.539516e+01	6.643153e+02
1.220000e-06	3.721709e-06	1.023974e-08	2.593962e+01	6.730812e+02
1.230000e-06	3.798431e-06	1.035370e-08	2.647435e+01	6.810933e+02
1.240000e-06	3.873701e-06	1.046045e-08	2.699897e+01	6.883043e+02
1.250000e-06	3.947331e-06	1.055758e-08	2.751216e+01	6.947288e+02
1.260000e-06	4.019476e-06	1.064654e-08	2.801499e+01	7.004399e+02
1.270000e-06	4.090278e-06	1.073292e-08	2.850847e+01	7.055593e+02
1.280000e-06	4.159649e-06	1.081836e-08	2.899197e+01	7.102404e+02
1.290000e-06	4.227692e-06	1.090098e-08	2.946622e+01	7.146481e+02
1.300000e-06	4.294154e-06	1.097940e-08	2.992945e+01	7.189379e+02
1.310000e-06	4.358909e-06	1.105320e-08	3.038078e+01	7.232381e+02
1.320000e-06	4.422199e-06	1.112361e-08	3.082190e+01	7.276353e+02
1.330000e-06	4.484019e-06	1.118949e-08	3.125277e+01	7.321666e+02
1.340000e-06	4.544424e-06	1.124929e-08	3.167378e+01	7.368188e+02
1.350000e-06	4.603219e-06	1.130820e-08	3.208357e+01	7.415343e+02
1.360000e-06	4.660213e-06	1.137111e-08	3.248081e+01	7.462218e+02
1.370000e-06	4.715517e-06	1.143438e-08	3.286627e+01	7.507718e+02
1.380000e-06	4.769106e-06	1.149072e-08	3.323977e+01	7.550732e+02
1.390000e-06	4.820768e-06	1.153961e-08	3.359985e+01	7.590290e+02
1.400000e-06	4.870378e-06	1.158461e-08	3.394562e+01	7.625704e+02
1.410000e-06	4.918144e-06	1.162882e-08	3.427854e+01	7.656649e+02
1.420000e-06	4.964269e-06	1.167212e-08	3.460002e+01	7.683201e+02
1.430000e-06	5.008816e-06	1.171024e-08	3.491051e+01	7.705816e+02
1.440000e-06	5.051509e-06	1.174493e-08	3.520807e+01	7.725260e+02
1.450000e-06	5.092221e-06	1.178178e-08	3.549182e+01	7.742490e+02
1.460000e-06	5.131177e-06	1.181959e-08	3.576334e+01	7.758524e+02
1.470000e-06	5.168525e-06	1.185230e-08	3.602365e+01	7.774306e+02
1.480000e-06	5.204118e-06	1.187985e-08	3.627173e+01	7.790574e+02
1.490000e-06	5.237713e-06	1.190656e-08	3.650588e+01	7.807779e+02
1.500000e-06	5.269461e-06	1.193252e-08	3.672715e+01	7.826031e+02
1.510000e-06	5.299506e-06	1.195399e-08	3.693656e+01	7.845099e+02
1.520000e-06	5.327837e-06	1.197025e-08	3.713403e+01	7.864464e+02
1.530000e-06	5.354178e-06	1.198653e-08	3.731762e+01	7.883398e+02
1.540000e-06	5.378436e-06	1.200568e-08	3.748669e+01	7.901082e+02
1.550000e-06	5.400849e-06	1.202354e-08	3.764291e+01	7.916723e+02
1.560000e-06	5.421512e-06	1.203630e-08	3.778692e+01	7.929672e+02
1.570000e-06	5.440280e-06	1.204855e-08	3.791773e+01	7.939518e+02
1.580000e-06	5.457002e-06	1.206482e-08	3.803428e+01	7.946137e+02
1.590000e-06	5.471764e-06	1.207844e-08	3.813717e+01	7.949713e+02
1.600000e-06	5.484499e-06	1.208237e-08	3.822593e+01	7.950710e+02
1.610000e-06	5.494967e-06	1.208306e-08	3.829889e+01	7.949797e+02
1.620000e-06	5.503344e-06	1.209018e-08	3.835727e+01	7.947760e+02
1.630000e-06	5.509929e-06	1.209817e-08	3.840317e+01	7.945388e+02
1.640000e-06	5.514670e-06	1.209802e-08	3.843622e+01	7.943364e+02
1.650000e-06	5.517385e-06	1.209479e-08	3.845514e+01	7.942172e+02
1.660000e-06	5.518083e-06	1.209875e-08	3.846000e+01	7.942032e+02
1.670000e-06	5.517020e-06	1.210538e-08	3.845260e+01	7.942877e+02
1.680000e-06	5.514316e-06	1.210453e-08	3.843375e+01	7.944361e+02
1.690000e-06	5.509748e-06	1.209692e-08	3.840191e+01	7.945917e+02
1.700000e-06	5.503239e-06	1.208635e-08	3.835654e+01	7.946839e+02
1.710000e-06	5.495014e-06	1.207546e-08	3.829922e+01	7.946382e+02
1.720000e-06	5.485111e-06	1.206473e-08	3.823020e+01	7.943874e+02
1.730000e-06	5.473286e-06	1.206075e-08	3.814778e+01	7.938803e+02
1.740000e-06	5.459404e-06	1.205050e-08	3.805102e+01	7.930897e+02
1.750000e-06	5.443577e-06	1.200063e-08	3.794071e+01	7.920159e+02
1.760000e-06	5.425415e-06	1.197481e-08	3.781413e+01	7.906866e+02
1.770000e-06	5.404415e-06	1.197218e-08	3.766776e+01	7.891530e+02
1.780000e-06	5.381087e-06	1.197775e-08	3.750516e+01	7.874822e+02
1.790000e-06	5.356464e-06	1.201818e-08	3.733355e+01	7.857481e+02
1.800000e-06	5.331108e-06	1.193460e-08	3.715682e+01	7.840206e+02
1.810000e-06	5.304196e-06	1.187577e-08	3.696925e+01	7.823555e+02
1.820000e-06	5.274863e-06	1.193731e-08	3.676481e+01	7.807865e+02
1.830000e-06	5.243792e-06	1.185521e-08	3.654825e+01	7.793203e+02
1.840000e-06	5.211096e-06	1.182784e-08	3.632036e+01	7.779351e+02
1.850000e-06	5.176536e-06	1.186450e-08	3.607949e+01	7.765832e+02
1.860000e-06	5.140336e-06	1.176801e-08	3.582718e+01	7.751977e+02
1.870000e-06	5.102111e-06	1.178138e-08	3.556075e+01	7.737011e+02
1.880000e-06	5.061945e-06	1.177314e-08	3.528081e+01	7.720160e+02
1.890000e-06	5.020233e-06	1.167597e-08	3.499008e+01	7.700757e+02
1.900000e-06	4.976665e-06	1.168192e-08	3.468642e+01	7.678334e+02
1.910000e-06	4.931262e-06	1.160965e-08	3.436997e+01	7.652686e+02
1.920000e-06	4.884059e-06	1.158260e-08	3.404097e+01	7.623900e+02
1.930000e-06	4.835076e-06	1.158616e-08	3.369957e+01	7.592342e+02
1.940000e-06	4.784444e-06	1.147681e-08	3.334668e+01	7.558610e+02
1.950000e-06	4.731714e-06	1.146747e-08	3.297916e+01	7.523445e+02
1.960000e-06	4.677000e-06	1.142563e-08	3.259781e+01	7.487634e+02
1.970000e-06	4.620626e-06	1.135643e-08	3.220489e+01	7.451894e+02
1.980000e-06	4.562608e-06	1.131885e-08	3.180052e+01	7.416772e+02
1.990000e-06	4.503127e-06	1.125087e-08	3.138595e+01	7.382563e+02
2.000000e-06	4.441916e-06	1.123163e-08	3.095932e+01	7.349271e+02
2.010000e-06	4.379024e-06	1.116195e-08	3.052098e+01	7.316595e+02
2.020000e-06	4.314606e-06	1.110588e-08	3.007199e+01	7.283974e+02
2.030000e-06	4.248634e-06	1.105134e-08	2.961218e+01	7.250656e+02
2.040000e-06	4.181220e-06	1.096325e-08	2.914232e+01	7.215803e+02
2.050000e-06	4.112137e-06	1.092359e-08	2.866082e+01	7.178601e+02
2.060000e-06	4.041460e-06	1.084546e-08	2.816822e+01	7.138379e+02
2.070000e-06	3.969391e-06	1.079000e-08	2.766591e+01	7.094696e+02
2.080000e-06	3.896011e-06	1.072890e-08	2.715447e+01	7.047409e+02
2.090000e-06	3.821201e-06	1.065276e-08	2.663305e+01	6.996691e+02
2.100000e-06	3.744633e-06	1.059081e-08	2.609939e+01	6.943012e+02
2.110000e-06	3.666451e-06	1.049400e-08	2.555447e+01	6.887070e+02
2.120000e-06	3.586976e-06	1.042015e-08	2.500055e+01	6.829695e+02
2.130000e-06	3.506303e-06	1.033713e-08	2.443828e+01	6.771729e+02
2.140000e-06	3.424443e-06	1.025741e-08	2.386772e+01	6.713900e+02
2.150000e-06	3.341480e-06	1.017876e-08	2.328949e+01	6.656716e+02
2.160000e-06	3.257360e-06	1.008976e-08	2.270319e+01	6.600377e+02
2.170000e-06	3.171903e-06	1.000944e-08	2.210757e+01	6.544739e+02
2.180000e-06	3.085234e-06	9.914177e-09	2.150350e+01	6.489317e+02
2.190000e-06	2.997554e-06	9.818736e-09	2.089239e+01	6.433341e+02
2.200000e-06	2.908912e-06	9.716644e-09	2.027457e+01	6.375854e+02
2.210000e-06	2.819254e-06	9.617958e-09	1.964967e+01	6.315837e+02
2.220000e-06	2.728666e-06	9.515955e-09	1.901829e+01	6.252343e+02
2.230000e-06	2.637249e-06	9.407828e-09	1.838113e+01	6.184635e+02
2.240000e-06	2.544837e-06	9.300851e-09	1.773703e+01	6.112284e+02
2.250000e-06	2.451362e-06	9.191089e-09	1.708553e+01	6.035240e+02
2.260000e-06	2.356932e-06	9.083061e-09	1.642738e+01	5.953838e+02
2.270000e-06	2.261667e-06	8.970449e-09	1.576339e+01	5.868757e+02
2.280000e-06	2.165653e-06	8.856272e-09	1.509419e+01	5.780926e+02
2.290000e-06	2.068974e-06	8.732419e-09	1.442036e+01	5.691382e+02
2.300000e-06	1.971587e-06	8.599802e-09	1.374159e+01	5.601116e+02
2.310000e-06	1.873530e-06	8.461775e-09	1.305816e+01	5.510910e+02
2.320000e-06	1.774955e-06	8.322152e-09	1.237110e+01	5.421193e+02
2.330000e-06	1.675895e-06	8.182093e-09	1.168068e+01	5.331949e+02
2.340000e-06	1.576298e-06	8.039436e-09	1.098650e+01	5.242670e+02
2.350000e-06	1.476086e-06	7.895797e-09	1.028804e+01	5.152384e+02
2.360000e-06	1.375233e-06	7.745058e-09	9.585116e+00	5.059749e+02
2.370000e-06	1.273753e-06	7.587925e-09	8.877821e+00	4.963197e+02
2.380000e-06	1.171702e-06	7.419763e-09	8.166540e+00	4.861130e+02
2.390000e-06	1.069154e-06	7.243376e-09	7.451802e+00	4.752121e+02
2.400000e-06	9.661920e-07	7.065041e-09	6.734177e+00	4.635106e+02
2.410000e-06	8.628387e-07	6.883130e-09	6.013824e+00	4.509540e+02
2.420000e-06	7.591717e-07	6.695651e-09	5.291284e+00	4.375484e+02
2.430000e-06	6.553022e-07	6.495909e-09	4.567333e+00	4.233607e+02
2.440000e-06	5.512844e-07	6.285116e-09	3.842349e+00	4.085103e+02
2.450000e-06	4.471327e-07	6.068971e-09	3.116431e+00	3.931517e+02
2.460000e-06	3.428407e-07	5.846540e-09	2.389536e+00	3.774499e+02
2.470000e-06	2.384476e-07	5.613918e-09	1.661935e+00	3.615512e+02
2.480000e-06	1.339550e-07	5.370873e-09	9.336409e-01	3.455528e+02
2.490000e-06	2.942534e-08	5.117432e-09	2.050891e-01	3.294740e+02
2.500000e-06	-7.507330e-08	4.852755e-09	-5.232468e-01	3.132349e+02
2.510000e-06	-1.795729e-07	4.574303e-09	-1.251589e+00	2.966436e+02
2.520000e-06	-2.839861e-07	4.280638e-09	-1.979330e+00	2.793960e+02
2.530000e-06	-3.882921e-07	3.974048e-09	-2.706323e+00	2.610885e+02
2.540000e-06	-4.924754e-07	3.650905e-09	-3.432461e+00	2.412442e+02
2.550000e-06	-5.964684e-07	3.306586e-09	-4.157273e+00	2.193501e+02
2.560000e-06	-7.002684e-07	2.937457e-09	-4.880739e+00	1.949029e+02
2.570000e-06	-8.037897e-07	2.540319e-09	-5.602264e+00	1.674591e+02
2.580000e-06	-9.070191e-07	2.112139e-09	-6.321753e+00	1.366839e+02
2.590000e-06	-1.009967e-06	1.643859e-09	-7.039280e+00	1.023955e+02
2.600000e-06	-1.112508e-06	1.120249e-09	-7.753971e+00	6.459742e+01
2.610000e-06	-1.214512e-06	5.324255e-10	-8.464918e+00	2.349836e+01
2.620000e-06	-1.315936e-06	-1.186288e-10	-9.171829e+00	-2.048592e+01
2.630000e-06	-1.416766e-06	-8.345806e-10	-9.874596e+00	-6.674781e+01
2.640000e-06	-1.516986e-06	-1.612483e-09	-1.057311e+01	-1.145200e+02
2.650000e-06	-1.616639e-06	-2.426853e-09	-1.126767e+01	-1.629219e+02
2.660000e-06	-1.715746e-06	-3.233002e-09	-1.195843e+01	-2.110164e+02
2.670000e-06	-1.814297e-06	-3.992708e-09	-1.264531e+01	-2.578720e+02
2.680000e-06	-1.912299e-06	-4.690473e-09	-1.332836e+01	-3.026245e+02
2.690000e-06	-2.009692e-06	-5.319944e-09	-1.400718e+01	-3.445334e+02
2.700000e-06	-2.106318e-06	-5.875077e-09	-1.468064e+01	-3.830263e+02
2.710000e-06	-2.202230e-06	-6.358135e-09	-1.534913e+01	-4.177303e+02
2.720000e-06	-2.297572e-06	-6.782810e-09	-1.601365e+01	-4.484849e+02
2.730000e-06	-2.392286e-06	-7.164492e-09	-1.667378e+01	-4.753379e+02
2.740000e-06	-2.486110e-06	-7.507037e-09	-1.732772e+01	-4.985241e+02
2.750000e-06	-2.578775e-06	-7.810514e-09	-1.797358e+01	-5.184305e+02
2.760000e-06	-2.670337e-06	-8.082013e-09	-1.861175e+01	-5.355509e+02
2.770000e-06	-2.760964e-06	-8.330480e-09	-1.924340e+01	-5.504350e+02
2.780000e-06	-2.850604e-06	-8.563914e-09	-1.986817e+01	-5.636377e+02
2.790000e-06	-2.939205e-06	-8.782786e-09	-2.048571e+01	-5.756728e+02
2.800000e-06	-3.026861e-06	-8.982438e-09	-2.109666e+01	-5.869752e+02
2.810000e-06	-3.113547e-06	-9.167780e-09	-2.170084e+01	-5.978753e+02
2.820000e-06	-3.199077e-06	-9.345407e-09	-2.229697e+01	-6.085862e+02
2.830000e-06	-3.283326e-06	-9.510220e-09	-2.288417e+01	-6.192051e+02
2.840000e-06	-3.366383e-06	-9.658221e-09	-2.346306e+01	-6.297264e+02
2.850000e-06	-3.448350e-06	-9.795798e-09	-2.403435e+01	-6.400641e+02
2.860000e-06	-3.529123e-06	-9.930273e-09	-2.459733e+01	-6.500814e+02
2.870000e-06	-3.608701e-06	-1.005961e-08	-2.515197e+01	-6.596213e+02
2.880000e-06	-3.687079e-06	-1.018000e-08	-2.569825e+01	-6.685370e+02
2.890000e-06	-3.763937e-06	-1.029344e-08	-2.623393e+01	-6.767165e+02
2.900000e-06	-3.839201e-06	-1.040303e-08	-2.675851e+01	-6.841000e+02
2.910000e-06	-3.913008e-06	-1.050715e-08	-2.727293e+01	-6.906885e+02
2.920000e-06	-3.985405e-06	-1.060295e-08	-2.777753e+01	-6.965435e+02
2.930000e-06	-4.056471e-06	-1.069298e-08	-2.827284e+01	-7.017775e+02
2.940000e-06	-4.126090e-06	-1.078079e-08	-2.875807e+01	-7.065386e+02
2.950000e-06	-4.194085e-06	-1.086532e-08	-2.923198e+01	-7.109910e+02
2.960000e-06	-4.260608e-06	-1.094287e-08	-2.969564e+01	-7.152940e+02
2.970000e-06	-4.325748e-06	-1.101575e-08	-3.014965e+01	-7.195829e+02
2.980000e-06	-4.389464e-06	-1.109078e-08	-3.059374e+01	-7.239543e+02
2.990000e-06	-4.451712e-06	-1.116647e-08	-3.102760e+01	-7.284561e+02
3.000000e-06	-4.512184e-06	-1.123664e-08	-3.144908e+01	-7.330858e+02
3.010000e-06	-4.570901e-06	-1.129984e-08	-3.185832e+01	-7.377943e+02
3.020000e-06	-4.628098e-06	-1.135992e-08	-3.225698e+01	-7.424965e+02
3.030000e-06	-4.683758e-06	-1.142243e-08	-3.264491e+01	-7.470854e+02
3.040000e-06	-4.737665e-06	-1.148089e-08	-3.302064e+01	-7.514488e+02
3.050000e-06	-4.789560e-06	-1.153021e-08	-3.338233e+01	-7.554855e+02
3.060000e-06	-4.839526e-06	-1.157675e-08	-3.373059e+01	-7.591196e+02
3.070000e-06	-4.887468e-06	-1.162700e-08	-3.406474e+01	-7.623104e+02
3.080000e-06	-4.933377e-06	-1.167722e-08	-3.438471e+01	-7.650570e+02
3.090000e-06	-4.977693e-06	-1.172008e-08	-3.469358e+01	-7.673972e+02
3.100000e-06	-5.020542e-06	-1.175606e-08	-3.499224e+01	-7.694018e+02
3.110000e-06	-5.061797e-06	-1.179029e-08	-3.527977e+01	-7.711635e+02
3.120000e-06	-5.101376e-06	-1.182789e-08	-3.555563e+01	-7.727840e+02
3.130000e-06	-5.139139e-06	-1.186504e-08	-3.581884e+01	-7.743604e+02
3.140000e-06	-5.174956e-06	-1.189709e-08	-3.606848e+01	-7.759718e+02
3.150000e-06	-5.208905e-06	-1.192473e-08	-3.630509e+01	-7.776700e+02
3.160000e-06	-5.241133e-06	-1.195091e-08	-3.652971e+01	-7.794734e+02
3.170000e-06	-5.271588e-06	-1.197441e-08	-3.674198e+01	-7.813661e+02
3.180000e-06	-5.300083e-06	-1.199292e-08	-3.694059e+01	-7.833016e+02
3.190000e-06	-5.326642e-06	-1.201098e-08	-3.712570e+01	-7.852109e+02
3.200000e-06	-5.351323e-06	-1.203048e-08	-3.729772e+01	-7.870128e+02
3.210000e-06	-5.374166e-06	-1.204971e-08	-3.745693e+01	-7.886267e+02
3.220000e-06	-5.395066e-06	-1.206586e-08	-3.760260e+01	-7.899836e+02
3.230000e-06	-5.414034e-06	-1.208007e-08	-3.773480e+01	-7.910365e+02
3.240000e-06	-5.431250e-06	-1.209471e-08	-3.785479e+01	-7.917669e+02
3.250000e-06	-5.446574e-06	-1.210897e-08	-3.796160e+01	-7.921866e+02
3.260000e-06	-5.459646e-06	-1.212014e-08	-3.805271e+01	-7.923363e+02
3.270000e-06	-5.470502e-06	-1.212540e-08	-3.812837e+01	-7.922794e+02
3.280000e-06	-5.479485e-06	-1.212661e-08	-3.819098e+01	-7.920929e+02
3.290000e-06	-5.486613e-06	-1.212443e-08	-3.824066e+01	-7.918564e+02
3.300000e-06	-5.491712e-06	-1.212022e-08	-3.827620e+01	-7.916416e+02
3.310000e-06	-5.494817e-06	-1.211768e-08	-3.829785e+01	-7.915016e+02
3.320000e-06	-5.496159e-06	-1.211871e-08	-3.830720e+01	-7.914645e+02
