# Temperatura_=_58.5
# Concentracion g/m^3_=_15500.0
# C_Vs_to_Am_M_A/Vsm_=_65563218390.804596
# pendiente_HvsI_1/m_=_3716.3
# ordenada_HvsI_A/m_=_1297.0
# frecuencia_Hz_=_300809.4709931232

Tiempo_(s)	Campo_(V.s)	Magnetizacion_(V.s)	Campo_(kA/m)	Magnetizacion_(A/m)
0.000000e+00	-5.502739e-06	-1.271735e-08	-3.830793e+01	-8.309303e+02
1.000000e-08	-5.501239e-06	-1.271494e-08	-3.829749e+01	-8.310845e+02
2.000000e-08	-5.497751e-06	-1.271076e-08	-3.827321e+01	-8.312487e+02
3.000000e-08	-5.492478e-06	-1.270340e-08	-3.823650e+01	-8.313461e+02
4.000000e-08	-5.485584e-06	-1.269533e-08	-3.818850e+01	-8.312950e+02
5.000000e-08	-5.477038e-06	-1.268517e-08	-3.812901e+01	-8.310210e+02
6.000000e-08	-5.466584e-06	-1.266923e-08	-3.805623e+01	-8.304676e+02
7.000000e-08	-5.454036e-06	-1.265520e-08	-3.796888e+01	-8.296044e+02
8.000000e-08	-5.439470e-06	-1.264605e-08	-3.786748e+01	-8.284316e+02
9.000000e-08	-5.422602e-06	-1.263454e-08	-3.775005e+01	-8.269799e+02
1.000000e-07	-5.403393e-06	-1.263170e-08	-3.761632e+01	-8.253066e+02
1.100000e-07	-5.382201e-06	-1.260932e-08	-3.746879e+01	-8.234872e+02
1.200000e-07	-5.359219e-06	-1.256172e-08	-3.730881e+01	-8.216048e+02
1.300000e-07	-5.334696e-06	-1.254048e-08	-3.713808e+01	-8.197385e+02
1.400000e-07	-5.308634e-06	-1.250640e-08	-3.695665e+01	-8.179520e+02
1.500000e-07	-5.280748e-06	-1.247149e-08	-3.676252e+01	-8.162840e+02
1.600000e-07	-5.251154e-06	-1.247622e-08	-3.655650e+01	-8.147428e+02
1.700000e-07	-5.219978e-06	-1.242807e-08	-3.633946e+01	-8.133042e+02
1.800000e-07	-5.186917e-06	-1.239697e-08	-3.610931e+01	-8.119147e+02
1.900000e-07	-5.151808e-06	-1.239353e-08	-3.586489e+01	-8.104980e+02
2.000000e-07	-5.115085e-06	-1.233698e-08	-3.560924e+01	-8.089652e+02
2.100000e-07	-5.076716e-06	-1.230235e-08	-3.534213e+01	-8.072266e+02
2.200000e-07	-5.036492e-06	-1.226552e-08	-3.506210e+01	-8.052039e+02
2.300000e-07	-4.994426e-06	-1.222891e-08	-3.476926e+01	-8.028407e+02
2.400000e-07	-4.950346e-06	-1.219964e-08	-3.446238e+01	-8.001100e+02
2.500000e-07	-4.904465e-06	-1.213762e-08	-3.414298e+01	-7.970180e+02
2.600000e-07	-4.856769e-06	-1.209376e-08	-3.381094e+01	-7.936032e+02
2.700000e-07	-4.807031e-06	-1.203398e-08	-3.346468e+01	-7.899311e+02
2.800000e-07	-4.755252e-06	-1.197563e-08	-3.310422e+01	-7.860849e+02
2.900000e-07	-4.701540e-06	-1.196614e-08	-3.273030e+01	-7.821542e+02
3.000000e-07	-4.646152e-06	-1.191097e-08	-3.234471e+01	-7.782224e+02
3.100000e-07	-4.589185e-06	-1.184267e-08	-3.194812e+01	-7.743550e+02
3.200000e-07	-4.530384e-06	-1.179632e-08	-3.153877e+01	-7.705903e+02
3.300000e-07	-4.469889e-06	-1.172645e-08	-3.111763e+01	-7.669340e+02
3.400000e-07	-4.407930e-06	-1.165088e-08	-3.068630e+01	-7.633578e+02
3.500000e-07	-4.344485e-06	-1.158758e-08	-3.024461e+01	-7.598033e+02
3.600000e-07	-4.279545e-06	-1.153297e-08	-2.979253e+01	-7.561898e+02
3.700000e-07	-4.212814e-06	-1.146588e-08	-2.932797e+01	-7.524254e+02
3.800000e-07	-4.144403e-06	-1.140671e-08	-2.885172e+01	-7.484197e+02
3.900000e-07	-4.074619e-06	-1.133623e-08	-2.836592e+01	-7.440965e+02
4.000000e-07	-4.003552e-06	-1.124438e-08	-2.787117e+01	-7.394044e+02
4.100000e-07	-3.931224e-06	-1.117140e-08	-2.736765e+01	-7.343244e+02
4.200000e-07	-3.857362e-06	-1.108950e-08	-2.685346e+01	-7.288729e+02
4.300000e-07	-3.781818e-06	-1.100934e-08	-2.632755e+01	-7.230994e+02
4.400000e-07	-3.704732e-06	-1.093313e-08	-2.579091e+01	-7.170800e+02
4.500000e-07	-3.626108e-06	-1.085174e-08	-2.524356e+01	-7.109063e+02
4.600000e-07	-3.545903e-06	-1.077073e-08	-2.468520e+01	-7.046726e+02
4.700000e-07	-3.464341e-06	-1.068099e-08	-2.411740e+01	-6.984619e+02
4.800000e-07	-3.381606e-06	-1.058490e-08	-2.354143e+01	-6.923333e+02
4.900000e-07	-3.297780e-06	-1.048635e-08	-2.295787e+01	-6.863125e+02
5.000000e-07	-3.213031e-06	-1.038919e-08	-2.236787e+01	-6.803866e+02
5.100000e-07	-3.127293e-06	-1.028676e-08	-2.177100e+01	-6.745048e+02
5.200000e-07	-3.040490e-06	-1.018629e-08	-2.116671e+01	-6.685835e+02
5.300000e-07	-2.952772e-06	-1.008647e-08	-2.055605e+01	-6.625167e+02
5.400000e-07	-2.864173e-06	-9.978015e-09	-1.993926e+01	-6.561905e+02
5.500000e-07	-2.774465e-06	-9.867486e-09	-1.931475e+01	-6.494975e+02
5.600000e-07	-2.683563e-06	-9.755626e-09	-1.868193e+01	-6.423524e+02
5.700000e-07	-2.591627e-06	-9.639482e-09	-1.804190e+01	-6.347040e+02
5.800000e-07	-2.498794e-06	-9.516084e-09	-1.739563e+01	-6.265426e+02
5.900000e-07	-2.405161e-06	-9.388213e-09	-1.674380e+01	-6.179026e+02
6.000000e-07	-2.310706e-06	-9.261666e-09	-1.608624e+01	-6.088575e+02
6.100000e-07	-2.215461e-06	-9.134266e-09	-1.542318e+01	-5.995105e+02
6.200000e-07	-2.119504e-06	-9.001692e-09	-1.475516e+01	-5.899792e+02
6.300000e-07	-2.022810e-06	-8.864343e-09	-1.408202e+01	-5.803781e+02
6.400000e-07	-1.925248e-06	-8.726061e-09	-1.340283e+01	-5.708006e+02
6.500000e-07	-1.826758e-06	-8.582825e-09	-1.271718e+01	-5.613026e+02
6.600000e-07	-1.727460e-06	-8.429535e-09	-1.202591e+01	-5.518913e+02
6.700000e-07	-1.627567e-06	-8.269370e-09	-1.133049e+01	-5.425194e+02
6.800000e-07	-1.527201e-06	-8.106281e-09	-1.063178e+01	-5.330873e+02
6.900000e-07	-1.426329e-06	-7.942688e-09	-9.929548e+00	-5.234527e+02
7.000000e-07	-1.324946e-06	-7.775675e-09	-9.223761e+00	-5.134458e+02
7.100000e-07	-1.223111e-06	-7.601414e-09	-8.514821e+00	-5.028911e+02
7.200000e-07	-1.120849e-06	-7.420295e-09	-7.802919e+00	-4.916292e+02
7.300000e-07	-1.018219e-06	-7.236825e-09	-7.088444e+00	-4.795390e+02
7.400000e-07	-9.152332e-07	-7.049579e-09	-6.371498e+00	-4.665552e+02
7.500000e-07	-8.118524e-07	-6.849382e-09	-5.651801e+00	-4.526789e+02
7.600000e-07	-7.082518e-07	-6.637378e-09	-4.930574e+00	-4.379794e+02
7.700000e-07	-6.044835e-07	-6.421030e-09	-4.208180e+00	-4.225858e+02
7.800000e-07	-5.005163e-07	-6.202312e-09	-3.484400e+00	-4.066687e+02
7.900000e-07	-3.964210e-07	-5.975203e-09	-2.759729e+00	-3.904139e+02
8.000000e-07	-2.921866e-07	-5.735459e-09	-2.034090e+00	-3.739904e+02
8.100000e-07	-1.878527e-07	-5.486444e-09	-1.307757e+00	-3.575163e+02
8.200000e-07	-8.348292e-08	-5.230756e-09	-5.811757e-01	-3.410271e+02
8.300000e-07	2.093446e-08	-4.963480e-09	1.457376e-01	-3.244505e+02
8.400000e-07	1.253551e-07	-4.676000e-09	8.726734e-01	-3.075911e+02
8.500000e-07	2.296958e-07	-4.370245e-09	1.599053e+00	-2.901285e+02
8.600000e-07	3.339368e-07	-4.053896e-09	2.324738e+00	-2.716298e+02
8.700000e-07	4.380125e-07	-3.724377e-09	3.049273e+00	-2.515768e+02
8.800000e-07	5.419703e-07	-3.370876e-09	3.772987e+00	-2.294057e+02
8.900000e-07	6.458466e-07	-2.988109e-09	4.496133e+00	-2.045570e+02
9.000000e-07	7.495241e-07	-2.578279e-09	5.217896e+00	-1.765303e+02
9.100000e-07	8.529427e-07	-2.136866e-09	5.937856e+00	-1.449386e+02
9.200000e-07	9.560644e-07	-1.650233e-09	6.655749e+00	-1.095578e+02
9.300000e-07	1.058866e-06	-1.105093e-09	7.371412e+00	-7.036400e+01
9.400000e-07	1.161301e-06	-4.958381e-10	8.084525e+00	-2.755690e+01
9.500000e-07	1.263304e-06	1.816852e-10	8.794635e+00	1.843628e+01
9.600000e-07	1.364877e-06	9.360631e-10	9.501745e+00	6.697551e+01
9.700000e-07	1.466022e-06	1.760840e-09	1.020587e+01	1.172416e+02
9.800000e-07	1.566716e-06	2.620395e-09	1.090687e+01	1.682862e+02
9.900000e-07	1.666884e-06	3.468904e-09	1.160420e+01	2.190927e+02
1.000000e-06	1.766418e-06	4.272695e-09	1.229712e+01	2.686451e+02
1.010000e-06	1.865263e-06	5.008580e-09	1.298524e+01	3.159955e+02
1.020000e-06	1.963336e-06	5.661495e-09	1.366798e+01	3.603266e+02
1.030000e-06	2.060548e-06	6.228270e-09	1.434474e+01	4.010030e+02
1.040000e-06	2.156913e-06	6.718859e-09	1.501559e+01	4.376052e+02
1.050000e-06	2.252531e-06	7.150832e-09	1.568124e+01	4.699469e+02
1.060000e-06	2.347432e-06	7.535462e-09	1.634191e+01	4.980710e+02
1.070000e-06	2.441566e-06	7.874538e-09	1.699723e+01	5.222281e+02
1.080000e-06	2.534920e-06	8.174895e-09	1.764713e+01	5.428386e+02
1.090000e-06	2.627472e-06	8.450363e-09	1.829144e+01	5.604431e+02
1.100000e-06	2.719154e-06	8.708773e-09	1.892969e+01	5.756472e+02
1.110000e-06	2.809774e-06	8.948718e-09	1.956056e+01	5.890649e+02
1.120000e-06	2.899213e-06	9.168350e-09	2.018319e+01	6.012669e+02
1.130000e-06	2.987577e-06	9.369937e-09	2.079835e+01	6.127379e+02
1.140000e-06	3.074947e-06	9.555201e-09	2.140659e+01	6.238479e+02
1.150000e-06	3.161255e-06	9.727672e-09	2.200743e+01	6.348366e+02
1.160000e-06	3.246551e-06	9.889095e-09	2.260123e+01	6.458140e+02
1.170000e-06	3.330875e-06	1.004093e-08	2.318826e+01	6.567742e+02
1.180000e-06	3.414113e-06	1.018789e-08	2.376773e+01	6.676199e+02
1.190000e-06	3.496082e-06	1.033186e-08	2.433837e+01	6.781946e+02
1.200000e-06	3.576676e-06	1.046960e-08	2.489943e+01	6.883171e+02
1.210000e-06	3.655982e-06	1.059899e-08	2.545152e+01	6.978153e+02
1.220000e-06	3.734006e-06	1.071958e-08	2.599470e+01	7.065540e+02
1.230000e-06	3.810677e-06	1.082992e-08	2.652845e+01	7.144557e+02
1.240000e-06	3.885903e-06	1.093261e-08	2.705214e+01	7.215102e+02
1.250000e-06	3.959531e-06	1.103009e-08	2.756472e+01	7.277758e+02
1.260000e-06	4.031582e-06	1.112342e-08	2.806631e+01	7.333691e+02
1.270000e-06	4.102216e-06	1.121461e-08	2.855804e+01	7.384487e+02
1.280000e-06	4.171505e-06	1.130372e-08	2.904040e+01	7.431938e+02
1.290000e-06	4.239403e-06	1.139002e-08	2.951308e+01	7.477806e+02
1.300000e-06	4.305689e-06	1.147377e-08	2.997453e+01	7.523611e+02
1.310000e-06	4.370326e-06	1.155254e-08	3.042451e+01	7.570461e+02
1.320000e-06	4.433471e-06	1.162409e-08	3.086410e+01	7.618934e+02
1.330000e-06	4.495181e-06	1.169150e-08	3.129370e+01	7.669052e+02
1.340000e-06	4.555471e-06	1.175823e-08	3.171342e+01	7.720319e+02
1.350000e-06	4.614189e-06	1.182375e-08	3.212219e+01	7.771824e+02
1.360000e-06	4.671114e-06	1.188612e-08	3.251848e+01	7.822402e+02
1.370000e-06	4.726275e-06	1.194639e-08	3.290249e+01	7.870810e+02
1.380000e-06	4.779742e-06	1.200602e-08	3.327471e+01	7.915911e+02
1.390000e-06	4.831308e-06	1.206407e-08	3.363369e+01	7.956832e+02
1.400000e-06	4.880804e-06	1.211747e-08	3.397827e+01	7.993075e+02
1.410000e-06	4.928463e-06	1.216674e-08	3.431004e+01	8.024579e+02
1.420000e-06	4.974480e-06	1.221401e-08	3.463040e+01	8.051710e+02
1.430000e-06	5.018872e-06	1.225713e-08	3.493944e+01	8.075199e+02
1.440000e-06	5.061474e-06	1.229684e-08	3.523601e+01	8.096028e+02
1.450000e-06	5.102148e-06	1.233629e-08	3.551918e+01	8.115290e+02
1.460000e-06	5.141028e-06	1.237588e-08	3.578984e+01	8.134034e+02
1.470000e-06	5.178217e-06	1.241300e-08	3.604874e+01	8.153125e+02
1.480000e-06	5.213675e-06	1.244662e-08	3.629558e+01	8.173131e+02
1.490000e-06	5.247197e-06	1.247829e-08	3.652895e+01	8.194257e+02
1.500000e-06	5.278780e-06	1.250811e-08	3.674882e+01	8.216332e+02
1.510000e-06	5.308615e-06	1.253342e-08	3.695652e+01	8.238846e+02
1.520000e-06	5.336733e-06	1.255294e-08	3.715226e+01	8.261034e+02
1.530000e-06	5.362828e-06	1.257342e-08	3.733393e+01	8.281997e+02
1.540000e-06	5.386855e-06	1.259692e-08	3.750120e+01	8.300831e+02
1.550000e-06	5.409082e-06	1.261689e-08	3.765593e+01	8.316762e+02
1.560000e-06	5.429565e-06	1.262975e-08	3.779852e+01	8.329253e+02
1.570000e-06	5.448219e-06	1.264027e-08	3.792838e+01	8.338081e+02
1.580000e-06	5.464842e-06	1.265507e-08	3.804411e+01	8.343361e+02
1.590000e-06	5.479454e-06	1.266863e-08	3.814583e+01	8.345533e+02
1.600000e-06	5.492058e-06	1.267599e-08	3.823358e+01	8.345293e+02
1.610000e-06	5.502389e-06	1.268116e-08	3.830549e+01	8.343495e+02
1.620000e-06	5.510599e-06	1.268898e-08	3.836265e+01	8.341030e+02
1.630000e-06	5.516980e-06	1.269712e-08	3.840707e+01	8.338707e+02
1.640000e-06	5.521534e-06	1.269842e-08	3.843878e+01	8.337138e+02
1.650000e-06	5.524063e-06	1.269396e-08	3.845638e+01	8.336657e+02
1.660000e-06	5.524583e-06	1.269196e-08	3.846000e+01	8.337284e+02
1.670000e-06	5.523323e-06	1.269368e-08	3.845123e+01	8.338721e+02
1.680000e-06	5.520332e-06	1.268924e-08	3.843041e+01	8.340407e+02
1.690000e-06	5.515546e-06	1.267886e-08	3.839709e+01	8.341597e+02
1.700000e-06	5.508837e-06	1.266814e-08	3.835039e+01	8.341475e+02
1.710000e-06	5.500393e-06	1.265991e-08	3.829160e+01	8.339272e+02
1.720000e-06	5.490320e-06	1.265018e-08	3.822148e+01	8.334376e+02
1.730000e-06	5.478354e-06	1.263091e-08	3.813818e+01	8.326422e+02
1.740000e-06	5.464292e-06	1.261844e-08	3.804028e+01	8.315346e+02
1.750000e-06	5.448155e-06	1.258838e-08	3.792794e+01	8.301390e+02
1.760000e-06	5.429616e-06	1.255140e-08	3.779888e+01	8.285077e+02
1.770000e-06	5.408325e-06	1.254773e-08	3.765066e+01	8.267131e+02
1.780000e-06	5.384863e-06	1.252764e-08	3.748733e+01	8.248376e+02
1.790000e-06	5.360176e-06	1.253090e-08	3.731546e+01	8.229623e+02
1.800000e-06	5.334650e-06	1.252722e-08	3.713776e+01	8.211548e+02
1.810000e-06	5.307492e-06	1.244141e-08	3.694870e+01	8.194600e+02
1.820000e-06	5.277952e-06	1.246235e-08	3.674305e+01	8.178930e+02
1.830000e-06	5.246681e-06	1.248020e-08	3.652536e+01	8.164364e+02
1.840000e-06	5.213772e-06	1.240813e-08	3.629625e+01	8.150426e+02
1.850000e-06	5.178991e-06	1.243014e-08	3.605413e+01	8.136393e+02
1.860000e-06	5.142587e-06	1.240034e-08	3.580070e+01	8.121395e+02
1.870000e-06	5.104143e-06	1.234417e-08	3.553306e+01	8.104525e+02
1.880000e-06	5.063782e-06	1.235130e-08	3.525208e+01	8.084967e+02
1.890000e-06	5.021870e-06	1.226451e-08	3.496031e+01	8.062102e+02
1.900000e-06	4.978114e-06	1.223264e-08	3.465570e+01	8.035593e+02
1.910000e-06	4.932574e-06	1.220712e-08	3.433867e+01	8.005429e+02
1.920000e-06	4.885214e-06	1.212988e-08	3.400896e+01	7.971930e+02
1.930000e-06	4.835940e-06	1.214485e-08	3.366594e+01	7.935699e+02
1.940000e-06	4.784911e-06	1.205129e-08	3.331070e+01	7.897539e+02
1.950000e-06	4.731828e-06	1.198899e-08	3.294115e+01	7.858342e+02
1.960000e-06	4.676837e-06	1.197463e-08	3.255832e+01	7.818968e+02
1.970000e-06	4.620225e-06	1.187676e-08	3.216421e+01	7.780117e+02
1.980000e-06	4.561952e-06	1.184893e-08	3.175854e+01	7.742238e+02
1.990000e-06	4.502181e-06	1.179351e-08	3.134243e+01	7.705459e+02
2.000000e-06	4.440669e-06	1.173438e-08	3.091421e+01	7.669569e+02
2.010000e-06	4.377471e-06	1.167423e-08	3.047425e+01	7.634043e+02
2.020000e-06	4.312797e-06	1.159229e-08	3.002402e+01	7.598114e+02
2.030000e-06	4.246628e-06	1.154092e-08	2.956337e+01	7.560876e+02
2.040000e-06	4.179038e-06	1.144957e-08	2.909284e+01	7.521411e+02
2.050000e-06	4.109701e-06	1.139970e-08	2.861014e+01	7.478916e+02
2.060000e-06	4.038708e-06	1.133073e-08	2.811591e+01	7.432817e+02
2.070000e-06	3.966406e-06	1.125553e-08	2.761258e+01	7.382851e+02
2.080000e-06	3.892745e-06	1.119125e-08	2.709978e+01	7.329105e+02
2.090000e-06	3.817571e-06	1.109100e-08	2.657644e+01	7.272008e+02
2.100000e-06	3.740729e-06	1.102060e-08	2.604150e+01	7.212271e+02
2.110000e-06	3.662338e-06	1.092239e-08	2.549578e+01	7.150788e+02
2.120000e-06	3.582637e-06	1.084457e-08	2.494093e+01	7.088508e+02
2.130000e-06	3.501724e-06	1.076503e-08	2.437765e+01	7.026296e+02
2.140000e-06	3.419643e-06	1.067204e-08	2.380623e+01	6.964804e+02
2.150000e-06	3.336472e-06	1.058612e-08	2.322722e+01	6.904366e+02
2.160000e-06	3.252122e-06	1.048865e-08	2.264001e+01	6.844938e+02
2.170000e-06	3.166390e-06	1.039839e-08	2.204318e+01	6.786090e+02
2.180000e-06	3.079470e-06	1.028483e-08	2.143807e+01	6.727049e+02
2.190000e-06	2.991576e-06	1.018625e-08	2.082619e+01	6.666792e+02
2.200000e-06	2.902725e-06	1.007537e-08	2.020764e+01	6.604185e+02
2.210000e-06	2.812907e-06	9.964411e-09	1.958236e+01	6.538126e+02
2.220000e-06	2.722154e-06	9.858385e-09	1.895058e+01	6.467704e+02
2.230000e-06	2.630518e-06	9.743537e-09	1.831264e+01	6.392326e+02
2.240000e-06	2.537860e-06	9.635275e-09	1.766760e+01	6.311801e+02
2.250000e-06	2.444140e-06	9.509102e-09	1.701516e+01	6.226381e+02
2.260000e-06	2.349469e-06	9.390827e-09	1.635609e+01	6.136723e+02
2.270000e-06	2.253968e-06	9.264567e-09	1.569125e+01	6.043807e+02
2.280000e-06	2.157755e-06	9.135682e-09	1.502145e+01	5.948793e+02
2.290000e-06	2.060871e-06	8.999616e-09	1.434698e+01	5.852847e+02
2.300000e-06	1.963261e-06	8.854083e-09	1.366746e+01	5.756963e+02
2.310000e-06	1.865019e-06	8.714258e-09	1.298354e+01	5.661793e+02
2.320000e-06	1.766328e-06	8.566711e-09	1.229649e+01	5.567519e+02
2.330000e-06	1.667171e-06	8.416563e-09	1.160620e+01	5.473786e+02
2.340000e-06	1.567463e-06	8.259246e-09	1.091207e+01	5.379706e+02
2.350000e-06	1.467086e-06	8.100794e-09	1.021329e+01	5.283934e+02
2.360000e-06	1.366034e-06	7.939002e-09	9.509798e+00	5.184816e+02
2.370000e-06	1.264395e-06	7.765723e-09	8.802225e+00	5.080591e+02
2.380000e-06	1.162213e-06	7.583432e-09	8.090879e+00	4.969609e+02
2.390000e-06	1.059563e-06	7.395664e-09	7.376269e+00	4.850562e+02
2.400000e-06	9.564852e-07	7.205942e-09	6.658679e+00	4.722665e+02
2.410000e-06	8.529913e-07	7.012882e-09	5.938194e+00	4.585782e+02
2.420000e-06	7.491780e-07	6.810859e-09	5.215486e+00	4.440465e+02
2.430000e-06	6.451814e-07	6.599779e-09	4.491502e+00	4.287888e+02
2.440000e-06	5.410073e-07	6.381300e-09	3.766283e+00	4.129687e+02
2.450000e-06	4.366736e-07	6.152851e-09	3.039952e+00	3.967713e+02
2.460000e-06	3.322478e-07	5.912005e-09	2.312980e+00	3.803722e+02
2.470000e-06	2.276885e-07	5.658602e-09	1.585079e+00	3.639031e+02
2.480000e-06	1.230489e-07	5.400103e-09	8.566186e-01	3.474196e+02
2.490000e-06	1.841784e-08	5.134133e-09	1.282179e-01	3.308743e+02
2.500000e-06	-8.623843e-08	4.855992e-09	-6.003585e-01	3.140986e+02
2.510000e-06	-1.908667e-07	4.563429e-09	-1.328740e+00	2.967986e+02
2.520000e-06	-2.954223e-07	4.252220e-09	-2.056615e+00	2.785636e+02
2.530000e-06	-3.998871e-07	3.923117e-09	-2.783858e+00	2.588907e+02
2.540000e-06	-5.042044e-07	3.571799e-09	-3.510075e+00	2.372219e+02
2.550000e-06	-6.083321e-07	3.198531e-09	-4.234972e+00	2.129924e+02
2.560000e-06	-7.121848e-07	2.802028e-09	-4.957954e+00	1.856843e+02
2.570000e-06	-8.157356e-07	2.372095e-09	-5.678835e+00	1.548820e+02
2.580000e-06	-9.190110e-07	1.901035e-09	-6.397798e+00	1.203228e+02
2.590000e-06	-1.021953e-06	1.378575e-09	-7.114443e+00	8.193750e+01
2.600000e-06	-1.124474e-06	7.929241e-10	-7.828148e+00	3.987679e+01
2.610000e-06	-1.226557e-06	1.350022e-10	-8.538817e+00	-5.480286e+00
2.620000e-06	-1.328117e-06	-5.997202e-10	-9.245837e+00	-5.353705e+01
2.630000e-06	-1.429066e-06	-1.405334e-09	-9.948602e+00	-1.035091e+02
2.640000e-06	-1.529430e-06	-2.260054e-09	-1.064730e+01	-1.544706e+02
2.650000e-06	-1.629202e-06	-3.124394e-09	-1.134187e+01	-2.054144e+02
2.660000e-06	-1.728355e-06	-3.953971e-09	-1.203214e+01	-2.553182e+02
2.670000e-06	-1.826927e-06	-4.716997e-09	-1.271835e+01	-3.032142e+02
2.680000e-06	-1.924935e-06	-5.399934e-09	-1.340065e+01	-3.482523e+02
2.690000e-06	-2.022316e-06	-6.001330e-09	-1.407858e+01	-3.897545e+02
2.700000e-06	-2.119049e-06	-6.524802e-09	-1.475199e+01	-4.272530e+02
2.710000e-06	-2.215163e-06	-6.979148e-09	-1.542111e+01	-4.605113e+02
2.720000e-06	-2.310601e-06	-7.380023e-09	-1.608551e+01	-4.895243e+02
2.730000e-06	-2.405266e-06	-7.740439e-09	-1.674453e+01	-5.145008e+02
2.740000e-06	-2.499024e-06	-8.063789e-09	-1.739723e+01	-5.358286e+02
2.750000e-06	-2.591761e-06	-8.352853e-09	-1.804284e+01	-5.540272e+02
2.760000e-06	-2.683414e-06	-8.614377e-09	-1.868089e+01	-5.696931e+02
2.770000e-06	-2.774062e-06	-8.855352e-09	-1.931195e+01	-5.834429e+02
2.780000e-06	-2.863740e-06	-9.081615e-09	-1.993625e+01	-5.958607e+02
2.790000e-06	-2.952421e-06	-9.293546e-09	-2.055361e+01	-6.074526e+02
2.800000e-06	-3.040130e-06	-9.488740e-09	-2.116420e+01	-6.186149e+02
2.810000e-06	-3.126776e-06	-9.671203e-09	-2.176740e+01	-6.296156e+02
2.820000e-06	-3.212251e-06	-9.843470e-09	-2.236244e+01	-6.405919e+02
2.830000e-06	-3.296450e-06	-1.000271e-08	-2.294860e+01	-6.515609e+02
2.840000e-06	-3.379469e-06	-1.014973e-08	-2.352655e+01	-6.624424e+02
2.850000e-06	-3.461412e-06	-1.029013e-08	-2.409701e+01	-6.730897e+02
2.860000e-06	-3.542238e-06	-1.042581e-08	-2.465969e+01	-6.833240e+02
2.870000e-06	-3.621834e-06	-1.055480e-08	-2.521381e+01	-6.929686e+02
2.880000e-06	-3.700069e-06	-1.067748e-08	-2.575844e+01	-7.018784e+02
2.890000e-06	-3.776817e-06	-1.079435e-08	-2.629274e+01	-7.099622e+02
2.900000e-06	-3.852017e-06	-1.090567e-08	-2.681624e+01	-7.171953e+02
2.910000e-06	-3.925719e-06	-1.101141e-08	-2.732933e+01	-7.236215e+02
2.920000e-06	-3.998033e-06	-1.110975e-08	-2.783275e+01	-7.293462e+02
2.930000e-06	-4.069003e-06	-1.120113e-08	-2.832682e+01	-7.345208e+02
2.940000e-06	-4.138465e-06	-1.128912e-08	-2.881039e+01	-7.393219e+02
2.950000e-06	-4.206357e-06	-1.137533e-08	-2.928302e+01	-7.439282e+02
2.960000e-06	-4.272803e-06	-1.145825e-08	-2.974560e+01	-7.484988e+02
2.970000e-06	-4.337837e-06	-1.153788e-08	-3.019833e+01	-7.531542e+02
2.980000e-06	-4.401455e-06	-1.161687e-08	-3.064122e+01	-7.579642e+02
2.990000e-06	-4.463531e-06	-1.169515e-08	-3.107337e+01	-7.629429e+02
3.000000e-06	-4.523856e-06	-1.176900e-08	-3.149333e+01	-7.680511e+02
3.010000e-06	-4.582550e-06	-1.183605e-08	-3.190194e+01	-7.732053e+02
3.020000e-06	-4.639709e-06	-1.189812e-08	-3.229985e+01	-7.782931e+02
3.030000e-06	-4.695247e-06	-1.195796e-08	-3.268649e+01	-7.831902e+02
3.040000e-06	-4.749020e-06	-1.201861e-08	-3.306084e+01	-7.877792e+02
3.050000e-06	-4.800784e-06	-1.207873e-08	-3.342120e+01	-7.919660e+02
3.060000e-06	-4.850523e-06	-1.213498e-08	-3.376746e+01	-7.956922e+02
3.070000e-06	-4.898286e-06	-1.218715e-08	-3.409997e+01	-7.989421e+02
3.080000e-06	-4.944141e-06	-1.223664e-08	-3.441919e+01	-8.017435e+02
3.090000e-06	-4.988333e-06	-1.228216e-08	-3.472683e+01	-8.041624e+02
3.100000e-06	-5.030992e-06	-1.232330e-08	-3.502381e+01	-8.062928e+02
3.110000e-06	-5.072131e-06	-1.236207e-08	-3.531020e+01	-8.082430e+02
3.120000e-06	-5.111595e-06	-1.240072e-08	-3.558494e+01	-8.101200e+02
3.130000e-06	-5.149118e-06	-1.244041e-08	-3.584616e+01	-8.120154e+02
3.140000e-06	-5.184691e-06	-1.247822e-08	-3.609381e+01	-8.139929e+02
3.150000e-06	-5.218493e-06	-1.251017e-08	-3.632912e+01	-8.160813e+02
3.160000e-06	-5.250583e-06	-1.253576e-08	-3.655252e+01	-8.182713e+02
3.170000e-06	-5.280807e-06	-1.255923e-08	-3.676293e+01	-8.205186e+02
3.180000e-06	-5.309021e-06	-1.258345e-08	-3.695934e+01	-8.227514e+02
3.190000e-06	-5.335396e-06	-1.260857e-08	-3.714295e+01	-8.248813e+02
3.200000e-06	-5.360003e-06	-1.263132e-08	-3.731426e+01	-8.268171e+02
3.210000e-06	-5.382719e-06	-1.265049e-08	-3.747240e+01	-8.284775e+02
3.220000e-06	-5.403447e-06	-1.266665e-08	-3.761670e+01	-8.298029e+02
3.230000e-06	-5.422270e-06	-1.268062e-08	-3.774774e+01	-8.307640e+02
3.240000e-06	-5.439318e-06	-1.269123e-08	-3.786642e+01	-8.313650e+02
3.250000e-06	-5.454457e-06	-1.270005e-08	-3.797181e+01	-8.316433e+02
3.260000e-06	-5.467356e-06	-1.271053e-08	-3.806161e+01	-8.316637e+02
3.270000e-06	-5.478006e-06	-1.272108e-08	-3.813575e+01	-8.315093e+02
3.280000e-06	-5.486772e-06	-1.272737e-08	-3.819678e+01	-8.312695e+02
3.290000e-06	-5.493724e-06	-1.272716e-08	-3.824517e+01	-8.310278e+02
3.300000e-06	-5.498634e-06	-1.272165e-08	-3.827936e+01	-8.308504e+02
3.310000e-06	-5.501611e-06	-1.271757e-08	-3.830008e+01	-8.307774e+02
3.320000e-06	-5.502840e-06	-1.271771e-08	-3.830864e+01	-8.308174e+02
