# Temperatura_=_56.59
# Concentracion g/m^3_=_15500.0
# C_Vs_to_Am_M_A/Vsm_=_65563218390.804596
# pendiente_HvsI_1/m_=_3716.3
# ordenada_HvsI_A/m_=_1297.0
# frecuencia_Hz_=_300808.3032090898

Tiempo_(s)	Campo_(V.s)	Magnetizacion_(V.s)	Campo_(kA/m)	Magnetizacion_(A/m)
0.000000e+00	-5.476632e-06	-1.260826e-08	-3.830858e+01	-8.242767e+02
1.000000e-08	-5.474919e-06	-1.261091e-08	-3.829660e+01	-8.244775e+02
2.000000e-08	-5.471205e-06	-1.260954e-08	-3.827062e+01	-8.246960e+02
3.000000e-08	-5.465749e-06	-1.260528e-08	-3.823245e+01	-8.248566e+02
4.000000e-08	-5.458735e-06	-1.259852e-08	-3.818339e+01	-8.248780e+02
5.000000e-08	-5.450096e-06	-1.258529e-08	-3.812296e+01	-8.246853e+02
6.000000e-08	-5.439466e-06	-1.256568e-08	-3.804861e+01	-8.242207e+02
7.000000e-08	-5.426745e-06	-1.254219e-08	-3.795962e+01	-8.234516e+02
8.000000e-08	-5.412042e-06	-1.253611e-08	-3.785677e+01	-8.223750e+02
9.000000e-08	-5.394991e-06	-1.256504e-08	-3.773750e+01	-8.210183e+02
1.000000e-07	-5.375652e-06	-1.255613e-08	-3.760223e+01	-8.194351e+02
1.100000e-07	-5.354359e-06	-1.251433e-08	-3.745329e+01	-8.176976e+02
1.200000e-07	-5.331253e-06	-1.248008e-08	-3.729166e+01	-8.158861e+02
1.300000e-07	-5.306636e-06	-1.239945e-08	-3.711947e+01	-8.140780e+02
1.400000e-07	-5.280575e-06	-1.241154e-08	-3.693717e+01	-8.123362e+02
1.500000e-07	-5.252729e-06	-1.244949e-08	-3.674240e+01	-8.106999e+02
1.600000e-07	-5.223120e-06	-1.233151e-08	-3.653528e+01	-8.091790e+02
1.700000e-07	-5.191972e-06	-1.235216e-08	-3.631740e+01	-8.077519e+02
1.800000e-07	-5.158952e-06	-1.237345e-08	-3.608643e+01	-8.063682e+02
1.900000e-07	-5.123842e-06	-1.225023e-08	-3.584084e+01	-8.049549e+02
2.000000e-07	-5.087088e-06	-1.225556e-08	-3.558375e+01	-8.034266e+02
2.100000e-07	-5.048730e-06	-1.221231e-08	-3.531544e+01	-8.016964e+02
2.200000e-07	-5.008619e-06	-1.213801e-08	-3.503487e+01	-7.996880e+02
2.300000e-07	-4.966623e-06	-1.217499e-08	-3.474111e+01	-7.973460e+02
2.400000e-07	-4.922572e-06	-1.213161e-08	-3.443297e+01	-7.946435e+02
2.500000e-07	-4.876713e-06	-1.207030e-08	-3.411220e+01	-7.915859e+02
2.600000e-07	-4.829067e-06	-1.202123e-08	-3.377891e+01	-7.882098e+02
2.700000e-07	-4.779497e-06	-1.192379e-08	-3.343218e+01	-7.845786e+02
2.800000e-07	-4.727866e-06	-1.189334e-08	-3.307102e+01	-7.807730e+02
2.900000e-07	-4.674228e-06	-1.187545e-08	-3.269583e+01	-7.768805e+02
3.000000e-07	-4.618961e-06	-1.182433e-08	-3.230924e+01	-7.729825e+02
3.100000e-07	-4.562112e-06	-1.177399e-08	-3.191159e+01	-7.691435e+02
3.200000e-07	-4.503433e-06	-1.173253e-08	-3.150113e+01	-7.654013e+02
3.300000e-07	-4.443035e-06	-1.165555e-08	-3.107865e+01	-7.617619e+02
3.400000e-07	-4.381186e-06	-1.155338e-08	-3.064602e+01	-7.581980e+02
3.500000e-07	-4.317854e-06	-1.150066e-08	-3.020302e+01	-7.546528e+02
3.600000e-07	-4.253013e-06	-1.143545e-08	-2.974947e+01	-7.510471e+02
3.700000e-07	-4.186605e-06	-1.137820e-08	-2.928494e+01	-7.472906e+02
3.800000e-07	-4.118503e-06	-1.134083e-08	-2.880858e+01	-7.432941e+02
3.900000e-07	-4.048841e-06	-1.125705e-08	-2.832130e+01	-7.389819e+02
4.000000e-07	-3.977889e-06	-1.117705e-08	-2.782500e+01	-7.343027e+02
4.100000e-07	-3.905746e-06	-1.110150e-08	-2.732036e+01	-7.292367e+02
4.200000e-07	-3.832289e-06	-1.101736e-08	-2.680653e+01	-7.237991e+02
4.300000e-07	-3.757103e-06	-1.093083e-08	-2.628062e+01	-7.180378e+02
4.400000e-07	-3.680206e-06	-1.084507e-08	-2.574273e+01	-7.120272e+02
4.500000e-07	-3.601910e-06	-1.076901e-08	-2.519506e+01	-7.058577e+02
4.600000e-07	-3.522166e-06	-1.069140e-08	-2.463725e+01	-6.996227e+02
4.700000e-07	-3.440962e-06	-1.060857e-08	-2.406923e+01	-6.934052e+02
4.800000e-07	-3.358482e-06	-1.050973e-08	-2.349230e+01	-6.872651e+02
4.900000e-07	-3.274895e-06	-1.041052e-08	-2.290761e+01	-6.812301e+02
5.000000e-07	-3.190283e-06	-1.031515e-08	-2.231576e+01	-6.752899e+02
5.100000e-07	-3.104779e-06	-1.021275e-08	-2.171766e+01	-6.693967e+02
5.200000e-07	-3.018379e-06	-1.010922e-08	-2.111331e+01	-6.634703e+02
5.300000e-07	-2.930970e-06	-1.000204e-08	-2.050188e+01	-6.574082e+02
5.400000e-07	-2.842607e-06	-9.895449e-09	-1.988379e+01	-6.510990e+02
5.500000e-07	-2.753292e-06	-9.792312e-09	-1.925904e+01	-6.444374e+02
5.600000e-07	-2.662830e-06	-9.680408e-09	-1.862627e+01	-6.373388e+02
5.700000e-07	-2.571208e-06	-9.559496e-09	-1.798538e+01	-6.297516e+02
5.800000e-07	-2.478650e-06	-9.436832e-09	-1.733795e+01	-6.216648e+02
5.900000e-07	-2.385342e-06	-9.319808e-09	-1.668527e+01	-6.131103e+02
6.000000e-07	-2.291268e-06	-9.197711e-09	-1.602722e+01	-6.041587e+02
6.100000e-07	-2.196384e-06	-9.064468e-09	-1.536352e+01	-5.949101e+02
6.200000e-07	-2.100726e-06	-8.925693e-09	-1.469440e+01	-5.854791e+02
6.300000e-07	-2.004322e-06	-8.785762e-09	-1.402006e+01	-5.759781e+02
6.400000e-07	-1.907176e-06	-8.649128e-09	-1.334053e+01	-5.664992e+02
6.500000e-07	-1.809305e-06	-8.505302e-09	-1.265593e+01	-5.570984e+02
6.600000e-07	-1.710680e-06	-8.356288e-09	-1.196606e+01	-5.477839e+02
6.700000e-07	-1.611279e-06	-8.206214e-09	-1.127076e+01	-5.385107e+02
6.800000e-07	-1.511209e-06	-8.054005e-09	-1.057078e+01	-5.291822e+02
6.900000e-07	-1.410632e-06	-7.890855e-09	-9.867248e+00	-5.196590e+02
7.000000e-07	-1.309670e-06	-7.714745e-09	-9.161031e+00	-5.097746e+02
7.100000e-07	-1.208368e-06	-7.535234e-09	-8.452431e+00	-4.993553e+02
7.200000e-07	-1.106651e-06	-7.355681e-09	-7.740930e+00	-4.882427e+02
7.300000e-07	-1.004461e-06	-7.177397e-09	-7.026118e+00	-4.763150e+02
7.400000e-07	-9.019094e-07	-6.995815e-09	-6.308780e+00	-4.635047e+02
7.500000e-07	-7.990973e-07	-6.804794e-09	-5.589618e+00	-4.498091e+02
7.600000e-07	-6.960120e-07	-6.600373e-09	-4.868545e+00	-4.352923e+02
7.700000e-07	-5.926906e-07	-6.384208e-09	-4.145820e+00	-4.200778e+02
7.800000e-07	-4.892026e-07	-6.159154e-09	-3.421931e+00	-4.043306e+02
7.900000e-07	-3.855394e-07	-5.927589e-09	-2.696815e+00	-3.882317e+02
8.000000e-07	-2.817088e-07	-5.690893e-09	-1.970529e+00	-3.719469e+02
8.100000e-07	-1.777827e-07	-5.447982e-09	-1.243575e+00	-3.555933e+02
8.200000e-07	-7.378757e-08	-5.196114e-09	-5.161378e-01	-3.392084e+02
8.300000e-07	3.022892e-08	-4.930064e-09	2.114487e-01	-3.227244e+02
8.400000e-07	1.342270e-07	-4.647763e-09	9.389067e-01	-3.059534e+02
8.500000e-07	2.381986e-07	-4.348991e-09	1.666179e+00	-2.885849e+02
8.600000e-07	3.420833e-07	-4.034520e-09	2.392844e+00	-2.701970e+02
8.700000e-07	4.458312e-07	-3.701941e-09	3.118552e+00	-2.502833e+02
8.800000e-07	5.494158e-07	-3.349508e-09	3.843117e+00	-2.282912e+02
8.900000e-07	6.528053e-07	-2.972882e-09	4.566318e+00	-2.036705e+02
9.000000e-07	7.559750e-07	-2.567432e-09	5.287981e+00	-1.759271e+02
9.100000e-07	8.588679e-07	-2.128171e-09	6.007708e+00	-1.446770e+02
9.200000e-07	9.614427e-07	-1.644787e-09	6.725210e+00	-1.096942e+02
9.300000e-07	1.063697e-06	-1.107677e-09	7.440469e+00	-7.094873e+01
9.400000e-07	1.165575e-06	-5.089418e-10	8.153096e+00	-2.862979e+01
9.500000e-07	1.267026e-06	1.607700e-10	8.862742e+00	1.684949e+01
9.600000e-07	1.368102e-06	9.092989e-10	9.569755e+00	6.486588e+01
9.700000e-07	1.468856e-06	1.724884e-09	1.027453e+01	1.146185e+02
9.800000e-07	1.569155e-06	2.574314e-09	1.097611e+01	1.651770e+02
9.900000e-07	1.668816e-06	3.415924e-09	1.167323e+01	2.155419e+02
1.000000e-06	1.767744e-06	4.214488e-09	1.236522e+01	2.647113e+02
1.010000e-06	1.865875e-06	4.944235e-09	1.305164e+01	3.117477e+02
1.020000e-06	1.963277e-06	5.589898e-09	1.373296e+01	3.558400e+02
1.030000e-06	2.059994e-06	6.152766e-09	1.440948e+01	3.963536e+02
1.040000e-06	2.155928e-06	6.644034e-09	1.508053e+01	4.328659e+02
1.050000e-06	2.251128e-06	7.079038e-09	1.574645e+01	4.651826e+02
1.060000e-06	2.345634e-06	7.468449e-09	1.640751e+01	4.933358e+02
1.070000e-06	2.439349e-06	7.814313e-09	1.706304e+01	5.175627e+02
1.080000e-06	2.532300e-06	8.121888e-09	1.771322e+01	5.382694e+02
1.090000e-06	2.624482e-06	8.399107e-09	1.835803e+01	5.559824e+02
1.100000e-06	2.715575e-06	8.653738e-09	1.899521e+01	5.712946e+02
1.110000e-06	2.805450e-06	8.889257e-09	1.962388e+01	5.848094e+02
1.120000e-06	2.894317e-06	9.106821e-09	2.024550e+01	5.970897e+02
1.130000e-06	2.982230e-06	9.307595e-09	2.086044e+01	6.086161e+02
1.140000e-06	3.069145e-06	9.494233e-09	2.146841e+01	6.197568e+02
1.150000e-06	3.155002e-06	9.672015e-09	2.206897e+01	6.307529e+02
1.160000e-06	3.239868e-06	9.839308e-09	2.266261e+01	6.417179e+02
1.170000e-06	3.323697e-06	9.992533e-09	2.324898e+01	6.526505e+02
1.180000e-06	3.406263e-06	1.013730e-08	2.382652e+01	6.634590e+02
1.190000e-06	3.487586e-06	1.027904e-08	2.439537e+01	6.739918e+02
1.200000e-06	3.567671e-06	1.041525e-08	2.495555e+01	6.840722e+02
1.210000e-06	3.646464e-06	1.054233e-08	2.550670e+01	6.935305e+02
1.220000e-06	3.724006e-06	1.066043e-08	2.604911e+01	7.022332e+02
1.230000e-06	3.800212e-06	1.077281e-08	2.658216e+01	7.101019e+02
1.240000e-06	3.874787e-06	1.088054e-08	2.710381e+01	7.171253e+02
1.250000e-06	3.947805e-06	1.098058e-08	2.761456e+01	7.233583e+02
1.260000e-06	4.019423e-06	1.107227e-08	2.811552e+01	7.289146e+02
1.270000e-06	4.089621e-06	1.116110e-08	2.860655e+01	7.339495e+02
1.280000e-06	4.158544e-06	1.124922e-08	2.908866e+01	7.386391e+02
1.290000e-06	4.225989e-06	1.133288e-08	2.956044e+01	7.431581e+02
1.300000e-06	4.291739e-06	1.141113e-08	3.002035e+01	7.476578e+02
1.310000e-06	4.355903e-06	1.148451e-08	3.046917e+01	7.522492e+02
1.320000e-06	4.418595e-06	1.155588e-08	3.090770e+01	7.569922e+02
1.330000e-06	4.479917e-06	1.162710e-08	3.133664e+01	7.618916e+02
1.340000e-06	4.539840e-06	1.169603e-08	3.175580e+01	7.669007e+02
1.350000e-06	4.598054e-06	1.176058e-08	3.216300e+01	7.719319e+02
1.360000e-06	4.654507e-06	1.182279e-08	3.255788e+01	7.768719e+02
1.370000e-06	4.709357e-06	1.188517e-08	3.294156e+01	7.815987e+02
1.380000e-06	4.762459e-06	1.194338e-08	3.331300e+01	7.860003e+02
1.390000e-06	4.813535e-06	1.199307e-08	3.367027e+01	7.899902e+02
1.400000e-06	4.862591e-06	1.203825e-08	3.401341e+01	7.935183e+02
1.410000e-06	4.909848e-06	1.208567e-08	3.434397e+01	7.965776e+02
1.420000e-06	4.955478e-06	1.213453e-08	3.466315e+01	7.992029e+02
1.430000e-06	4.999477e-06	1.217941e-08	3.497092e+01	8.014658e+02
1.440000e-06	5.041561e-06	1.221928e-08	3.526529e+01	8.034630e+02
1.450000e-06	5.081755e-06	1.225834e-08	3.554644e+01	8.053025e+02
1.460000e-06	5.120290e-06	1.229642e-08	3.581600e+01	8.070890e+02
1.470000e-06	5.157213e-06	1.233043e-08	3.607427e+01	8.089092e+02
1.480000e-06	5.192338e-06	1.236036e-08	3.631996e+01	8.108212e+02
1.490000e-06	5.225483e-06	1.238906e-08	3.655181e+01	8.128475e+02
1.500000e-06	5.256793e-06	1.241658e-08	3.677082e+01	8.149733e+02
1.510000e-06	5.286413e-06	1.244042e-08	3.697801e+01	8.171501e+02
1.520000e-06	5.314287e-06	1.246102e-08	3.717298e+01	8.193041e+02
1.530000e-06	5.340083e-06	1.248180e-08	3.735343e+01	8.213470e+02
1.540000e-06	5.363779e-06	1.250344e-08	3.751918e+01	8.231901e+02
1.550000e-06	5.385701e-06	1.252314e-08	3.767252e+01	8.247563e+02
1.560000e-06	5.405879e-06	1.253797e-08	3.781366e+01	8.259915e+02
1.570000e-06	5.424145e-06	1.254849e-08	3.794143e+01	8.268723e+02
1.580000e-06	5.440431e-06	1.255928e-08	3.805535e+01	8.274084e+02
1.590000e-06	5.454801e-06	1.256928e-08	3.815587e+01	8.276416e+02
1.600000e-06	5.467130e-06	1.257597e-08	3.824211e+01	8.276395e+02
1.610000e-06	5.477225e-06	1.258223e-08	3.831273e+01	8.274855e+02
1.620000e-06	5.485225e-06	1.259177e-08	3.836868e+01	8.272675e+02
1.630000e-06	5.491374e-06	1.260168e-08	3.841170e+01	8.270657e+02
1.640000e-06	5.495714e-06	1.260467e-08	3.844205e+01	8.269412e+02
1.650000e-06	5.498012e-06	1.260198e-08	3.845813e+01	8.269285e+02
1.660000e-06	5.498280e-06	1.259989e-08	3.846000e+01	8.270307e+02
1.670000e-06	5.496802e-06	1.259805e-08	3.844966e+01	8.272198e+02
1.680000e-06	5.493727e-06	1.259559e-08	3.842815e+01	8.274411e+02
1.690000e-06	5.488813e-06	1.258794e-08	3.839379e+01	8.276214e+02
1.700000e-06	5.481934e-06	1.257873e-08	3.834566e+01	8.276798e+02
1.710000e-06	5.473368e-06	1.257269e-08	3.828574e+01	8.275392e+02
1.720000e-06	5.463167e-06	1.256804e-08	3.821439e+01	8.271371e+02
1.730000e-06	5.451049e-06	1.256886e-08	3.812963e+01	8.264351e+02
1.740000e-06	5.436843e-06	1.253577e-08	3.803026e+01	8.254236e+02
1.750000e-06	5.420585e-06	1.248104e-08	3.791653e+01	8.241238e+02
1.760000e-06	5.401888e-06	1.246807e-08	3.778575e+01	8.225841e+02
1.770000e-06	5.380372e-06	1.245813e-08	3.763525e+01	8.208735e+02
1.780000e-06	5.356688e-06	1.249568e-08	3.746958e+01	8.190716e+02
1.790000e-06	5.331932e-06	1.249019e-08	3.729641e+01	8.172574e+02
1.800000e-06	5.306423e-06	1.237064e-08	3.711798e+01	8.154976e+02
1.810000e-06	5.279162e-06	1.240555e-08	3.692729e+01	8.138374e+02
1.820000e-06	5.249529e-06	1.240702e-08	3.672001e+01	8.122930e+02
1.830000e-06	5.218308e-06	1.230647e-08	3.650162e+01	8.108497e+02
1.840000e-06	5.185400e-06	1.237248e-08	3.627143e+01	8.094628e+02
1.850000e-06	5.150596e-06	1.234963e-08	3.602798e+01	8.080633e+02
1.860000e-06	5.114118e-06	1.226743e-08	3.577282e+01	8.065677e+02
1.870000e-06	5.075565e-06	1.230649e-08	3.550315e+01	8.048882e+02
1.880000e-06	5.035221e-06	1.221322e-08	3.522095e+01	8.029455e+02
1.890000e-06	4.993334e-06	1.213563e-08	3.492795e+01	8.006788e+02
1.900000e-06	4.949559e-06	1.212537e-08	3.462174e+01	7.980548e+02
1.910000e-06	4.904020e-06	1.205955e-08	3.430321e+01	7.950717e+02
1.920000e-06	4.856635e-06	1.210119e-08	3.397175e+01	7.917599e+02
1.930000e-06	4.807414e-06	1.205918e-08	3.362746e+01	7.881775e+02
1.940000e-06	4.756516e-06	1.195003e-08	3.327143e+01	7.844026e+02
1.950000e-06	4.703536e-06	1.190915e-08	3.290084e+01	7.805220e+02
1.960000e-06	4.648651e-06	1.183631e-08	3.251692e+01	7.766195e+02
1.970000e-06	4.592142e-06	1.178190e-08	3.212164e+01	7.727642e+02
1.980000e-06	4.533990e-06	1.172666e-08	3.171487e+01	7.690001e+02
1.990000e-06	4.474320e-06	1.170442e-08	3.129749e+01	7.653404e+02
2.000000e-06	4.412955e-06	1.166303e-08	3.086825e+01	7.617648e+02
2.010000e-06	4.349951e-06	1.157787e-08	3.042754e+01	7.582221e+02
2.020000e-06	4.285421e-06	1.152733e-08	2.997616e+01	7.546374e+02
2.030000e-06	4.219424e-06	1.141670e-08	2.951452e+01	7.509215e+02
2.040000e-06	4.151993e-06	1.135290e-08	2.904284e+01	7.469840e+02
2.050000e-06	4.082877e-06	1.130595e-08	2.855938e+01	7.427453e+02
2.060000e-06	4.012163e-06	1.122321e-08	2.806474e+01	7.381480e+02
2.070000e-06	3.940060e-06	1.116835e-08	2.756038e+01	7.331654e+02
2.080000e-06	3.866632e-06	1.107423e-08	2.704676e+01	7.278049e+02
2.090000e-06	3.791770e-06	1.100990e-08	2.652311e+01	7.221080e+02
2.100000e-06	3.715294e-06	1.092543e-08	2.598817e+01	7.161442e+02
2.110000e-06	3.637193e-06	1.083150e-08	2.544186e+01	7.100013e+02
2.120000e-06	3.557688e-06	1.075326e-08	2.488572e+01	7.037733e+02
2.130000e-06	3.477047e-06	1.065813e-08	2.432165e+01	6.975466e+02
2.140000e-06	3.395305e-06	1.058279e-08	2.374987e+01	6.913870e+02
2.150000e-06	3.312457e-06	1.047838e-08	2.317036e+01	6.853295e+02
2.160000e-06	3.228413e-06	1.039160e-08	2.258247e+01	6.793723e+02
2.170000e-06	3.143089e-06	1.029608e-08	2.198564e+01	6.734753e+02
2.180000e-06	3.056499e-06	1.019083e-08	2.137995e+01	6.675646e+02
2.190000e-06	2.968855e-06	1.009424e-08	2.076689e+01	6.615415e+02
2.200000e-06	2.880381e-06	9.972287e-09	2.014802e+01	6.552951e+02
2.210000e-06	2.790929e-06	9.870954e-09	1.952231e+01	6.487175e+02
2.220000e-06	2.700497e-06	9.765920e-09	1.888975e+01	6.417187e+02
2.230000e-06	2.609166e-06	9.660107e-09	1.825089e+01	6.342392e+02
2.240000e-06	2.516986e-06	9.540976e-09	1.760610e+01	6.262588e+02
2.250000e-06	2.423829e-06	9.411618e-09	1.695448e+01	6.178003e+02
2.260000e-06	2.329603e-06	9.296921e-09	1.629538e+01	6.089267e+02
2.270000e-06	2.234472e-06	9.172618e-09	1.562994e+01	5.997328e+02
2.280000e-06	2.138555e-06	9.048412e-09	1.495901e+01	5.903317e+02
2.290000e-06	2.042015e-06	8.914258e-09	1.428373e+01	5.808375e+02
2.300000e-06	1.944825e-06	8.779336e-09	1.360388e+01	5.713482e+02
2.310000e-06	1.846998e-06	8.642145e-09	1.291960e+01	5.619288e+02
2.320000e-06	1.748604e-06	8.489760e-09	1.223134e+01	5.525983e+02
2.330000e-06	1.649675e-06	8.333949e-09	1.153933e+01	5.433233e+02
2.340000e-06	1.550255e-06	8.179541e-09	1.084390e+01	5.340176e+02
2.350000e-06	1.450358e-06	8.029364e-09	1.014513e+01	5.245501e+02
2.360000e-06	1.349931e-06	7.872555e-09	9.442655e+00	5.147583e+02
2.370000e-06	1.248918e-06	7.702389e-09	8.736077e+00	5.044684e+02
2.380000e-06	1.147332e-06	7.523925e-09	8.025487e+00	4.935167e+02
2.390000e-06	1.045180e-06	7.340479e-09	7.310947e+00	4.817720e+02
2.400000e-06	9.425265e-07	7.150388e-09	6.592893e+00	4.691539e+02
2.410000e-06	8.394797e-07	6.953532e-09	5.872090e+00	4.556453e+02
2.420000e-06	7.361528e-07	6.750834e-09	5.149326e+00	4.412964e+02
2.430000e-06	6.326110e-07	6.546589e-09	4.425060e+00	4.262192e+02
2.440000e-06	5.288885e-07	6.335005e-09	3.699530e+00	4.105715e+02
2.450000e-06	4.249979e-07	6.109552e-09	2.972824e+00	3.945335e+02
2.460000e-06	3.209806e-07	5.871426e-09	2.245232e+00	3.782771e+02
2.470000e-06	2.168664e-07	5.623194e-09	1.516962e+00	3.619325e+02
2.480000e-06	1.126458e-07	5.369802e-09	7.879478e-01	3.455566e+02
2.490000e-06	8.446537e-09	5.102439e-09	5.908281e-02	3.291060e+02
2.500000e-06	-9.569956e-08	4.818854e-09	-6.694103e-01	3.124191e+02
2.510000e-06	-1.998448e-07	4.523463e-09	-1.397898e+00	2.952111e+02
2.520000e-06	-3.039336e-07	4.216940e-09	-2.125990e+00	2.770825e+02
2.530000e-06	-4.079472e-07	3.895697e-09	-2.853556e+00	2.575419e+02
2.540000e-06	-5.118072e-07	3.549719e-09	-3.580048e+00	2.360429e+02
2.550000e-06	-6.154303e-07	3.180685e-09	-4.304883e+00	2.120304e+02
2.560000e-06	-7.188078e-07	2.789926e-09	-5.027999e+00	1.849936e+02
2.570000e-06	-8.219343e-07	2.366251e-09	-5.749361e+00	1.545205e+02
2.580000e-06	-9.247721e-07	1.896034e-09	-6.468702e+00	1.203478e+02
2.590000e-06	-1.027169e-06	1.370996e-09	-7.184957e+00	8.240087e+01
2.600000e-06	-1.129084e-06	7.864136e-10	-7.897845e+00	4.082099e+01
2.610000e-06	-1.230455e-06	1.366425e-10	-8.606925e+00	-4.026210e+00
2.620000e-06	-1.331211e-06	-5.840879e-10	-9.311711e+00	-5.156040e+01
2.630000e-06	-1.431430e-06	-1.374146e-09	-1.001273e+01	-1.010152e+02
2.640000e-06	-1.531216e-06	-2.215430e-09	-1.071072e+01	-1.514832e+02
2.650000e-06	-1.630586e-06	-3.068915e-09	-1.140581e+01	-2.019744e+02
2.660000e-06	-1.729346e-06	-3.892903e-09	-1.209663e+01	-2.514815e+02
2.670000e-06	-1.827428e-06	-4.656527e-09	-1.278270e+01	-2.990479e+02
2.680000e-06	-1.924889e-06	-5.342999e-09	-1.346444e+01	-3.438306e+02
2.690000e-06	-2.021704e-06	-5.945491e-09	-1.414165e+01	-3.851537e+02
2.700000e-06	-2.117892e-06	-6.466564e-09	-1.481447e+01	-4.225471e+02
2.710000e-06	-2.213548e-06	-6.918579e-09	-1.548358e+01	-4.557672e+02
2.720000e-06	-2.308609e-06	-7.315438e-09	-1.614852e+01	-4.847986e+02
2.730000e-06	-2.402769e-06	-7.671588e-09	-1.680716e+01	-5.098372e+02
2.740000e-06	-2.495810e-06	-7.994735e-09	-1.745798e+01	-5.312566e+02
2.750000e-06	-2.587848e-06	-8.288513e-09	-1.810178e+01	-5.495621e+02
2.760000e-06	-2.679008e-06	-8.554887e-09	-1.873944e+01	-5.653369e+02
2.770000e-06	-2.769185e-06	-8.796183e-09	-1.937021e+01	-5.791869e+02
2.780000e-06	-2.858281e-06	-9.021495e-09	-1.999343e+01	-5.916874e+02
2.790000e-06	-2.946394e-06	-9.234138e-09	-2.060978e+01	-6.033397e+02
2.800000e-06	-3.033628e-06	-9.430827e-09	-2.121997e+01	-6.145377e+02
2.810000e-06	-3.119737e-06	-9.612306e-09	-2.182230e+01	-6.255505e+02
2.820000e-06	-3.204507e-06	-9.782279e-09	-2.241525e+01	-6.365181e+02
2.830000e-06	-3.288131e-06	-9.942033e-09	-2.300020e+01	-6.474622e+02
2.840000e-06	-3.370702e-06	-1.008987e-08	-2.357777e+01	-6.583080e+02
2.850000e-06	-3.452196e-06	-1.022830e-08	-2.414782e+01	-6.689139e+02
2.860000e-06	-3.532553e-06	-1.036224e-08	-2.470991e+01	-6.791056e+02
2.870000e-06	-3.611657e-06	-1.049279e-08	-2.526323e+01	-6.887096e+02
2.880000e-06	-3.689255e-06	-1.061853e-08	-2.580602e+01	-6.975823e+02
2.890000e-06	-3.765312e-06	-1.073552e-08	-2.633804e+01	-7.056326e+02
2.900000e-06	-3.839946e-06	-1.084558e-08	-2.686010e+01	-7.128341e+02
2.910000e-06	-3.913155e-06	-1.094984e-08	-2.737219e+01	-7.192282e+02
2.920000e-06	-3.985079e-06	-1.104500e-08	-2.787529e+01	-7.249170e+02
2.930000e-06	-4.055639e-06	-1.113264e-08	-2.836885e+01	-7.300485e+02
2.940000e-06	-4.124617e-06	-1.121810e-08	-2.885135e+01	-7.347965e+02
2.950000e-06	-4.192101e-06	-1.130545e-08	-2.932339e+01	-7.393377e+02
2.960000e-06	-4.258165e-06	-1.139075e-08	-2.978550e+01	-7.438301e+02
2.970000e-06	-4.322771e-06	-1.146971e-08	-3.023742e+01	-7.483944e+02
2.980000e-06	-4.386007e-06	-1.154386e-08	-3.067975e+01	-7.531021e+02
2.990000e-06	-4.447650e-06	-1.161667e-08	-3.111093e+01	-7.579697e+02
3.000000e-06	-4.507506e-06	-1.168808e-08	-3.152962e+01	-7.629609e+02
3.010000e-06	-4.565758e-06	-1.175499e-08	-3.193709e+01	-7.679959e+02
3.020000e-06	-4.622485e-06	-1.181588e-08	-3.233389e+01	-7.729651e+02
3.030000e-06	-4.677612e-06	-1.187493e-08	-3.271950e+01	-7.777470e+02
3.040000e-06	-4.730834e-06	-1.193381e-08	-3.309178e+01	-7.822262e+02
3.050000e-06	-4.782067e-06	-1.199019e-08	-3.345015e+01	-7.863093e+02
3.060000e-06	-4.831407e-06	-1.204157e-08	-3.379529e+01	-7.899380e+02
3.070000e-06	-4.878711e-06	-1.209175e-08	-3.412617e+01	-7.930956e+02
3.080000e-06	-4.924186e-06	-1.214182e-08	-3.444426e+01	-7.958085e+02
3.090000e-06	-4.968110e-06	-1.218876e-08	-3.475151e+01	-7.981410e+02
3.100000e-06	-5.010493e-06	-1.222857e-08	-3.504797e+01	-8.001857e+02
3.110000e-06	-5.051305e-06	-1.226281e-08	-3.533345e+01	-8.020493e+02
3.120000e-06	-5.090453e-06	-1.229861e-08	-3.560728e+01	-8.038385e+02
3.130000e-06	-5.127669e-06	-1.233797e-08	-3.586761e+01	-8.056449e+02
3.140000e-06	-5.162907e-06	-1.237444e-08	-3.611410e+01	-8.075335e+02
3.150000e-06	-5.196432e-06	-1.240358e-08	-3.634860e+01	-8.095348e+02
3.160000e-06	-5.228316e-06	-1.242888e-08	-3.657163e+01	-8.116417e+02
3.170000e-06	-5.258260e-06	-1.245313e-08	-3.678108e+01	-8.138126e+02
3.180000e-06	-5.286160e-06	-1.247757e-08	-3.697624e+01	-8.159780e+02
3.190000e-06	-5.312241e-06	-1.250056e-08	-3.715867e+01	-8.180519e+02
3.200000e-06	-5.336574e-06	-1.252143e-08	-3.732888e+01	-8.199444e+02
3.210000e-06	-5.359033e-06	-1.254088e-08	-3.748598e+01	-8.215748e+02
3.220000e-06	-5.379484e-06	-1.255833e-08	-3.762904e+01	-8.228835e+02
3.230000e-06	-5.398081e-06	-1.257071e-08	-3.775912e+01	-8.238400e+02
3.240000e-06	-5.414941e-06	-1.257871e-08	-3.787705e+01	-8.244469e+02
3.250000e-06	-5.429893e-06	-1.258732e-08	-3.798164e+01	-8.247396e+02
3.260000e-06	-5.442581e-06	-1.260034e-08	-3.807039e+01	-8.247807e+02
3.270000e-06	-5.453068e-06	-1.261216e-08	-3.814375e+01	-8.246512e+02
3.280000e-06	-5.461724e-06	-1.261823e-08	-3.820430e+01	-8.244393e+02
3.290000e-06	-5.468497e-06	-1.261718e-08	-3.825167e+01	-8.242275e+02
3.300000e-06	-5.473152e-06	-1.261303e-08	-3.828423e+01	-8.240820e+02
3.310000e-06	-5.475898e-06	-1.260964e-08	-3.830344e+01	-8.240435e+02
3.320000e-06	-5.476930e-06	-1.260725e-08	-3.831066e+01	-8.241218e+02
