# Temperatura_=_51.32
# Concentracion g/m^3_=_15500.0
# C_Vs_to_Am_M_A/Vsm_=_65563218390.804596
# pendiente_HvsI_1/m_=_3716.3
# ordenada_HvsI_A/m_=_1297.0
# frecuencia_Hz_=_300809.2385614327

Tiempo_(s)	Campo_(V.s)	Magnetizacion_(V.s)	Campo_(kA/m)	Magnetizacion_(A/m)
0.000000e+00	-5.491066e-06	-1.239864e-08	-3.830729e+01	-8.110959e+02
1.000000e-08	-5.489696e-06	-1.239715e-08	-3.829774e+01	-8.111923e+02
2.000000e-08	-5.486308e-06	-1.239684e-08	-3.827410e+01	-8.113212e+02
3.000000e-08	-5.481057e-06	-1.239487e-08	-3.823747e+01	-8.114141e+02
4.000000e-08	-5.474229e-06	-1.238860e-08	-3.818984e+01	-8.113944e+02
5.000000e-08	-5.465817e-06	-1.237316e-08	-3.813115e+01	-8.111890e+02
6.000000e-08	-5.455498e-06	-1.235146e-08	-3.805916e+01	-8.107387e+02
7.000000e-08	-5.443086e-06	-1.233305e-08	-3.797257e+01	-8.100066e+02
8.000000e-08	-5.428721e-06	-1.231994e-08	-3.787236e+01	-8.089837e+02
9.000000e-08	-5.412035e-06	-1.232582e-08	-3.775595e+01	-8.076898e+02
1.000000e-07	-5.392919e-06	-1.234002e-08	-3.762259e+01	-8.061708e+02
1.100000e-07	-5.371798e-06	-1.230939e-08	-3.747525e+01	-8.044921e+02
1.200000e-07	-5.348894e-06	-1.226605e-08	-3.731546e+01	-8.027291e+02
1.300000e-07	-5.324443e-06	-1.222586e-08	-3.714489e+01	-8.009565e+02
1.400000e-07	-5.298530e-06	-1.216839e-08	-3.696411e+01	-7.992372e+02
1.500000e-07	-5.270819e-06	-1.220030e-08	-3.677078e+01	-7.976133e+02
1.600000e-07	-5.241331e-06	-1.218346e-08	-3.656507e+01	-7.960992e+02
1.700000e-07	-5.210274e-06	-1.210566e-08	-3.634841e+01	-7.946797e+02
1.800000e-07	-5.177377e-06	-1.215282e-08	-3.611891e+01	-7.933107e+02
1.900000e-07	-5.142416e-06	-1.211416e-08	-3.587501e+01	-7.919255e+02
2.000000e-07	-5.105768e-06	-1.203073e-08	-3.561934e+01	-7.904430e+02
2.100000e-07	-5.067559e-06	-1.203082e-08	-3.535279e+01	-7.887792e+02
2.200000e-07	-5.027498e-06	-1.195814e-08	-3.507331e+01	-7.868579e+02
2.300000e-07	-4.985539e-06	-1.193388e-08	-3.478059e+01	-7.846217e+02
2.400000e-07	-4.941564e-06	-1.194525e-08	-3.447381e+01	-7.820395e+02
2.500000e-07	-4.895758e-06	-1.186977e-08	-3.415425e+01	-7.791114e+02
2.600000e-07	-4.848256e-06	-1.183264e-08	-3.382286e+01	-7.758683e+02
2.700000e-07	-4.798849e-06	-1.176645e-08	-3.347819e+01	-7.723682e+02
2.800000e-07	-4.747429e-06	-1.170149e-08	-3.311946e+01	-7.686881e+02
2.900000e-07	-4.693997e-06	-1.168961e-08	-3.274671e+01	-7.649137e+02
3.000000e-07	-4.638806e-06	-1.163464e-08	-3.236168e+01	-7.611271e+02
3.100000e-07	-4.581996e-06	-1.157908e-08	-3.196536e+01	-7.573958e+02
3.200000e-07	-4.523384e-06	-1.153820e-08	-3.155646e+01	-7.537628e+02
3.300000e-07	-4.463055e-06	-1.148799e-08	-3.113559e+01	-7.502407e+02
3.400000e-07	-4.401257e-06	-1.140777e-08	-3.070447e+01	-7.468091e+02
3.500000e-07	-4.337953e-06	-1.133052e-08	-3.026284e+01	-7.434173e+02
3.600000e-07	-4.273161e-06	-1.128158e-08	-2.981083e+01	-7.399909e+02
3.700000e-07	-4.206784e-06	-1.121326e-08	-2.934777e+01	-7.364415e+02
3.800000e-07	-4.138706e-06	-1.116042e-08	-2.887283e+01	-7.326791e+02
3.900000e-07	-4.069091e-06	-1.110187e-08	-2.838718e+01	-7.286241e+02
4.000000e-07	-3.998133e-06	-1.101860e-08	-2.789216e+01	-7.242183e+02
4.100000e-07	-3.925888e-06	-1.095299e-08	-2.738815e+01	-7.194333e+02
4.200000e-07	-3.852329e-06	-1.087056e-08	-2.687499e+01	-7.142743e+02
4.300000e-07	-3.777141e-06	-1.078883e-08	-2.635045e+01	-7.087797e+02
4.400000e-07	-3.700224e-06	-1.070669e-08	-2.581385e+01	-7.030155e+02
4.500000e-07	-3.621847e-06	-1.063200e-08	-2.526707e+01	-6.970666e+02
4.600000e-07	-3.542002e-06	-1.055821e-08	-2.471005e+01	-6.910239e+02
4.700000e-07	-3.460748e-06	-1.046842e-08	-2.414320e+01	-6.849719e+02
4.800000e-07	-3.378285e-06	-1.037921e-08	-2.356791e+01	-6.789754e+02
4.900000e-07	-3.294674e-06	-1.028313e-08	-2.298462e+01	-6.730699e+02
5.000000e-07	-3.210024e-06	-1.019041e-08	-2.239407e+01	-6.672552e+02
5.100000e-07	-3.124440e-06	-1.009120e-08	-2.179702e+01	-6.614942e+02
5.200000e-07	-3.037865e-06	-9.991721e-09	-2.119304e+01	-6.557168e+02
5.300000e-07	-2.950253e-06	-9.895380e-09	-2.058183e+01	-6.498283e+02
5.400000e-07	-2.861695e-06	-9.790576e-09	-1.996403e+01	-6.437220e+02
5.500000e-07	-2.772292e-06	-9.681116e-09	-1.934032e+01	-6.372935e+02
5.600000e-07	-2.681816e-06	-9.569062e-09	-1.870914e+01	-6.304550e+02
5.700000e-07	-2.590059e-06	-9.457356e-09	-1.806902e+01	-6.231480e+02
5.800000e-07	-2.497294e-06	-9.344100e-09	-1.742186e+01	-6.153516e+02
5.900000e-07	-2.403829e-06	-9.228904e-09	-1.676982e+01	-6.070863e+02
6.000000e-07	-2.309626e-06	-9.109917e-09	-1.611263e+01	-5.984117e+02
6.100000e-07	-2.214596e-06	-8.985670e-09	-1.544967e+01	-5.894181e+02
6.200000e-07	-2.118757e-06	-8.854557e-09	-1.478107e+01	-5.802137e+02
6.300000e-07	-2.022153e-06	-8.715544e-09	-1.410713e+01	-5.709083e+02
6.400000e-07	-1.924865e-06	-8.573170e-09	-1.342843e+01	-5.615964e+02
6.500000e-07	-1.826938e-06	-8.431644e-09	-1.274526e+01	-5.523408e+02
6.600000e-07	-1.728234e-06	-8.288892e-09	-1.205667e+01	-5.431604e+02
6.700000e-07	-1.628653e-06	-8.143439e-09	-1.136196e+01	-5.340234e+02
6.800000e-07	-1.528396e-06	-7.994101e-09	-1.066254e+01	-5.248468e+02
6.900000e-07	-1.427677e-06	-7.836932e-09	-9.959896e+00	-5.155042e+02
7.000000e-07	-1.326547e-06	-7.671351e-09	-9.254382e+00	-5.058388e+02
7.100000e-07	-1.224977e-06	-7.496801e-09	-8.545804e+00	-4.956821e+02
7.200000e-07	-1.122994e-06	-7.314825e-09	-7.834338e+00	-4.848755e+02
7.300000e-07	-1.020645e-06	-7.131894e-09	-7.120320e+00	-4.732911e+02
7.400000e-07	-9.179333e-07	-6.952455e-09	-6.403773e+00	-4.608502e+02
7.500000e-07	-8.148676e-07	-6.767857e-09	-5.684757e+00	-4.475351e+02
7.600000e-07	-7.115287e-07	-6.570523e-09	-4.963834e+00	-4.333931e+02
7.700000e-07	-6.079709e-07	-6.361715e-09	-4.241384e+00	-4.185317e+02
7.800000e-07	-5.042047e-07	-6.146316e-09	-3.517481e+00	-4.031030e+02
7.900000e-07	-4.002761e-07	-5.922127e-09	-2.792444e+00	-3.872812e+02
8.000000e-07	-2.962324e-07	-5.686542e-09	-2.066605e+00	-3.712327e+02
8.100000e-07	-1.920455e-07	-5.444658e-09	-1.339766e+00	-3.550846e+02
8.200000e-07	-8.772078e-08	-5.197386e-09	-6.119660e-01	-3.388929e+02
8.300000e-07	1.661705e-08	-4.940759e-09	1.159254e-01	-3.226168e+02
8.400000e-07	1.208947e-07	-4.665981e-09	8.433972e-01	-3.061011e+02
8.500000e-07	2.250645e-07	-4.372998e-09	1.570117e+00	-2.890712e+02
8.600000e-07	3.291248e-07	-4.067730e-09	2.296072e+00	-2.711404e+02
8.700000e-07	4.330624e-07	-3.748223e-09	3.021171e+00	-2.518329e+02
8.800000e-07	5.369084e-07	-3.406330e-09	3.745631e+00	-2.306179e+02
8.900000e-07	6.406649e-07	-3.036001e-09	4.469467e+00	-2.069558e+02
9.000000e-07	7.442296e-07	-2.639791e-09	5.191965e+00	-1.803486e+02
9.100000e-07	8.474941e-07	-2.217000e-09	5.912369e+00	-1.503930e+02
9.200000e-07	9.504101e-07	-1.755754e-09	6.630341e+00	-1.168291e+02
9.300000e-07	1.052986e-06	-1.239573e-09	7.345944e+00	-7.958006e+01
9.400000e-07	1.155238e-06	-6.612145e-10	8.059279e+00	-3.877791e+01
9.500000e-07	1.257105e-06	-1.774593e-11	8.769932e+00	5.226925e+00
9.600000e-07	1.358545e-06	6.981699e-10	9.477608e+00	5.187477e+01
9.700000e-07	1.459590e-06	1.483592e-09	1.018253e+01	1.004239e+02
9.800000e-07	1.560168e-06	2.311390e-09	1.088419e+01	1.499939e+02
9.900000e-07	1.660186e-06	3.139640e-09	1.158195e+01	1.996219e+02
1.000000e-06	1.759540e-06	3.934295e-09	1.227507e+01	2.483261e+02
1.010000e-06	1.858114e-06	4.669457e-09	1.296275e+01	2.951713e+02
1.020000e-06	1.955828e-06	5.327968e-09	1.364443e+01	3.393308e+02
1.030000e-06	2.052733e-06	5.905701e-09	1.432047e+01	3.801383e+02
1.040000e-06	2.148960e-06	6.410104e-09	1.499178e+01	4.171262e+02
1.050000e-06	2.244531e-06	6.853601e-09	1.565851e+01	4.500464e+02
1.060000e-06	2.339401e-06	7.246308e-09	1.632035e+01	4.788730e+02
1.070000e-06	2.433487e-06	7.593849e-09	1.697672e+01	5.037857e+02
1.080000e-06	2.526730e-06	7.903762e-09	1.762721e+01	5.251389e+02
1.090000e-06	2.619183e-06	8.186056e-09	1.827219e+01	5.434167e+02
1.100000e-06	2.710761e-06	8.447265e-09	1.891107e+01	5.591818e+02
1.110000e-06	2.801176e-06	8.687856e-09	1.954183e+01	5.730212e+02
1.120000e-06	2.890360e-06	8.906039e-09	2.016401e+01	5.854955e+02
1.130000e-06	2.978549e-06	9.106679e-09	2.077923e+01	5.970949e+02
1.140000e-06	3.065789e-06	9.294798e-09	2.138785e+01	6.082081e+02
1.150000e-06	3.151982e-06	9.471747e-09	2.198915e+01	6.191033e+02
1.160000e-06	3.237173e-06	9.636788e-09	2.258347e+01	6.299246e+02
1.170000e-06	3.321392e-06	9.790761e-09	2.317101e+01	6.407009e+02
1.180000e-06	3.404433e-06	9.938184e-09	2.375033e+01	6.513670e+02
1.190000e-06	3.486129e-06	1.008221e-08	2.432027e+01	6.617918e+02
1.200000e-06	3.566581e-06	1.021768e-08	2.488152e+01	6.718110e+02
1.210000e-06	3.645736e-06	1.034045e-08	2.543373e+01	6.812594e+02
1.220000e-06	3.723585e-06	1.045634e-08	2.597683e+01	6.899995e+02
1.230000e-06	3.800180e-06	1.057094e-08	2.651117e+01	6.979426e+02
1.240000e-06	3.875296e-06	1.068133e-08	2.703521e+01	7.050624e+02
1.250000e-06	3.948754e-06	1.078134e-08	2.754767e+01	7.113970e+02
1.260000e-06	4.020719e-06	1.087203e-08	2.804972e+01	7.170431e+02
1.270000e-06	4.091335e-06	1.096151e-08	2.854236e+01	7.221419e+02
1.280000e-06	4.160594e-06	1.105077e-08	2.902553e+01	7.268601e+02
1.290000e-06	4.228448e-06	1.113444e-08	2.949890e+01	7.313674e+02
1.300000e-06	4.294628e-06	1.121089e-08	2.996059e+01	7.358165e+02
1.310000e-06	4.359171e-06	1.128359e-08	3.041087e+01	7.403248e+02
1.320000e-06	4.422271e-06	1.135659e-08	3.085107e+01	7.449621e+02
1.330000e-06	4.483941e-06	1.142872e-08	3.128130e+01	7.497460e+02
1.340000e-06	4.544276e-06	1.149506e-08	3.170221e+01	7.546431e+02
1.350000e-06	4.602964e-06	1.155552e-08	3.211163e+01	7.595777e+02
1.360000e-06	4.659799e-06	1.161523e-08	3.250814e+01	7.644456e+02
1.370000e-06	4.714953e-06	1.167576e-08	3.289290e+01	7.691302e+02
1.380000e-06	4.768347e-06	1.173392e-08	3.326539e+01	7.735205e+02
1.390000e-06	4.819734e-06	1.178518e-08	3.362388e+01	7.775267e+02
1.400000e-06	4.869088e-06	1.183171e-08	3.396819e+01	7.810918e+02
1.410000e-06	4.916659e-06	1.188009e-08	3.430006e+01	7.841992e+02
1.420000e-06	4.962622e-06	1.192942e-08	3.462072e+01	7.868736e+02
1.430000e-06	5.007056e-06	1.197295e-08	3.493070e+01	7.891764e+02
1.440000e-06	5.049559e-06	1.200945e-08	3.522721e+01	7.911958e+02
1.450000e-06	5.090068e-06	1.204594e-08	3.550982e+01	7.930347e+02
1.460000e-06	5.128943e-06	1.208619e-08	3.578102e+01	7.947957e+02
1.470000e-06	5.166197e-06	1.212256e-08	3.604091e+01	7.965672e+02
1.480000e-06	5.201653e-06	1.215124e-08	3.628826e+01	7.984121e+02
1.490000e-06	5.235101e-06	1.217749e-08	3.652161e+01	8.003603e+02
1.500000e-06	5.266711e-06	1.220521e-08	3.674213e+01	8.024054e+02
1.510000e-06	5.296648e-06	1.223173e-08	3.695098e+01	8.045076e+02
1.520000e-06	5.324813e-06	1.225345e-08	3.714746e+01	8.066003e+02
1.530000e-06	5.350956e-06	1.227329e-08	3.732985e+01	8.086003e+02
1.540000e-06	5.375060e-06	1.229447e-08	3.749801e+01	8.104208e+02
1.550000e-06	5.397331e-06	1.231384e-08	3.765337e+01	8.119835e+02
1.560000e-06	5.417848e-06	1.232793e-08	3.779650e+01	8.132302e+02
1.570000e-06	5.436519e-06	1.233939e-08	3.792676e+01	8.141306e+02
1.580000e-06	5.453154e-06	1.235165e-08	3.804281e+01	8.146866e+02
1.590000e-06	5.467735e-06	1.236184e-08	3.814453e+01	8.149314e+02
1.600000e-06	5.480251e-06	1.236853e-08	3.823185e+01	8.149252e+02
1.610000e-06	5.490546e-06	1.237486e-08	3.830367e+01	8.147459e+02
1.620000e-06	5.498787e-06	1.238284e-08	3.836116e+01	8.144787e+02
1.630000e-06	5.505220e-06	1.238897e-08	3.840604e+01	8.142043e+02
1.640000e-06	5.509824e-06	1.238999e-08	3.843815e+01	8.139874e+02
1.650000e-06	5.512399e-06	1.238855e-08	3.845612e+01	8.138688e+02
1.660000e-06	5.512955e-06	1.238827e-08	3.846000e+01	8.138600e+02
1.670000e-06	5.511757e-06	1.238660e-08	3.845164e+01	8.139422e+02
1.680000e-06	5.508919e-06	1.237908e-08	3.843185e+01	8.140697e+02
1.690000e-06	5.504229e-06	1.237120e-08	3.839913e+01	8.141768e+02
1.700000e-06	5.497540e-06	1.236338e-08	3.835246e+01	8.141878e+02
1.710000e-06	5.489164e-06	1.235715e-08	3.829403e+01	8.140279e+02
1.720000e-06	5.479177e-06	1.234975e-08	3.822435e+01	8.136342e+02
1.730000e-06	5.467229e-06	1.233839e-08	3.814100e+01	8.129645e+02
1.740000e-06	5.453179e-06	1.233050e-08	3.804299e+01	8.120034e+02
1.750000e-06	5.437154e-06	1.227815e-08	3.793119e+01	8.107647e+02
1.760000e-06	5.418730e-06	1.224020e-08	3.780266e+01	8.092891e+02
1.770000e-06	5.397497e-06	1.224272e-08	3.765453e+01	8.076385e+02
1.780000e-06	5.374095e-06	1.223598e-08	3.749127e+01	8.058873e+02
1.790000e-06	5.349474e-06	1.227972e-08	3.731951e+01	8.041110e+02
1.800000e-06	5.324073e-06	1.221954e-08	3.714230e+01	8.023761e+02
1.810000e-06	5.297047e-06	1.212897e-08	3.695376e+01	8.007297e+02
1.820000e-06	5.267574e-06	1.221651e-08	3.674815e+01	7.991925e+02
1.830000e-06	5.236394e-06	1.217648e-08	3.653063e+01	7.977556e+02
1.840000e-06	5.203609e-06	1.212199e-08	3.630191e+01	7.963810e+02
1.850000e-06	5.168957e-06	1.218917e-08	3.606017e+01	7.950059e+02
1.860000e-06	5.132648e-06	1.209685e-08	3.580687e+01	7.935516e+02
1.870000e-06	5.094306e-06	1.207566e-08	3.553938e+01	7.919336e+02
1.880000e-06	5.054063e-06	1.208946e-08	3.525863e+01	7.900733e+02
1.890000e-06	5.012291e-06	1.195911e-08	3.496722e+01	7.879083e+02
1.900000e-06	4.968665e-06	1.196792e-08	3.466287e+01	7.854015e+02
1.910000e-06	4.923238e-06	1.191827e-08	3.434596e+01	7.825460e+02
1.920000e-06	4.876003e-06	1.185613e-08	3.401644e+01	7.793665e+02
1.930000e-06	4.826900e-06	1.189908e-08	3.367388e+01	7.759157e+02
1.940000e-06	4.776161e-06	1.176887e-08	3.331991e+01	7.722673e+02
1.950000e-06	4.723383e-06	1.173947e-08	3.295171e+01	7.685060e+02
1.960000e-06	4.668636e-06	1.170930e-08	3.256978e+01	7.647158e+02
1.970000e-06	4.612254e-06	1.160212e-08	3.217644e+01	7.609682e+02
1.980000e-06	4.554208e-06	1.158788e-08	3.177150e+01	7.573122e+02
1.990000e-06	4.494630e-06	1.151343e-08	3.135586e+01	7.537671e+02
2.000000e-06	4.433352e-06	1.149842e-08	3.092837e+01	7.503196e+02
2.010000e-06	4.370438e-06	1.143599e-08	3.048947e+01	7.469250e+02
2.020000e-06	4.306016e-06	1.135519e-08	3.004003e+01	7.435133e+02
2.030000e-06	4.240072e-06	1.132023e-08	2.957999e+01	7.399981e+02
2.040000e-06	4.172697e-06	1.120422e-08	2.910996e+01	7.362888e+02
2.050000e-06	4.103615e-06	1.116834e-08	2.862803e+01	7.323024e+02
2.060000e-06	4.032868e-06	1.108746e-08	2.813448e+01	7.279754e+02
2.070000e-06	3.960758e-06	1.101595e-08	2.763142e+01	7.232726e+02
2.080000e-06	3.887329e-06	1.096933e-08	2.711915e+01	7.181917e+02
2.090000e-06	3.812417e-06	1.087378e-08	2.659655e+01	7.127644e+02
2.100000e-06	3.735827e-06	1.082444e-08	2.606223e+01	7.070515e+02
2.110000e-06	3.657659e-06	1.071498e-08	2.551691e+01	7.011347e+02
2.120000e-06	3.578124e-06	1.063974e-08	2.496205e+01	6.951047e+02
2.130000e-06	3.497479e-06	1.055642e-08	2.439944e+01	6.890486e+02
2.140000e-06	3.415758e-06	1.045841e-08	2.382933e+01	6.830362e+02
2.150000e-06	3.332853e-06	1.038419e-08	2.325096e+01	6.771101e+02
2.160000e-06	3.248663e-06	1.028189e-08	2.266363e+01	6.712780e+02
2.170000e-06	3.163098e-06	1.020358e-08	2.206671e+01	6.655106e+02
2.180000e-06	3.076329e-06	1.009487e-08	2.146138e+01	6.597441e+02
2.190000e-06	2.988593e-06	9.994609e-09	2.084931e+01	6.538884e+02
2.200000e-06	2.899974e-06	9.892255e-09	2.023107e+01	6.478380e+02
2.210000e-06	2.810387e-06	9.785304e-09	1.960609e+01	6.414869e+02
2.220000e-06	2.719818e-06	9.684556e-09	1.897425e+01	6.347425e+02
2.230000e-06	2.628350e-06	9.568475e-09	1.833615e+01	6.275391e+02
2.240000e-06	2.535997e-06	9.459066e-09	1.769186e+01	6.198474e+02
2.250000e-06	2.442652e-06	9.337808e-09	1.704066e+01	6.116790e+02
2.260000e-06	2.348275e-06	9.221585e-09	1.638226e+01	6.030856e+02
2.270000e-06	2.253042e-06	9.099093e-09	1.571788e+01	5.941518e+02
2.280000e-06	2.157065e-06	8.977414e-09	1.504832e+01	5.849832e+02
2.290000e-06	2.060418e-06	8.852885e-09	1.437408e+01	5.756909e+02
2.300000e-06	1.963134e-06	8.718353e-09	1.369540e+01	5.663740e+02
2.310000e-06	1.865213e-06	8.578230e-09	1.301227e+01	5.571033e+02
2.320000e-06	1.766670e-06	8.429414e-09	1.232481e+01	5.479078e+02
2.330000e-06	1.667561e-06	8.282422e-09	1.163340e+01	5.387669e+02
2.340000e-06	1.567968e-06	8.131167e-09	1.093861e+01	5.296083e+02
2.350000e-06	1.467827e-06	7.982129e-09	1.024000e+01	5.203139e+02
2.360000e-06	1.367089e-06	7.825553e-09	9.537216e+00	5.107319e+02
2.370000e-06	1.265750e-06	7.660966e-09	8.830242e+00	5.006947e+02
2.380000e-06	1.163830e-06	7.484681e-09	8.119224e+00	4.900396e+02
2.390000e-06	1.061371e-06	7.299710e-09	7.404438e+00	4.786305e+02
2.400000e-06	9.584165e-07	7.115532e-09	6.686196e+00	4.663770e+02
2.410000e-06	8.551167e-07	6.928535e-09	5.965546e+00	4.532476e+02
2.420000e-06	7.515861e-07	6.736037e-09	5.243286e+00	4.392758e+02
2.430000e-06	6.478556e-07	6.530670e-09	4.519632e+00	4.245571e+02
2.440000e-06	5.439417e-07	6.315423e-09	3.794697e+00	4.092359e+02
2.450000e-06	4.398475e-07	6.092502e-09	3.068506e+00	3.934837e+02
2.460000e-06	3.356320e-07	5.860223e-09	2.341468e+00	3.774714e+02
2.470000e-06	2.312907e-07	5.615403e-09	1.613552e+00	3.613372e+02
2.480000e-06	1.268202e-07	5.362318e-09	8.847354e-01	3.451548e+02
2.490000e-06	2.235679e-08	5.103508e-09	1.559676e-01	3.289059e+02
2.500000e-06	-8.205811e-08	4.836800e-09	-5.724615e-01	3.124608e+02
2.510000e-06	-1.864579e-07	4.554840e-09	-1.300785e+00	2.955702e+02
2.520000e-06	-2.907877e-07	4.250301e-09	-2.028620e+00	2.778701e+02
2.530000e-06	-3.950256e-07	3.927267e-09	-2.755815e+00	2.589012e+02
2.540000e-06	-4.991163e-07	3.589004e-09	-3.481982e+00	2.381410e+02
2.550000e-06	-6.029975e-07	3.232480e-09	-4.206688e+00	2.150476e+02
2.560000e-06	-7.066936e-07	2.849244e-09	-4.930103e+00	1.891096e+02
2.570000e-06	-8.101464e-07	2.433936e-09	-5.651820e+00	1.598991e+02
2.580000e-06	-9.133144e-07	1.984904e-09	-6.371551e+00	1.271218e+02
2.590000e-06	-1.016116e-06	1.491997e-09	-7.088726e+00	9.065886e+01
2.600000e-06	-1.118492e-06	9.365371e-10	-7.802930e+00	5.059618e+01
2.610000e-06	-1.220423e-06	3.075841e-10	-8.514030e+00	7.237513e+00
2.620000e-06	-1.321782e-06	-3.903551e-10	-9.221142e+00	-3.890061e+01
2.630000e-06	-1.422490e-06	-1.152474e-09	-9.923708e+00	-8.711231e+01
2.640000e-06	-1.522582e-06	-1.969289e-09	-1.062198e+01	-1.365426e+02
2.650000e-06	-1.622146e-06	-2.811242e-09	-1.131657e+01	-1.862410e+02
2.660000e-06	-1.721182e-06	-3.630632e-09	-1.200747e+01	-2.352243e+02
2.670000e-06	-1.819610e-06	-4.389197e-09	-1.269414e+01	-2.825419e+02
2.680000e-06	-1.917453e-06	-5.075564e-09	-1.337672e+01	-3.273390e+02
2.690000e-06	-2.014669e-06	-5.687722e-09	-1.405493e+01	-3.689111e+02
2.700000e-06	-2.111157e-06	-6.226709e-09	-1.472805e+01	-4.067459e+02
2.710000e-06	-2.206979e-06	-6.696133e-09	-1.539654e+01	-4.405473e+02
2.720000e-06	-2.302209e-06	-7.104154e-09	-1.606089e+01	-4.702424e+02
2.730000e-06	-2.396746e-06	-7.467458e-09	-1.672041e+01	-4.959692e+02
2.740000e-06	-2.490377e-06	-7.797939e-09	-1.737361e+01	-5.180478e+02
2.750000e-06	-2.582914e-06	-8.095680e-09	-1.801917e+01	-5.369390e+02
2.760000e-06	-2.674384e-06	-8.360447e-09	-1.865729e+01	-5.531930e+02
2.770000e-06	-2.764889e-06	-8.600319e-09	-1.928868e+01	-5.673961e+02
2.780000e-06	-2.854384e-06	-8.829601e-09	-1.991303e+01	-5.801185e+02
2.790000e-06	-2.942850e-06	-9.049618e-09	-2.053019e+01	-5.918686e+02
2.800000e-06	-3.030349e-06	-9.248781e-09	-2.114061e+01	-6.030590e+02
2.810000e-06	-3.116907e-06	-9.426552e-09	-2.174446e+01	-6.139845e+02
2.820000e-06	-3.202292e-06	-9.594984e-09	-2.234014e+01	-6.248153e+02
2.830000e-06	-3.286321e-06	-9.757032e-09	-2.292634e+01	-6.356038e+02
2.840000e-06	-3.369150e-06	-9.907439e-09	-2.350418e+01	-6.463026e+02
2.850000e-06	-3.450903e-06	-1.004733e-08	-2.407452e+01	-6.567922e+02
2.860000e-06	-3.531534e-06	-1.018167e-08	-2.463702e+01	-6.669125e+02
2.870000e-06	-3.611037e-06	-1.031188e-08	-2.519166e+01	-6.764960e+02
2.880000e-06	-3.689281e-06	-1.043443e-08	-2.573751e+01	-6.853970e+02
2.890000e-06	-3.765945e-06	-1.054754e-08	-2.627234e+01	-6.935153e+02
2.900000e-06	-3.841013e-06	-1.065392e-08	-2.679604e+01	-7.008103e+02
2.910000e-06	-3.914654e-06	-1.075658e-08	-2.730978e+01	-7.073066e+02
2.920000e-06	-3.986912e-06	-1.085511e-08	-2.781388e+01	-7.130895e+02
2.930000e-06	-4.057852e-06	-1.094759e-08	-2.830877e+01	-7.182920e+02
2.940000e-06	-4.127257e-06	-1.103552e-08	-2.879296e+01	-7.230770e+02
2.950000e-06	-4.195032e-06	-1.111958e-08	-2.926578e+01	-7.276156e+02
2.960000e-06	-4.261388e-06	-1.119877e-08	-2.972870e+01	-7.320657e+02
2.970000e-06	-4.326301e-06	-1.127676e-08	-3.018155e+01	-7.365535e+02
2.980000e-06	-4.389789e-06	-1.135479e-08	-3.062446e+01	-7.411598e+02
2.990000e-06	-4.451758e-06	-1.142932e-08	-3.105678e+01	-7.459133e+02
3.000000e-06	-4.511937e-06	-1.149969e-08	-3.147660e+01	-7.507911e+02
3.010000e-06	-4.570449e-06	-1.156617e-08	-3.188480e+01	-7.557255e+02
3.020000e-06	-4.627502e-06	-1.162917e-08	-3.228282e+01	-7.606172e+02
3.030000e-06	-4.683029e-06	-1.168919e-08	-3.267019e+01	-7.653507e+02
3.040000e-06	-4.736779e-06	-1.174673e-08	-3.304516e+01	-7.698124e+02
3.050000e-06	-4.788509e-06	-1.180229e-08	-3.340605e+01	-7.739068e+02
3.060000e-06	-4.838291e-06	-1.185549e-08	-3.375335e+01	-7.775691e+02
3.070000e-06	-4.886071e-06	-1.190588e-08	-3.408667e+01	-7.807737e+02
3.080000e-06	-4.931880e-06	-1.195367e-08	-3.440625e+01	-7.835368e+02
3.090000e-06	-4.976035e-06	-1.199742e-08	-3.471429e+01	-7.859123e+02
3.100000e-06	-5.018668e-06	-1.203749e-08	-3.501171e+01	-7.879839e+02
3.110000e-06	-5.059727e-06	-1.207355e-08	-3.529814e+01	-7.898525e+02
3.120000e-06	-5.099100e-06	-1.210938e-08	-3.557283e+01	-7.916218e+02
3.130000e-06	-5.136628e-06	-1.214636e-08	-3.583463e+01	-7.933846e+02
3.140000e-06	-5.172220e-06	-1.218123e-08	-3.608293e+01	-7.952099e+02
3.150000e-06	-5.206011e-06	-1.221202e-08	-3.631867e+01	-7.971351e+02
3.160000e-06	-5.238106e-06	-1.223872e-08	-3.654257e+01	-7.991616e+02
3.170000e-06	-5.268420e-06	-1.226311e-08	-3.675405e+01	-8.012563e+02
3.180000e-06	-5.296734e-06	-1.228656e-08	-3.695158e+01	-8.033574e+02
3.190000e-06	-5.323122e-06	-1.231045e-08	-3.713567e+01	-8.053845e+02
3.200000e-06	-5.347753e-06	-1.233084e-08	-3.730750e+01	-8.072504e+02
3.210000e-06	-5.370546e-06	-1.234605e-08	-3.746651e+01	-8.088739e+02
3.220000e-06	-5.391296e-06	-1.235774e-08	-3.761127e+01	-8.101918e+02
3.230000e-06	-5.410100e-06	-1.236933e-08	-3.774245e+01	-8.111672e+02
3.240000e-06	-5.427138e-06	-1.238109e-08	-3.786131e+01	-8.117950e+02
3.250000e-06	-5.442319e-06	-1.239353e-08	-3.796722e+01	-8.121021e+02
3.260000e-06	-5.455320e-06	-1.240614e-08	-3.805792e+01	-8.121434e+02
3.270000e-06	-5.466080e-06	-1.241670e-08	-3.813298e+01	-8.119939e+02
3.280000e-06	-5.474942e-06	-1.242068e-08	-3.819481e+01	-8.117383e+02
3.290000e-06	-5.481948e-06	-1.241524e-08	-3.824368e+01	-8.114591e+02
3.300000e-06	-5.486869e-06	-1.240562e-08	-3.827802e+01	-8.112254e+02
3.310000e-06	-5.489821e-06	-1.239984e-08	-3.829861e+01	-8.110836e+02
3.320000e-06	-5.491079e-06	-1.239938e-08	-3.830739e+01	-8.110517e+02
