1.455046e+02
1.430407e+02
1.423870e+02
1.417161e+02
1.408658e+02
1.407225e+02
1.374548e+02
1.383843e+02
1.385154e+02
1.372558e+02
1.371486e+02
1.351507e+02
1.363423e+02
1.369444e+02
1.359271e+02
1.357758e+02
1.368507e+02
1.355487e+02
1.368879e+02
1.354968e+02
1.361630e+02
1.357157e+02
1.357984e+02
1.351572e+02
1.369107e+02
1.370137e+02
1.365041e+02
1.382168e+02
1.382058e+02
1.367346e+02
1.371392e+02
1.379112e+02
1.379166e+02
1.376374e+02
1.381735e+02
1.391870e+02
1.387261e+02
1.389079e+02
1.396707e+02
1.395664e+02
1.387878e+02
1.400996e+02
1.403987e+02
1.402484e+02
1.399824e+02
1.408457e+02
1.391854e+02
1.409274e+02
1.398674e+02
1.412195e+02
1.419201e+02
1.411349e+02
1.410781e+02
1.414139e+02
1.414112e+02
1.407155e+02
1.422016e+02
1.411317e+02
1.423458e+02
1.407500e+02
1.419672e+02
1.427566e+02
1.427419e+02
1.398813e+02
1.414290e+02
1.431000e+02
1.431668e+02
1.433466e+02
1.423916e+02
1.431969e+02
1.425762e+02
1.429445e+02
1.423458e+02
1.434161e+02
1.434705e+02
1.425533e+02
1.430739e+02
1.434980e+02
1.434408e+02
1.434436e+02
1.431732e+02
1.447238e+02
1.445495e+02
1.443893e+02
1.437239e+02
1.447021e+02
1.450896e+02
1.435931e+02
1.444127e+02
1.452159e+02
1.444528e+02
1.452331e+02
1.448471e+02
1.450626e+02
1.454947e+02
1.453780e+02
1.446201e+02
1.453689e+02
1.454394e+02
1.462418e+02
1.452731e+02
1.453683e+02
1.457430e+02
1.450227e+02
1.452221e+02
1.457100e+02
1.455125e+02
1.458811e+02
1.450574e+02
1.450073e+02
1.448668e+02
1.453966e+02
1.467799e+02
1.470245e+02
1.464256e+02
1.455478e+02
1.467953e+02
1.448859e+02
1.468447e+02
1.464252e+02
1.465573e+02
1.456882e+02
1.463884e+02
1.459184e+02
1.461492e+02
1.458626e+02
1.460259e+02
1.453847e+02
1.459191e+02
1.463597e+02
1.476262e+02
1.466603e+02
1.466902e+02
1.465386e+02
1.462250e+02
1.467836e+02
1.466750e+02
