# Temperatura_=_28.18
# Concentracion g/m^3_=_18700.0
# C_Vs_to_Am_M_A/Vsm_=_65563218390.804596
# pendiente_HvsI_1/m_=_3716.3
# ordenada_HvsI_A/m_=_1297.0
# frecuencia_Hz_=_301071.48212334176

Tiempo_(s)	Campo_(V.s)	Magnetizacion_(V.s)	Campo_(kA/m)	Magnetizacion_(A/m)
0.000000e+00	-2.937795e-06	-7.891634e-09	-1.977477e+01	-5.147342e+02
1.000000e-08	-2.936665e-06	-7.891585e-09	-1.976716e+01	-5.144872e+02
2.000000e-08	-2.934435e-06	-7.886603e-09	-1.975216e+01	-5.141259e+02
3.000000e-08	-2.930956e-06	-7.880365e-09	-1.972874e+01	-5.136732e+02
4.000000e-08	-2.926492e-06	-7.872219e-09	-1.969869e+01	-5.131218e+02
5.000000e-08	-2.921172e-06	-7.857358e-09	-1.966288e+01	-5.124372e+02
6.000000e-08	-2.914911e-06	-7.829319e-09	-1.962073e+01	-5.115711e+02
7.000000e-08	-2.907642e-06	-7.802508e-09	-1.957181e+01	-5.104827e+02
8.000000e-08	-2.899357e-06	-7.833808e-09	-1.951604e+01	-5.091573e+02
9.000000e-08	-2.889768e-06	-7.871848e-09	-1.945149e+01	-5.076177e+02
1.000000e-07	-2.878608e-06	-7.799387e-09	-1.937637e+01	-5.059206e+02
1.100000e-07	-2.866379e-06	-7.627287e-09	-1.929406e+01	-5.041405e+02
1.200000e-07	-2.853485e-06	-7.634631e-09	-1.920727e+01	-5.023466e+02
1.300000e-07	-2.839596e-06	-7.781305e-09	-1.911378e+01	-5.005792e+02
1.400000e-07	-2.824464e-06	-7.645147e-09	-1.901192e+01	-4.988361e+02
1.500000e-07	-2.808183e-06	-7.496232e-09	-1.890233e+01	-4.970726e+02
1.600000e-07	-2.790743e-06	-7.636109e-09	-1.878494e+01	-4.952153e+02
1.700000e-07	-2.772186e-06	-7.629921e-09	-1.866003e+01	-4.931857e+02
1.800000e-07	-2.752821e-06	-7.426901e-09	-1.852968e+01	-4.909236e+02
1.900000e-07	-2.732756e-06	-7.470343e-09	-1.839462e+01	-4.884043e+02
2.000000e-07	-2.711756e-06	-7.486002e-09	-1.825327e+01	-4.856418e+02
2.100000e-07	-2.689835e-06	-7.261466e-09	-1.810571e+01	-4.826793e+02
2.200000e-07	-2.667139e-06	-7.287210e-09	-1.795294e+01	-4.795699e+02
2.300000e-07	-2.643530e-06	-7.382983e-09	-1.779402e+01	-4.763559e+02
2.400000e-07	-2.619061e-06	-7.191550e-09	-1.762932e+01	-4.730534e+02
2.500000e-07	-2.593725e-06	-7.103658e-09	-1.745878e+01	-4.696482e+02
2.600000e-07	-2.567146e-06	-7.132862e-09	-1.727987e+01	-4.661041e+02
2.700000e-07	-2.539397e-06	-7.037941e-09	-1.709309e+01	-4.623785e+02
2.800000e-07	-2.510857e-06	-6.983846e-09	-1.690099e+01	-4.584407e+02
2.900000e-07	-2.481461e-06	-6.912030e-09	-1.670311e+01	-4.542851e+02
3.000000e-07	-2.451163e-06	-6.820141e-09	-1.649917e+01	-4.499335e+02
3.100000e-07	-2.420086e-06	-6.830329e-09	-1.628999e+01	-4.454284e+02
3.200000e-07	-2.388272e-06	-6.746211e-09	-1.607584e+01	-4.408179e+02
3.300000e-07	-2.355859e-06	-6.595411e-09	-1.585767e+01	-4.361393e+02
3.400000e-07	-2.322810e-06	-6.576552e-09	-1.563521e+01	-4.314076e+02
3.500000e-07	-2.288760e-06	-6.511076e-09	-1.540601e+01	-4.266123e+02
3.600000e-07	-2.253471e-06	-6.399998e-09	-1.516848e+01	-4.217246e+02
3.700000e-07	-2.217198e-06	-6.378363e-09	-1.492432e+01	-4.167096e+02
3.800000e-07	-2.180280e-06	-6.269254e-09	-1.467581e+01	-4.115417e+02
3.900000e-07	-2.142694e-06	-6.145733e-09	-1.442282e+01	-4.062139e+02
4.000000e-07	-2.104341e-06	-6.126623e-09	-1.416466e+01	-4.007412e+02
4.100000e-07	-2.065195e-06	-6.048179e-09	-1.390116e+01	-3.951540e+02
4.200000e-07	-2.025331e-06	-5.906062e-09	-1.363283e+01	-3.894870e+02
4.300000e-07	-1.984913e-06	-5.832524e-09	-1.336077e+01	-3.837664e+02
4.400000e-07	-1.943937e-06	-5.771888e-09	-1.308495e+01	-3.780008e+02
4.500000e-07	-1.902183e-06	-5.675807e-09	-1.280390e+01	-3.721790e+02
4.600000e-07	-1.859399e-06	-5.576585e-09	-1.251592e+01	-3.662753e+02
4.700000e-07	-1.815672e-06	-5.473403e-09	-1.222158e+01	-3.602595e+02
4.800000e-07	-1.771348e-06	-5.383701e-09	-1.192323e+01	-3.541079e+02
4.900000e-07	-1.726619e-06	-5.304656e-09	-1.162215e+01	-3.478121e+02
5.000000e-07	-1.681382e-06	-5.206389e-09	-1.131765e+01	-3.413804e+02
5.100000e-07	-1.635503e-06	-5.087328e-09	-1.100884e+01	-3.348343e+02
5.200000e-07	-1.589038e-06	-4.990062e-09	-1.069607e+01	-3.281995e+02
5.300000e-07	-1.541955e-06	-4.899595e-09	-1.037915e+01	-3.214970e+02
5.400000e-07	-1.494266e-06	-4.800608e-09	-1.005814e+01	-3.147353e+02
5.500000e-07	-1.446135e-06	-4.690843e-09	-9.734170e+00	-3.079087e+02
5.600000e-07	-1.397605e-06	-4.571577e-09	-9.407507e+00	-3.010008e+02
5.700000e-07	-1.348604e-06	-4.472891e-09	-9.077669e+00	-2.939913e+02
5.800000e-07	-1.298923e-06	-4.380829e-09	-8.743263e+00	-2.868642e+02
5.900000e-07	-1.248409e-06	-4.262766e-09	-8.403240e+00	-2.796143e+02
6.000000e-07	-1.197150e-06	-4.135723e-09	-8.058211e+00	-2.722488e+02
6.100000e-07	-1.145313e-06	-4.030666e-09	-7.709288e+00	-2.647850e+02
6.200000e-07	-1.093078e-06	-3.924552e-09	-7.357686e+00	-2.572442e+02
6.300000e-07	-1.040561e-06	-3.802486e-09	-7.004182e+00	-2.496447e+02
6.400000e-07	-9.877116e-07	-3.675459e-09	-6.648446e+00	-2.419963e+02
6.500000e-07	-9.344324e-07	-3.558957e-09	-6.289815e+00	-2.342978e+02
6.600000e-07	-8.807564e-07	-3.454198e-09	-5.928513e+00	-2.265391e+02
6.700000e-07	-8.267740e-07	-3.341300e-09	-5.565149e+00	-2.187064e+02
6.800000e-07	-7.725439e-07	-3.211796e-09	-5.200117e+00	-2.107878e+02
6.900000e-07	-7.181152e-07	-3.077473e-09	-4.833749e+00	-2.027789e+02
7.000000e-07	-6.635112e-07	-2.955091e-09	-4.466201e+00	-1.946850e+02
7.100000e-07	-6.086901e-07	-2.833319e-09	-4.097191e+00	-1.865199e+02
7.200000e-07	-5.535992e-07	-2.704081e-09	-3.726366e+00	-1.783009e+02
7.300000e-07	-4.982825e-07	-2.573981e-09	-3.354020e+00	-1.700434e+02
7.400000e-07	-4.427278e-07	-2.453626e-09	-2.980072e+00	-1.617546e+02
7.500000e-07	-3.869518e-07	-2.338342e-09	-2.604635e+00	-1.534308e+02
7.600000e-07	-3.310041e-07	-2.209495e-09	-2.228042e+00	-1.450578e+02
7.700000e-07	-2.749571e-07	-2.066180e-09	-1.850780e+00	-1.366149e+02
7.800000e-07	-2.188840e-07	-1.926826e-09	-1.473343e+00	-1.280814e+02
7.900000e-07	-1.627590e-07	-1.800569e-09	-1.095557e+00	-1.194435e+02
8.000000e-07	-1.065866e-07	-1.673079e-09	-7.174516e-01	-1.106991e+02
8.100000e-07	-5.042077e-08	-1.538528e-09	-3.393903e-01	-1.018590e+02
8.200000e-07	5.753531e-09	-1.402201e-09	3.872795e-02	-9.294413e+01
8.300000e-07	6.197297e-08	-1.270022e-09	4.171501e-01	-8.397947e+01
8.400000e-07	1.181542e-07	-1.135725e-09	7.953151e-01	-7.498569e+01
8.500000e-07	1.742683e-07	-9.925899e-10	1.173028e+00	-6.597252e+01
8.600000e-07	2.303493e-07	-8.460245e-10	1.550518e+00	-5.693503e+01
8.700000e-07	2.863838e-07	-7.079308e-10	1.927695e+00	-4.785446e+01
8.800000e-07	3.423292e-07	-5.767153e-10	2.304273e+00	-3.870365e+01
8.900000e-07	3.981665e-07	-4.377732e-10	2.680123e+00	-2.945512e+01
9.000000e-07	4.538235e-07	-2.903511e-10	3.054759e+00	-2.008933e+01
9.100000e-07	5.092697e-07	-1.423949e-10	3.427976e+00	-1.060036e+01
9.200000e-07	5.645184e-07	1.970399e-12	3.799864e+00	-9.969804e-01
9.300000e-07	6.195356e-07	1.503168e-10	4.170194e+00	8.701216e+00
9.400000e-07	6.743208e-07	3.044651e-10	4.538962e+00	1.847133e+01
9.500000e-07	7.288792e-07	4.572133e-10	4.906203e+00	2.829560e+01
9.600000e-07	7.832432e-07	6.029868e-10	5.272136e+00	3.816776e+01
9.700000e-07	8.373646e-07	7.464909e-10	5.636436e+00	4.809499e+01
9.800000e-07	8.911813e-07	8.990865e-10	5.998685e+00	5.809467e+01
9.900000e-07	9.446591e-07	1.057404e-09	6.358653e+00	6.818711e+01
1.000000e-06	9.977322e-07	1.213697e-09	6.715896e+00	7.838699e+01
1.010000e-06	1.050426e-06	1.368322e-09	7.070589e+00	8.869677e+01
1.020000e-06	1.102782e-06	1.527212e-09	7.423001e+00	9.910449e+01
1.030000e-06	1.154774e-06	1.690231e-09	7.772967e+00	1.095870e+02
1.040000e-06	1.206291e-06	1.851577e-09	8.119742e+00	1.201172e+02
1.050000e-06	1.257137e-06	2.009160e-09	8.461994e+00	1.306732e+02
1.060000e-06	1.307194e-06	2.168486e-09	8.798934e+00	1.412443e+02
1.070000e-06	1.356501e-06	2.333034e-09	9.130825e+00	1.518338e+02
1.080000e-06	1.405253e-06	2.498141e-09	9.458985e+00	1.624544e+02
1.090000e-06	1.453643e-06	2.660133e-09	9.784706e+00	1.731212e+02
1.100000e-06	1.501678e-06	2.822242e-09	1.010804e+01	1.838423e+02
1.110000e-06	1.549248e-06	2.988942e-09	1.042823e+01	1.946120e+02
1.120000e-06	1.596267e-06	3.157402e-09	1.074473e+01	2.054097e+02
1.130000e-06	1.642681e-06	3.320712e-09	1.105715e+01	2.162037e+02
1.140000e-06	1.688456e-06	3.480325e-09	1.136527e+01	2.269600e+02
1.150000e-06	1.733624e-06	3.643038e-09	1.166930e+01	2.376516e+02
1.160000e-06	1.778295e-06	3.808477e-09	1.196999e+01	2.482647e+02
1.170000e-06	1.822608e-06	3.971783e-09	1.226827e+01	2.587996e+02
1.180000e-06	1.866436e-06	4.130628e-09	1.256328e+01	2.692654e+02
1.190000e-06	1.909417e-06	4.288257e-09	1.285259e+01	2.796712e+02
1.200000e-06	1.951391e-06	4.448280e-09	1.313513e+01	2.900159e+02
1.210000e-06	1.992436e-06	4.607262e-09	1.341141e+01	3.002826e+02
1.220000e-06	2.032808e-06	4.760319e-09	1.368316e+01	3.104384e+02
1.230000e-06	2.072670e-06	4.908205e-09	1.395148e+01	3.204412e+02
1.240000e-06	2.111889e-06	5.055504e-09	1.421546e+01	3.302494e+02
1.250000e-06	2.150387e-06	5.203855e-09	1.447460e+01	3.398321e+02
1.260000e-06	2.188112e-06	5.347598e-09	1.472853e+01	3.491748e+02
1.270000e-06	2.225068e-06	5.485314e-09	1.497729e+01	3.582784e+02
1.280000e-06	2.261454e-06	5.617948e-09	1.522221e+01	3.671521e+02
1.290000e-06	2.297184e-06	5.747884e-09	1.546272e+01	3.758031e+02
1.300000e-06	2.331934e-06	5.874896e-09	1.569663e+01	3.842274e+02
1.310000e-06	2.365514e-06	5.996203e-09	1.592265e+01	3.924052e+02
1.320000e-06	2.398147e-06	6.113135e-09	1.614232e+01	4.003052e+02
1.330000e-06	2.430085e-06	6.227414e-09	1.635729e+01	4.078933e+02
1.340000e-06	2.461223e-06	6.338723e-09	1.656688e+01	4.151452e+02
1.350000e-06	2.491512e-06	6.444280e-09	1.677077e+01	4.220564e+02
1.360000e-06	2.520997e-06	6.542719e-09	1.696924e+01	4.286454e+02
1.370000e-06	2.549758e-06	6.637296e-09	1.716283e+01	4.349486e+02
1.380000e-06	2.577820e-06	6.730356e-09	1.735172e+01	4.410083e+02
1.390000e-06	2.604899e-06	6.819812e-09	1.753400e+01	4.468583e+02
1.400000e-06	2.630663e-06	6.903769e-09	1.770742e+01	4.525123e+02
1.410000e-06	2.655303e-06	6.982774e-09	1.787327e+01	4.579600e+02
1.420000e-06	2.679065e-06	7.059165e-09	1.803321e+01	4.631726e+02
1.430000e-06	2.701950e-06	7.133310e-09	1.818726e+01	4.681157e+02
1.440000e-06	2.723928e-06	7.204523e-09	1.833520e+01	4.727639e+02
1.450000e-06	2.745064e-06	7.270972e-09	1.847747e+01	4.771124e+02
1.460000e-06	2.765505e-06	7.331855e-09	1.861506e+01	4.811805e+02
1.470000e-06	2.785074e-06	7.388141e-09	1.874678e+01	4.850044e+02
1.480000e-06	2.803550e-06	7.440471e-09	1.887115e+01	4.886235e+02
1.490000e-06	2.821046e-06	7.489744e-09	1.898892e+01	4.920646e+02
1.500000e-06	2.837545e-06	7.535964e-09	1.909997e+01	4.953311e+02
1.510000e-06	2.852929e-06	7.580599e-09	1.920352e+01	4.984001e+02
1.520000e-06	2.867227e-06	7.623341e-09	1.929976e+01	5.012320e+02
1.530000e-06	2.880414e-06	7.661427e-09	1.938853e+01	5.037858e+02
1.540000e-06	2.892482e-06	7.693346e-09	1.946976e+01	5.060365e+02
1.550000e-06	2.903287e-06	7.720553e-09	1.954249e+01	5.079870e+02
1.560000e-06	2.912770e-06	7.746174e-09	1.960633e+01	5.096701e+02
1.570000e-06	2.921167e-06	7.769247e-09	1.966285e+01	5.111385e+02
1.580000e-06	2.928630e-06	7.788774e-09	1.971308e+01	5.124481e+02
1.590000e-06	2.935134e-06	7.805615e-09	1.975686e+01	5.136389e+02
1.600000e-06	2.940686e-06	7.821145e-09	1.979423e+01	5.147231e+02
1.610000e-06	2.945404e-06	7.835092e-09	1.982599e+01	5.156825e+02
1.620000e-06	2.949164e-06	7.846278e-09	1.985130e+01	5.164786e+02
1.630000e-06	2.951673e-06	7.854840e-09	1.986818e+01	5.170694e+02
1.640000e-06	2.952941e-06	7.860325e-09	1.987672e+01	5.174281e+02
1.650000e-06	2.953205e-06	7.863663e-09	1.987850e+01	5.175546e+02
1.660000e-06	2.952584e-06	7.864213e-09	1.987432e+01	5.174765e+02
1.670000e-06	2.951015e-06	7.860275e-09	1.986376e+01	5.172382e+02
1.680000e-06	2.948508e-06	7.854778e-09	1.984688e+01	5.168832e+02
1.690000e-06	2.945227e-06	7.848272e-09	1.982480e+01	5.164359e+02
1.700000e-06	2.941141e-06	7.839571e-09	1.979730e+01	5.158916e+02
1.710000e-06	2.935871e-06	7.832223e-09	1.976182e+01	5.152172e+02
1.720000e-06	2.929379e-06	7.840697e-09	1.971812e+01	5.143648e+02
1.730000e-06	2.922024e-06	7.820911e-09	1.966861e+01	5.132922e+02
1.740000e-06	2.913743e-06	7.723408e-09	1.961287e+01	5.119826e+02
1.750000e-06	2.903936e-06	7.660588e-09	1.954686e+01	5.104559e+02
1.760000e-06	2.892463e-06	7.769305e-09	1.946963e+01	5.087668e+02
1.770000e-06	2.880228e-06	7.819720e-09	1.938728e+01	5.069892e+02
1.780000e-06	2.867871e-06	7.654115e-09	1.930410e+01	5.051936e+02
1.790000e-06	2.854565e-06	7.551546e-09	1.921454e+01	5.034230e+02
1.800000e-06	2.839539e-06	7.707440e-09	1.911339e+01	5.016783e+02
1.810000e-06	2.823490e-06	7.661815e-09	1.900537e+01	4.999176e+02
1.820000e-06	2.806886e-06	7.442556e-09	1.889360e+01	4.980688e+02
1.830000e-06	2.789053e-06	7.568539e-09	1.877356e+01	4.960530e+02
1.840000e-06	2.770017e-06	7.614668e-09	1.864543e+01	4.938079e+02
1.850000e-06	2.750342e-06	7.365522e-09	1.851300e+01	4.913061e+02
1.860000e-06	2.729575e-06	7.426186e-09	1.837321e+01	4.885589e+02
1.870000e-06	2.707353e-06	7.541651e-09	1.822363e+01	4.856080e+02
1.880000e-06	2.684177e-06	7.276571e-09	1.806763e+01	4.825066e+02
1.890000e-06	2.660136e-06	7.223681e-09	1.790580e+01	4.792983e+02
1.900000e-06	2.635147e-06	7.352024e-09	1.773760e+01	4.760013e+02
1.910000e-06	2.609487e-06	7.214517e-09	1.756488e+01	4.726037e+02
1.920000e-06	2.583033e-06	7.128485e-09	1.738681e+01	4.690700e+02
1.930000e-06	2.555756e-06	7.134734e-09	1.720321e+01	4.653577e+02
1.940000e-06	2.527734e-06	7.009854e-09	1.701459e+01	4.614348e+02
1.950000e-06	2.498480e-06	7.010061e-09	1.681767e+01	4.572934e+02
1.960000e-06	2.467933e-06	6.933272e-09	1.661206e+01	4.529537e+02
1.970000e-06	2.436517e-06	6.751846e-09	1.640059e+01	4.484571e+02
1.980000e-06	2.404288e-06	6.812710e-09	1.618365e+01	4.438518e+02
1.990000e-06	2.371297e-06	6.751337e-09	1.596158e+01	4.391764e+02
2.000000e-06	2.337573e-06	6.568269e-09	1.573458e+01	4.344476e+02
2.010000e-06	2.303008e-06	6.588198e-09	1.550192e+01	4.296568e+02
2.020000e-06	2.267805e-06	6.485058e-09	1.526496e+01	4.247760e+02
2.030000e-06	2.231937e-06	6.345139e-09	1.502353e+01	4.197703e+02
2.040000e-06	2.194998e-06	6.375456e-09	1.477488e+01	4.146128e+02
2.050000e-06	2.156972e-06	6.257124e-09	1.451892e+01	4.092954e+02
2.060000e-06	2.118160e-06	6.119266e-09	1.425767e+01	4.038312e+02
2.070000e-06	2.078722e-06	6.092924e-09	1.399221e+01	3.982502e+02
2.080000e-06	2.038633e-06	5.999687e-09	1.372237e+01	3.925870e+02
2.090000e-06	1.997820e-06	5.901750e-09	1.344765e+01	3.868688e+02
2.100000e-06	1.956371e-06	5.809655e-09	1.316865e+01	3.811057e+02
2.110000e-06	1.914298e-06	5.716919e-09	1.288545e+01	3.752878e+02
2.120000e-06	1.871551e-06	5.654959e-09	1.259771e+01	3.693901e+02
2.130000e-06	1.828292e-06	5.554158e-09	1.230652e+01	3.633823e+02
2.140000e-06	1.784578e-06	5.446877e-09	1.201228e+01	3.572400e+02
2.150000e-06	1.740324e-06	5.355637e-09	1.171440e+01	3.509535e+02
2.160000e-06	1.695350e-06	5.263640e-09	1.141167e+01	3.445301e+02
2.170000e-06	1.649652e-06	5.173975e-09	1.110407e+01	3.379904e+02
2.180000e-06	1.603492e-06	5.059807e-09	1.079336e+01	3.313603e+02
2.190000e-06	1.556847e-06	4.952703e-09	1.047939e+01	3.246613e+02
2.200000e-06	1.509561e-06	4.852858e-09	1.016110e+01	3.179029e+02
2.210000e-06	1.461589e-06	4.749094e-09	9.838192e+00	3.110805e+02
2.220000e-06	1.412921e-06	4.657312e-09	9.510600e+00	3.041783e+02
2.230000e-06	1.363743e-06	4.532109e-09	9.179576e+00	2.971757e+02
2.240000e-06	1.314214e-06	4.420024e-09	8.846185e+00	2.900565e+02
2.250000e-06	1.264201e-06	4.332427e-09	8.509539e+00	2.828144e+02
2.260000e-06	1.213675e-06	4.211275e-09	8.169443e+00	2.754558e+02
2.270000e-06	1.162739e-06	4.089539e-09	7.826581e+00	2.679974e+02
2.280000e-06	1.111425e-06	3.974480e-09	7.481180e+00	2.604606e+02
2.290000e-06	1.059701e-06	3.866192e-09	7.133019e+00	2.528640e+02
2.300000e-06	1.007423e-06	3.756866e-09	6.781125e+00	2.452180e+02
2.310000e-06	9.545398e-07	3.629100e-09	6.425161e+00	2.375225e+02
2.320000e-06	9.010487e-07	3.507443e-09	6.065104e+00	2.297677e+02
2.330000e-06	8.470305e-07	3.393509e-09	5.701499e+00	2.219398e+02
2.340000e-06	7.925804e-07	3.277406e-09	5.334986e+00	2.140267e+02
2.350000e-06	7.377500e-07	3.156474e-09	4.965914e+00	2.060233e+02
2.360000e-06	6.827121e-07	3.027228e-09	4.595445e+00	1.979343e+02
2.370000e-06	6.275350e-07	2.906837e-09	4.224039e+00	1.897728e+02
2.380000e-06	5.722170e-07	2.787949e-09	3.851685e+00	1.815562e+02
2.390000e-06	5.168205e-07	2.659521e-09	3.478802e+00	1.733002e+02
2.400000e-06	4.613197e-07	2.528530e-09	3.105217e+00	1.650127e+02
2.410000e-06	4.057194e-07	2.396812e-09	2.730963e+00	1.566909e+02
2.420000e-06	3.500275e-07	2.275047e-09	2.356092e+00	1.483212e+02
2.430000e-06	2.942115e-07	2.152767e-09	1.980385e+00	1.398832e+02
2.440000e-06	2.383372e-07	2.021571e-09	1.604286e+00	1.313559e+02
2.450000e-06	1.823803e-07	1.888361e-09	1.227631e+00	1.227248e+02
2.460000e-06	1.263173e-07	1.754767e-09	8.502618e-01	1.139869e+02
2.470000e-06	7.022493e-08	1.622794e-09	4.726953e-01	1.051521e+02
2.480000e-06	1.411751e-08	1.485443e-09	9.502723e-02	9.624090e+01
2.490000e-06	-4.199910e-08	1.344372e-09	-2.827027e-01	8.727813e+01
2.500000e-06	-9.808639e-08	1.207986e-09	-6.602353e-01	7.828507e+01
2.510000e-06	-1.540843e-07	1.074378e-09	-1.037166e+00	6.927240e+01
2.520000e-06	-2.100460e-07	9.374645e-10	-1.413854e+00	6.023624e+01
2.530000e-06	-2.659749e-07	7.940616e-10	-1.790320e+00	5.115872e+01
2.540000e-06	-3.217688e-07	6.498724e-10	-2.165878e+00	4.201301e+01
2.550000e-06	-3.774949e-07	5.117408e-10	-2.540979e+00	3.277136e+01
2.560000e-06	-4.331004e-07	3.735346e-10	-2.915269e+00	2.341344e+01
2.570000e-06	-4.885443e-07	2.296334e-10	-3.288470e+00	1.393226e+01
2.580000e-06	-5.439153e-07	8.232145e-11	-3.661181e+00	4.335622e+00
2.590000e-06	-5.991894e-07	-6.581433e-11	-4.033240e+00	-5.357449e+00
2.600000e-06	-6.543557e-07	-2.135822e-10	-4.404573e+00	-1.512400e+01
2.610000e-06	-7.093839e-07	-3.640574e-10	-4.774977e+00	-2.494564e+01
2.620000e-06	-7.641766e-07	-5.165543e-10	-5.143796e+00	-3.481518e+01
2.630000e-06	-8.186069e-07	-6.690742e-10	-5.510175e+00	-4.473887e+01
2.640000e-06	-8.726058e-07	-8.213229e-10	-5.873650e+00	-5.473356e+01
2.650000e-06	-9.260916e-07	-9.750067e-10	-6.233672e+00	-6.481965e+01
2.660000e-06	-9.789936e-07	-1.131368e-09	-6.589763e+00	-7.501249e+01
2.670000e-06	-1.031392e-06	-1.288841e-09	-6.942464e+00	-8.531553e+01
2.680000e-06	-1.083301e-06	-1.447660e-09	-7.291871e+00	-9.571779e+01
2.690000e-06	-1.134757e-06	-1.607595e-09	-7.638229e+00	-1.061967e+02
2.700000e-06	-1.185833e-06	-1.767693e-09	-7.982034e+00	-1.167253e+02
2.710000e-06	-1.236453e-06	-1.928119e-09	-8.322765e+00	-1.272808e+02
2.720000e-06	-1.286602e-06	-2.089225e-09	-8.660324e+00	-1.378518e+02
2.730000e-06	-1.336278e-06	-2.250646e-09	-8.994699e+00	-1.484404e+02
2.740000e-06	-1.385460e-06	-2.413234e-09	-9.325757e+00	-1.590592e+02
2.750000e-06	-1.434055e-06	-2.575537e-09	-9.652852e+00	-1.697232e+02
2.760000e-06	-1.481842e-06	-2.737020e-09	-9.974518e+00	-1.804413e+02
2.770000e-06	-1.528836e-06	-2.900087e-09	-1.029084e+01	-1.912089e+02
2.780000e-06	-1.575131e-06	-3.064831e-09	-1.060246e+01	-2.020064e+02
2.790000e-06	-1.620885e-06	-3.230755e-09	-1.091044e+01	-2.128027e+02
2.800000e-06	-1.666272e-06	-3.395375e-09	-1.121595e+01	-2.235636e+02
2.810000e-06	-1.711224e-06	-3.557181e-09	-1.151853e+01	-2.342614e+02
2.820000e-06	-1.755616e-06	-3.717241e-09	-1.181734e+01	-2.448811e+02
2.830000e-06	-1.799426e-06	-3.878072e-09	-1.211223e+01	-2.554222e+02
2.840000e-06	-1.842768e-06	-4.039565e-09	-1.240397e+01	-2.658935e+02
2.850000e-06	-1.885672e-06	-4.198496e-09	-1.269276e+01	-2.763043e+02
2.860000e-06	-1.927964e-06	-4.353802e-09	-1.297744e+01	-2.866546e+02
2.870000e-06	-1.969588e-06	-4.509768e-09	-1.325761e+01	-2.969286e+02
2.880000e-06	-2.010563e-06	-4.668674e-09	-1.353342e+01	-3.070946e+02
2.890000e-06	-2.050844e-06	-4.824545e-09	-1.380456e+01	-3.171106e+02
2.900000e-06	-2.090488e-06	-4.972557e-09	-1.407141e+01	-3.269348e+02
2.910000e-06	-2.129545e-06	-5.116393e-09	-1.433431e+01	-3.365352e+02
2.920000e-06	-2.167783e-06	-5.261409e-09	-1.459170e+01	-3.458960e+02
2.930000e-06	-2.204906e-06	-5.404930e-09	-1.484157e+01	-3.550173e+02
2.940000e-06	-2.241007e-06	-5.542199e-09	-1.508458e+01	-3.639080e+02
2.950000e-06	-2.276395e-06	-5.673289e-09	-1.532278e+01	-3.725758e+02
2.960000e-06	-2.311136e-06	-5.802877e-09	-1.555663e+01	-3.810176e+02
2.970000e-06	-2.345105e-06	-5.932439e-09	-1.578528e+01	-3.892149e+02
2.980000e-06	-2.378273e-06	-6.058535e-09	-1.600854e+01	-3.971368e+02
2.990000e-06	-2.410638e-06	-6.176235e-09	-1.622639e+01	-4.047490e+02
3.000000e-06	-2.442242e-06	-6.285960e-09	-1.643913e+01	-4.120262e+02
3.010000e-06	-2.473105e-06	-6.391030e-09	-1.664687e+01	-4.189623e+02
3.020000e-06	-2.502960e-06	-6.494225e-09	-1.684782e+01	-4.255741e+02
3.030000e-06	-2.531614e-06	-6.593432e-09	-1.704070e+01	-4.318972e+02
3.040000e-06	-2.559265e-06	-6.686619e-09	-1.722683e+01	-4.379738e+02
3.050000e-06	-2.586096e-06	-6.776479e-09	-1.740743e+01	-4.438390e+02
3.060000e-06	-2.612048e-06	-6.864619e-09	-1.758212e+01	-4.495079e+02
3.070000e-06	-2.637054e-06	-6.950556e-09	-1.775044e+01	-4.549720e+02
3.080000e-06	-2.661184e-06	-7.031625e-09	-1.791286e+01	-4.602035e+02
3.090000e-06	-2.684566e-06	-7.108415e-09	-1.807025e+01	-4.651677e+02
3.100000e-06	-2.707054e-06	-7.182194e-09	-1.822162e+01	-4.698383e+02
3.110000e-06	-2.728326e-06	-7.251505e-09	-1.836480e+01	-4.742087e+02
3.120000e-06	-2.748395e-06	-7.314811e-09	-1.849989e+01	-4.782967e+02
3.130000e-06	-2.767595e-06	-7.372729e-09	-1.862913e+01	-4.821375e+02
3.140000e-06	-2.785953e-06	-7.428207e-09	-1.875270e+01	-4.857710e+02
3.150000e-06	-2.803321e-06	-7.483312e-09	-1.886960e+01	-4.892253e+02
3.160000e-06	-2.819760e-06	-7.537405e-09	-1.898026e+01	-4.925055e+02
3.170000e-06	-2.835327e-06	-7.589197e-09	-1.908505e+01	-4.955908e+02
3.180000e-06	-2.849912e-06	-7.636975e-09	-1.918322e+01	-4.984420e+02
3.190000e-06	-2.863221e-06	-7.678785e-09	-1.927280e+01	-5.010176e+02
3.200000e-06	-2.875197e-06	-7.712375e-09	-1.935342e+01	-5.032910e+02
3.210000e-06	-2.886045e-06	-7.740479e-09	-1.942643e+01	-5.052631e+02
3.220000e-06	-2.895881e-06	-7.765489e-09	-1.949264e+01	-5.069646e+02
3.230000e-06	-2.904735e-06	-7.789438e-09	-1.955224e+01	-5.084473e+02
3.240000e-06	-2.912669e-06	-7.812984e-09	-1.960565e+01	-5.097675e+02
3.250000e-06	-2.919717e-06	-7.833465e-09	-1.965308e+01	-5.109669e+02
3.260000e-06	-2.925615e-06	-7.851752e-09	-1.969278e+01	-5.120599e+02
3.270000e-06	-2.930152e-06	-7.869078e-09	-1.972332e+01	-5.130302e+02
3.280000e-06	-2.933635e-06	-7.880990e-09	-1.974677e+01	-5.138402e+02
3.290000e-06	-2.936279e-06	-7.886076e-09	-1.976457e+01	-5.144477e+02
3.300000e-06	-2.937998e-06	-7.888683e-09	-1.977614e+01	-5.148243e+02
3.310000e-06	-2.938673e-06	-7.889803e-09	-1.978068e+01	-5.149677e+02
3.320000e-06	-2.938434e-06	-7.890045e-09	-1.977907e+01	-5.149037e+02
