# Temperatura_=_28.88
# Concentracion g/m^3_=_18700.0
# C_Vs_to_Am_M_A/Vsm_=_65563218390.804596
# pendiente_HvsI_1/m_=_3716.3
# ordenada_HvsI_A/m_=_1297.0
# frecuencia_Hz_=_301073.0065759562

Tiempo_(s)	Campo_(V.s)	Magnetizacion_(V.s)	Campo_(kA/m)	Magnetizacion_(A/m)
0.000000e+00	-2.933590e-06	-7.901167e-09	-1.977571e+01	-5.156361e+02
1.000000e-08	-2.932437e-06	-7.898917e-09	-1.976794e+01	-5.155070e+02
2.000000e-08	-2.930086e-06	-7.892181e-09	-1.975209e+01	-5.152488e+02
3.000000e-08	-2.926550e-06	-7.884028e-09	-1.972825e+01	-5.148570e+02
4.000000e-08	-2.922134e-06	-7.873828e-09	-1.969849e+01	-5.143132e+02
5.000000e-08	-2.916884e-06	-7.861904e-09	-1.966309e+01	-5.135920e+02
6.000000e-08	-2.910711e-06	-7.846762e-09	-1.962148e+01	-5.126701e+02
7.000000e-08	-2.903538e-06	-7.840591e-09	-1.957313e+01	-5.115381e+02
8.000000e-08	-2.895214e-06	-7.849604e-09	-1.951702e+01	-5.102063e+02
9.000000e-08	-2.885456e-06	-7.821632e-09	-1.945123e+01	-5.087060e+02
1.000000e-07	-2.874256e-06	-7.728612e-09	-1.937574e+01	-5.070818e+02
1.100000e-07	-2.862105e-06	-7.674115e-09	-1.929382e+01	-5.053803e+02
1.200000e-07	-2.849190e-06	-7.743234e-09	-1.920676e+01	-5.036362e+02
1.300000e-07	-2.835250e-06	-7.742766e-09	-1.911279e+01	-5.018629e+02
1.400000e-07	-2.820151e-06	-7.586875e-09	-1.901100e+01	-5.000491e+02
1.500000e-07	-2.803900e-06	-7.582762e-09	-1.890146e+01	-4.981630e+02
1.600000e-07	-2.786487e-06	-7.689204e-09	-1.878407e+01	-4.961629e+02
1.700000e-07	-2.768061e-06	-7.548519e-09	-1.865986e+01	-4.940090e+02
1.800000e-07	-2.748845e-06	-7.445666e-09	-1.853032e+01	-4.916745e+02
1.900000e-07	-2.728830e-06	-7.544082e-09	-1.839540e+01	-4.891498e+02
2.000000e-07	-2.707840e-06	-7.439416e-09	-1.825390e+01	-4.864411e+02
2.100000e-07	-2.685959e-06	-7.297267e-09	-1.810640e+01	-4.835635e+02
2.200000e-07	-2.663266e-06	-7.392054e-09	-1.795342e+01	-4.805325e+02
2.300000e-07	-2.639648e-06	-7.350738e-09	-1.779421e+01	-4.773564e+02
2.400000e-07	-2.615256e-06	-7.163462e-09	-1.762978e+01	-4.740334e+02
2.500000e-07	-2.589979e-06	-7.163494e-09	-1.745939e+01	-4.705540e+02
2.600000e-07	-2.563445e-06	-7.147354e-09	-1.728052e+01	-4.669066e+02
2.700000e-07	-2.535823e-06	-7.040403e-09	-1.709431e+01	-4.630844e+02
2.800000e-07	-2.507363e-06	-7.009376e-09	-1.690246e+01	-4.590900e+02
2.900000e-07	-2.478020e-06	-6.938252e-09	-1.670466e+01	-4.549363e+02
3.000000e-07	-2.447802e-06	-6.852402e-09	-1.650095e+01	-4.506430e+02
3.100000e-07	-2.416810e-06	-6.842796e-09	-1.629203e+01	-4.462302e+02
3.200000e-07	-2.385076e-06	-6.732109e-09	-1.607811e+01	-4.417125e+02
3.300000e-07	-2.352702e-06	-6.622623e-09	-1.585987e+01	-4.370950e+02
3.400000e-07	-2.319599e-06	-6.613632e-09	-1.563672e+01	-4.323734e+02
3.500000e-07	-2.285436e-06	-6.524399e-09	-1.540642e+01	-4.275381e+02
3.600000e-07	-2.250136e-06	-6.435888e-09	-1.516846e+01	-4.225796e+02
3.700000e-07	-2.213975e-06	-6.392243e-09	-1.492469e+01	-4.174945e+02
3.800000e-07	-2.177154e-06	-6.269890e-09	-1.467648e+01	-4.122873e+02
3.900000e-07	-2.139624e-06	-6.176482e-09	-1.442348e+01	-4.069702e+02
4.000000e-07	-2.101320e-06	-6.149178e-09	-1.416527e+01	-4.015585e+02
4.100000e-07	-2.062226e-06	-6.043482e-09	-1.390173e+01	-3.960651e+02
4.200000e-07	-2.022442e-06	-5.929196e-09	-1.363354e+01	-3.904963e+02
4.300000e-07	-1.982115e-06	-5.872339e-09	-1.336170e+01	-3.848496e+02
4.400000e-07	-1.941225e-06	-5.795776e-09	-1.308605e+01	-3.791155e+02
4.500000e-07	-1.899545e-06	-5.693791e-09	-1.280508e+01	-3.732812e+02
4.600000e-07	-1.856871e-06	-5.593419e-09	-1.251741e+01	-3.673360e+02
4.700000e-07	-1.813275e-06	-5.496421e-09	-1.222353e+01	-3.612744e+02
4.800000e-07	-1.769031e-06	-5.413514e-09	-1.192527e+01	-3.550978e+02
4.900000e-07	-1.724286e-06	-5.330302e-09	-1.162364e+01	-3.488129e+02
5.000000e-07	-1.679018e-06	-5.218644e-09	-1.131848e+01	-3.424279e+02
5.100000e-07	-1.633167e-06	-5.111157e-09	-1.100939e+01	-3.359496e+02
5.200000e-07	-1.586675e-06	-5.021287e-09	-1.069598e+01	-3.293804e+02
5.300000e-07	-1.539616e-06	-4.922977e-09	-1.037875e+01	-3.227183e+02
5.400000e-07	-1.492092e-06	-4.817447e-09	-1.005838e+01	-3.159592e+02
5.500000e-07	-1.444076e-06	-4.708307e-09	-9.734704e+00	-3.090992e+02
5.600000e-07	-1.395556e-06	-4.596689e-09	-9.407623e+00	-3.021374e+02
5.700000e-07	-1.346521e-06	-4.500472e-09	-9.077076e+00	-2.950765e+02
5.800000e-07	-1.296858e-06	-4.402874e-09	-8.742287e+00	-2.879220e+02
5.900000e-07	-1.246444e-06	-4.278630e-09	-8.402445e+00	-2.806798e+02
6.000000e-07	-1.195312e-06	-4.159112e-09	-8.057756e+00	-2.733536e+02
6.100000e-07	-1.143561e-06	-4.056010e-09	-7.708896e+00	-2.659437e+02
6.200000e-07	-1.091354e-06	-3.945663e-09	-7.356960e+00	-2.584475e+02
6.300000e-07	-1.038802e-06	-3.821993e-09	-7.002697e+00	-2.508617e+02
6.400000e-07	-9.859177e-07	-3.699713e-09	-6.646200e+00	-2.431851e+02
6.500000e-07	-9.326722e-07	-3.587320e-09	-6.287264e+00	-2.354212e+02
6.600000e-07	-8.790804e-07	-3.474515e-09	-5.925996e+00	-2.275783e+02
6.700000e-07	-8.252297e-07	-3.350888e-09	-5.562981e+00	-2.196684e+02
6.800000e-07	-7.710947e-07	-3.219864e-09	-5.198049e+00	-2.117037e+02
6.900000e-07	-7.166897e-07	-3.095372e-09	-4.831299e+00	-2.036934e+02
7.000000e-07	-6.621152e-07	-2.976958e-09	-4.463405e+00	-1.956407e+02
7.100000e-07	-6.073371e-07	-2.854345e-09	-4.094138e+00	-1.875426e+02
7.200000e-07	-5.523136e-07	-2.725923e-09	-3.723218e+00	-1.793910e+02
7.300000e-07	-4.971035e-07	-2.599228e-09	-3.351040e+00	-1.711763e+02
7.400000e-07	-4.416593e-07	-2.476889e-09	-2.977283e+00	-1.628899e+02
7.500000e-07	-3.859506e-07	-2.353273e-09	-2.601743e+00	-1.545265e+02
7.600000e-07	-3.301190e-07	-2.221166e-09	-2.225375e+00	-1.460847e+02
7.700000e-07	-2.742296e-07	-2.082107e-09	-1.848617e+00	-1.375654e+02
7.800000e-07	-2.182409e-07	-1.948515e-09	-1.471191e+00	-1.289703e+02
7.900000e-07	-1.621807e-07	-1.820409e-09	-1.093281e+00	-1.203005e+02
8.000000e-07	-1.061042e-07	-1.690153e-09	-7.152625e-01	-1.115557e+02
8.100000e-07	-4.998427e-08	-1.555368e-09	-3.369505e-01	-1.027357e+02
8.200000e-07	6.150383e-09	-1.419332e-09	4.146053e-02	-9.384206e+01
8.300000e-07	6.227203e-08	-1.284426e-09	4.197839e-01	-8.487910e+01
8.400000e-07	1.183936e-07	-1.145673e-09	7.981065e-01	-7.585401e+01
8.500000e-07	1.744635e-07	-1.001069e-09	1.176081e+00	-6.677465e+01
8.600000e-07	2.304854e-07	-8.565645e-10	1.553732e+00	-5.764633e+01
8.700000e-07	2.864396e-07	-7.183881e-10	1.930927e+00	-4.846856e+01
8.800000e-07	3.422615e-07	-5.819714e-10	2.307230e+00	-3.923340e+01
8.900000e-07	3.979714e-07	-4.417479e-10	2.682777e+00	-2.992650e+01
9.000000e-07	4.535148e-07	-2.974869e-10	3.057202e+00	-2.053085e+01
9.100000e-07	5.088265e-07	-1.510158e-10	3.430065e+00	-1.103210e+01
9.200000e-07	5.639862e-07	-1.888078e-12	3.801904e+00	-1.423620e+00
9.300000e-07	6.189715e-07	1.495249e-10	4.172567e+00	8.290828e+00
9.400000e-07	6.737212e-07	3.005678e-10	4.541642e+00	1.809803e+01
9.500000e-07	7.282676e-07	4.496858e-10	4.909347e+00	2.797975e+01
9.600000e-07	7.826141e-07	5.974184e-10	5.275703e+00	3.791916e+01
9.700000e-07	8.367154e-07	7.466355e-10	5.640408e+00	4.790704e+01
9.800000e-07	8.904837e-07	8.989213e-10	6.002867e+00	5.794511e+01
9.900000e-07	9.438400e-07	1.054507e-09	6.362548e+00	6.804538e+01
1.000000e-06	9.968228e-07	1.210168e-09	6.719712e+00	7.822539e+01
1.010000e-06	1.049460e-06	1.367857e-09	7.074545e+00	8.850121e+01
1.020000e-06	1.101772e-06	1.528433e-09	7.427190e+00	9.888065e+01
1.030000e-06	1.153717e-06	1.688221e-09	7.777355e+00	1.093594e+02
1.040000e-06	1.205149e-06	1.846088e-09	8.124068e+00	1.199211e+02
1.050000e-06	1.255910e-06	2.005314e-09	8.466256e+00	1.305422e+02
1.060000e-06	1.305865e-06	2.169101e-09	8.803008e+00	1.411986e+02
1.070000e-06	1.355094e-06	2.333580e-09	9.134864e+00	1.518719e+02
1.080000e-06	1.403829e-06	2.496552e-09	9.463392e+00	1.625539e+02
1.090000e-06	1.452194e-06	2.659120e-09	9.789431e+00	1.732461e+02
1.100000e-06	1.500145e-06	2.823768e-09	1.011267e+01	1.839556e+02
1.110000e-06	1.547583e-06	2.989786e-09	1.043246e+01	1.946889e+02
1.120000e-06	1.594506e-06	3.155405e-09	1.074877e+01	2.054465e+02
1.130000e-06	1.640891e-06	3.317919e-09	1.106146e+01	2.162192e+02
1.140000e-06	1.686637e-06	3.478706e-09	1.136984e+01	2.269890e+02
1.150000e-06	1.731811e-06	3.642130e-09	1.167436e+01	2.377326e+02
1.160000e-06	1.776553e-06	3.806001e-09	1.197597e+01	2.484270e+02
1.170000e-06	1.820866e-06	3.968146e-09	1.227469e+01	2.590534e+02
1.180000e-06	1.864597e-06	4.129520e-09	1.256949e+01	2.695999e+02
1.190000e-06	1.907449e-06	4.292607e-09	1.285836e+01	2.800595e+02
1.200000e-06	1.949276e-06	4.455339e-09	1.314033e+01	2.904268e+02
1.210000e-06	1.990265e-06	4.612485e-09	1.341664e+01	3.006929e+02
1.220000e-06	2.030632e-06	4.762523e-09	1.368875e+01	3.108426e+02
1.230000e-06	2.070407e-06	4.908778e-09	1.395688e+01	3.208535e+02
1.240000e-06	2.109496e-06	5.054966e-09	1.422038e+01	3.306986e+02
1.250000e-06	2.147874e-06	5.201749e-09	1.447910e+01	3.403500e+02
1.260000e-06	2.185515e-06	5.347680e-09	1.473284e+01	3.497835e+02
1.270000e-06	2.222450e-06	5.490887e-09	1.498182e+01	3.589810e+02
1.280000e-06	2.258805e-06	5.631095e-09	1.522690e+01	3.679301e+02
1.290000e-06	2.294457e-06	5.765289e-09	1.546723e+01	3.766225e+02
1.300000e-06	2.329068e-06	5.889385e-09	1.570055e+01	3.850496e+02
1.310000e-06	2.362578e-06	6.005255e-09	1.592644e+01	3.932010e+02
1.320000e-06	2.395219e-06	6.118439e-09	1.614648e+01	4.010639e+02
1.330000e-06	2.427113e-06	6.231477e-09	1.636148e+01	4.086256e+02
1.340000e-06	2.458238e-06	6.343165e-09	1.657130e+01	4.158775e+02
1.350000e-06	2.488553e-06	6.452273e-09	1.677566e+01	4.228191e+02
1.360000e-06	2.518015e-06	6.557169e-09	1.697427e+01	4.294592e+02
1.370000e-06	2.546703e-06	6.655888e-09	1.716766e+01	4.358152e+02
1.380000e-06	2.574626e-06	6.746605e-09	1.735589e+01	4.419079e+02
1.390000e-06	2.601509e-06	6.830436e-09	1.753711e+01	4.477564e+02
1.400000e-06	2.627207e-06	6.909722e-09	1.771035e+01	4.533721e+02
1.410000e-06	2.651862e-06	6.987413e-09	1.787655e+01	4.587569e+02
1.420000e-06	2.675625e-06	7.064614e-09	1.803674e+01	4.639045e+02
1.430000e-06	2.698478e-06	7.139235e-09	1.819079e+01	4.688048e+02
1.440000e-06	2.720386e-06	7.210873e-09	1.833848e+01	4.734494e+02
1.450000e-06	2.741450e-06	7.280065e-09	1.848047e+01	4.778367e+02
1.460000e-06	2.761788e-06	7.344054e-09	1.861757e+01	4.819729e+02
1.470000e-06	2.781258e-06	7.398797e-09	1.874882e+01	4.858697e+02
1.480000e-06	2.799701e-06	7.446903e-09	1.887315e+01	4.895394e+02
1.490000e-06	2.817098e-06	7.494412e-09	1.899043e+01	4.929891e+02
1.500000e-06	2.833418e-06	7.541998e-09	1.910044e+01	4.962174e+02
1.510000e-06	2.848670e-06	7.587053e-09	1.920325e+01	4.992144e+02
1.520000e-06	2.862869e-06	7.628415e-09	1.929897e+01	5.019662e+02
1.530000e-06	2.876033e-06	7.666206e-09	1.938772e+01	5.044610e+02
1.540000e-06	2.888102e-06	7.700406e-09	1.946907e+01	5.066961e+02
1.550000e-06	2.898919e-06	7.731025e-09	1.954199e+01	5.086810e+02
1.560000e-06	2.908468e-06	7.756841e-09	1.960636e+01	5.104365e+02
1.570000e-06	2.916959e-06	7.778147e-09	1.966360e+01	5.119891e+02
1.580000e-06	2.924488e-06	7.796825e-09	1.971436e+01	5.133640e+02
1.590000e-06	2.931049e-06	7.813563e-09	1.975858e+01	5.145774e+02
1.600000e-06	2.936634e-06	7.828202e-09	1.979623e+01	5.156339e+02
1.610000e-06	2.941292e-06	7.841527e-09	1.982763e+01	5.165269e+02
1.620000e-06	2.944972e-06	7.854206e-09	1.985244e+01	5.172451e+02
1.630000e-06	2.947394e-06	7.865156e-09	1.986877e+01	5.177796e+02
1.640000e-06	2.948599e-06	7.872471e-09	1.987689e+01	5.181298e+02
1.650000e-06	2.948838e-06	7.874126e-09	1.987850e+01	5.183058e+02
1.660000e-06	2.948154e-06	7.871360e-09	1.987389e+01	5.183249e+02
1.670000e-06	2.946559e-06	7.867905e-09	1.986314e+01	5.182050e+02
1.680000e-06	2.944098e-06	7.866444e-09	1.984655e+01	5.179557e+02
1.690000e-06	2.940827e-06	7.862763e-09	1.982450e+01	5.175736e+02
1.700000e-06	2.936694e-06	7.855129e-09	1.979663e+01	5.170413e+02
1.710000e-06	2.931465e-06	7.848532e-09	1.976139e+01	5.163333e+02
1.720000e-06	2.925098e-06	7.843448e-09	1.971847e+01	5.154260e+02
1.730000e-06	2.917780e-06	7.805048e-09	1.966913e+01	5.143086e+02
1.740000e-06	2.909377e-06	7.749636e-09	1.961249e+01	5.129900e+02
1.750000e-06	2.899461e-06	7.760861e-09	1.954565e+01	5.115001e+02
1.760000e-06	2.888067e-06	7.810159e-09	1.946883e+01	5.098829e+02
1.770000e-06	2.876042e-06	7.753763e-09	1.938777e+01	5.081852e+02
1.780000e-06	2.863713e-06	7.625929e-09	1.930466e+01	5.064432e+02
1.790000e-06	2.850223e-06	7.657484e-09	1.921372e+01	5.046718e+02
1.800000e-06	2.835167e-06	7.722354e-09	1.911223e+01	5.028614e+02
1.810000e-06	2.819239e-06	7.571393e-09	1.900486e+01	5.009816e+02
1.820000e-06	2.802630e-06	7.516927e-09	1.889289e+01	4.989907e+02
1.830000e-06	2.784776e-06	7.640990e-09	1.877253e+01	4.968486e+02
1.840000e-06	2.765874e-06	7.530362e-09	1.864512e+01	4.945273e+02
1.850000e-06	2.746292e-06	7.369888e-09	1.851311e+01	4.920158e+02
1.860000e-06	2.725563e-06	7.504840e-09	1.837337e+01	4.893195e+02
1.870000e-06	2.703463e-06	7.474555e-09	1.822439e+01	4.864532e+02
1.880000e-06	2.680361e-06	7.244011e-09	1.806866e+01	4.834325e+02
1.890000e-06	2.656280e-06	7.330124e-09	1.790633e+01	4.802663e+02
1.900000e-06	2.631321e-06	7.371497e-09	1.773807e+01	4.769538e+02
1.910000e-06	2.605711e-06	7.174117e-09	1.756543e+01	4.734857e+02
1.920000e-06	2.579250e-06	7.157837e-09	1.738706e+01	4.698504e+02
1.930000e-06	2.552014e-06	7.139001e-09	1.720346e+01	4.660404e+02
1.940000e-06	2.524022e-06	7.014546e-09	1.701476e+01	4.620577e+02
1.950000e-06	2.494775e-06	7.012692e-09	1.681760e+01	4.579145e+02
1.960000e-06	2.464261e-06	6.918776e-09	1.661190e+01	4.536302e+02
1.970000e-06	2.432908e-06	6.802046e-09	1.640055e+01	4.492251e+02
1.980000e-06	2.400761e-06	6.835345e-09	1.618384e+01	4.447143e+02
1.990000e-06	2.367834e-06	6.723343e-09	1.596188e+01	4.401037e+02
2.000000e-06	2.334168e-06	6.595287e-09	1.573493e+01	4.353896e+02
2.010000e-06	2.299684e-06	6.598895e-09	1.550247e+01	4.305624e+02
2.020000e-06	2.264544e-06	6.474634e-09	1.526559e+01	4.256127e+02
2.030000e-06	2.228693e-06	6.390086e-09	1.502391e+01	4.205362e+02
2.040000e-06	2.191821e-06	6.385251e-09	1.477535e+01	4.153372e+02
2.050000e-06	2.153916e-06	6.241150e-09	1.451983e+01	4.100272e+02
2.060000e-06	2.115156e-06	6.144633e-09	1.425854e+01	4.046214e+02
2.070000e-06	2.075763e-06	6.109173e-09	1.399299e+01	3.991333e+02
2.080000e-06	2.035757e-06	6.004882e-09	1.372330e+01	3.935695e+02
2.090000e-06	1.995018e-06	5.914509e-09	1.344867e+01	3.879284e+02
2.100000e-06	1.953630e-06	5.823313e-09	1.316967e+01	3.822006e+02
2.110000e-06	1.911590e-06	5.736897e-09	1.288628e+01	3.763737e+02
2.120000e-06	1.868879e-06	5.666226e-09	1.259835e+01	3.704363e+02
2.130000e-06	1.825672e-06	5.556386e-09	1.230710e+01	3.643828e+02
2.140000e-06	1.782006e-06	5.456854e-09	1.201274e+01	3.582140e+02
2.150000e-06	1.737762e-06	5.371177e-09	1.171448e+01	3.519362e+02
2.160000e-06	1.692761e-06	5.278059e-09	1.141112e+01	3.455579e+02
2.170000e-06	1.647058e-06	5.181936e-09	1.110303e+01	3.390859e+02
2.180000e-06	1.600912e-06	5.072268e-09	1.079196e+01	3.325228e+02
2.190000e-06	1.554302e-06	4.974106e-09	1.047775e+01	3.258672e+02
2.200000e-06	1.507117e-06	4.869729e-09	1.015967e+01	3.191149e+02
2.210000e-06	1.459286e-06	4.766704e-09	9.837240e+00	3.122619e+02
2.220000e-06	1.410775e-06	4.668742e-09	9.510219e+00	3.053071e+02
2.230000e-06	1.361732e-06	4.543655e-09	9.179614e+00	2.982528e+02
2.240000e-06	1.312264e-06	4.436437e-09	8.846145e+00	2.911045e+02
2.250000e-06	1.262304e-06	4.342881e-09	8.509355e+00	2.838682e+02
2.260000e-06	1.211825e-06	4.223611e-09	8.169070e+00	2.765476e+02
2.270000e-06	1.160855e-06	4.106751e-09	7.825474e+00	2.691435e+02
2.280000e-06	1.109498e-06	3.994709e-09	7.479268e+00	2.616533e+02
2.290000e-06	1.057787e-06	3.885050e-09	7.130682e+00	2.540737e+02
2.300000e-06	1.005626e-06	3.770160e-09	6.779054e+00	2.464032e+02
2.310000e-06	9.529039e-07	3.639987e-09	6.423649e+00	2.386450e+02
2.320000e-06	8.995738e-07	3.521914e-09	6.064144e+00	2.308071e+02
2.330000e-06	8.457402e-07	3.408816e-09	5.701245e+00	2.229013e+02
2.340000e-06	7.914497e-07	3.289468e-09	5.335265e+00	2.149399e+02
2.350000e-06	7.367544e-07	3.168073e-09	4.966557e+00	2.069324e+02
2.360000e-06	6.818096e-07	3.044350e-09	4.596167e+00	1.988825e+02
2.370000e-06	6.266770e-07	2.925401e-09	4.224511e+00	1.907875e+02
2.380000e-06	5.713897e-07	2.801792e-09	3.851813e+00	1.826398e+02
2.390000e-06	5.160036e-07	2.673578e-09	3.478447e+00	1.744297e+02
2.400000e-06	4.605420e-07	2.544516e-09	3.104573e+00	1.661483e+02
2.410000e-06	4.049746e-07	2.413449e-09	2.729987e+00	1.577902e+02
2.420000e-06	3.493008e-07	2.290607e-09	2.354682e+00	1.493537e+02
2.430000e-06	2.935779e-07	2.168131e-09	1.979047e+00	1.408396e+02
2.440000e-06	2.377928e-07	2.036694e-09	1.602992e+00	1.322497e+02
2.450000e-06	1.818944e-07	1.901651e-09	1.226174e+00	1.235849e+02
2.460000e-06	1.258912e-07	1.767337e-09	8.486490e-01	1.148452e+02
2.470000e-06	6.985401e-08	1.635488e-09	4.708950e-01	1.060303e+02
2.480000e-06	1.382715e-08	1.499440e-09	9.321059e-02	9.714148e+01
2.490000e-06	-4.219505e-08	1.359838e-09	-2.844423e-01	8.818298e+01
2.500000e-06	-9.823860e-08	1.224820e-09	-6.622392e-01	7.916177e+01
2.510000e-06	-1.542364e-07	1.090221e-09	-1.039728e+00	7.008578e+01
2.520000e-06	-2.100785e-07	9.514138e-10	-1.416167e+00	6.096061e+01
2.530000e-06	-2.658196e-07	8.079440e-10	-1.791925e+00	5.178627e+01
2.540000e-06	-3.215227e-07	6.645366e-10	-2.167427e+00	4.255534e+01
2.550000e-06	-3.771242e-07	5.256188e-10	-2.542243e+00	3.325385e+01
2.560000e-06	-4.326264e-07	3.858766e-10	-2.916391e+00	2.386479e+01
2.570000e-06	-4.880601e-07	2.420418e-10	-3.290076e+00	1.437346e+01
2.580000e-06	-5.434190e-07	9.436817e-11	-3.663258e+00	4.772547e+00
2.590000e-06	-5.987019e-07	-5.568529e-11	-4.035928e+00	-4.934957e+00
2.600000e-06	-6.538743e-07	-2.052992e-10	-4.407852e+00	-1.473640e+01
2.610000e-06	-7.088755e-07	-3.553609e-10	-4.778622e+00	-2.461368e+01
2.620000e-06	-7.636095e-07	-5.072458e-10	-5.147591e+00	-3.454968e+01
2.630000e-06	-8.179803e-07	-6.590672e-10	-5.514111e+00	-4.453445e+01
2.640000e-06	-8.718690e-07	-8.107918e-10	-5.877382e+00	-5.456893e+01
2.650000e-06	-9.251901e-07	-9.652310e-10	-6.236827e+00	-6.466448e+01
2.660000e-06	-9.779490e-07	-1.122285e-09	-6.592481e+00	-7.483848e+01
2.670000e-06	-1.030187e-06	-1.279937e-09	-6.944624e+00	-8.510734e+01
2.680000e-06	-1.081968e-06	-1.438843e-09	-7.293685e+00	-9.547966e+01
2.690000e-06	-1.133403e-06	-1.600030e-09	-7.640420e+00	-1.059520e+02
2.700000e-06	-1.184462e-06	-1.761111e-09	-7.984611e+00	-1.165088e+02
2.710000e-06	-1.235057e-06	-1.920966e-09	-8.325681e+00	-1.271268e+02
2.720000e-06	-1.285194e-06	-2.082326e-09	-8.663659e+00	-1.377816e+02
2.730000e-06	-1.334841e-06	-2.245578e-09	-8.998334e+00	-1.484544e+02
2.740000e-06	-1.383953e-06	-2.407974e-09	-9.329409e+00	-1.591361e+02
2.750000e-06	-1.432393e-06	-2.570096e-09	-9.655945e+00	-1.698277e+02
2.760000e-06	-1.480056e-06	-2.732319e-09	-9.977252e+00	-1.805359e+02
2.770000e-06	-1.526920e-06	-2.896013e-09	-1.029317e+01	-1.912677e+02
2.780000e-06	-1.573138e-06	-3.062167e-09	-1.060473e+01	-2.020240e+02
2.790000e-06	-1.618967e-06	-3.226958e-09	-1.091366e+01	-2.127965e+02
2.800000e-06	-1.664410e-06	-3.389326e-09	-1.122000e+01	-2.235675e+02
2.810000e-06	-1.709357e-06	-3.550569e-09	-1.152299e+01	-2.343141e+02
2.820000e-06	-1.753694e-06	-3.712693e-09	-1.182188e+01	-2.450129e+02
2.830000e-06	-1.797462e-06	-3.876917e-09	-1.211692e+01	-2.556450e+02
2.840000e-06	-1.840822e-06	-4.040453e-09	-1.240922e+01	-2.661977e+02
2.850000e-06	-1.883699e-06	-4.200661e-09	-1.269826e+01	-2.766640e+02
2.860000e-06	-1.925920e-06	-4.358218e-09	-1.298288e+01	-2.870383e+02
2.870000e-06	-1.967483e-06	-4.514678e-09	-1.326306e+01	-2.973123e+02
2.880000e-06	-2.008386e-06	-4.669899e-09	-1.353879e+01	-3.074713e+02
2.890000e-06	-2.048570e-06	-4.822007e-09	-1.380968e+01	-3.174933e+02
2.900000e-06	-2.088131e-06	-4.971836e-09	-1.407636e+01	-3.273515e+02
2.910000e-06	-2.127128e-06	-5.121472e-09	-1.433924e+01	-3.370179e+02
2.920000e-06	-2.165282e-06	-5.269411e-09	-1.459644e+01	-3.464679e+02
2.930000e-06	-2.202340e-06	-5.411975e-09	-1.484626e+01	-3.556829e+02
2.940000e-06	-2.238442e-06	-5.547923e-09	-1.508963e+01	-3.646504e+02
2.950000e-06	-2.273810e-06	-5.678737e-09	-1.532805e+01	-3.733616e+02
2.960000e-06	-2.308471e-06	-5.807181e-09	-1.556170e+01	-3.818083e+02
2.970000e-06	-2.342368e-06	-5.934750e-09	-1.579020e+01	-3.899800e+02
2.980000e-06	-2.375484e-06	-6.059564e-09	-1.601344e+01	-3.978643e+02
2.990000e-06	-2.407836e-06	-6.177868e-09	-1.623154e+01	-4.054482e+02
3.000000e-06	-2.439448e-06	-6.289399e-09	-1.644464e+01	-4.127226e+02
3.010000e-06	-2.470245e-06	-6.395865e-09	-1.665224e+01	-4.196864e+02
3.020000e-06	-2.499929e-06	-6.498060e-09	-1.685235e+01	-4.263479e+02
3.030000e-06	-2.528419e-06	-6.596314e-09	-1.704440e+01	-4.327237e+02
3.040000e-06	-2.556012e-06	-6.689966e-09	-1.723041e+01	-4.388349e+02
3.050000e-06	-2.582820e-06	-6.779952e-09	-1.741113e+01	-4.447006e+02
3.060000e-06	-2.608745e-06	-6.867367e-09	-1.758589e+01	-4.503330e+02
3.070000e-06	-2.633730e-06	-6.952506e-09	-1.775432e+01	-4.557348e+02
3.080000e-06	-2.657811e-06	-7.034485e-09	-1.791665e+01	-4.608999e+02
3.090000e-06	-2.681095e-06	-7.112189e-09	-1.807361e+01	-4.658185e+02
3.100000e-06	-2.703500e-06	-7.184586e-09	-1.822465e+01	-4.704818e+02
3.110000e-06	-2.724700e-06	-7.252044e-09	-1.836756e+01	-4.748877e+02
3.120000e-06	-2.744747e-06	-7.315538e-09	-1.850270e+01	-4.790417e+02
3.130000e-06	-2.763941e-06	-7.375561e-09	-1.863209e+01	-4.829555e+02
3.140000e-06	-2.782286e-06	-7.434167e-09	-1.875575e+01	-4.866413e+02
3.150000e-06	-2.799663e-06	-7.491807e-09	-1.887289e+01	-4.901069e+02
3.160000e-06	-2.816114e-06	-7.545994e-09	-1.898379e+01	-4.933516e+02
3.170000e-06	-2.831687e-06	-7.595025e-09	-1.908877e+01	-4.963658e+02
3.180000e-06	-2.846193e-06	-7.639958e-09	-1.918656e+01	-4.991358e+02
3.190000e-06	-2.859366e-06	-7.679376e-09	-1.927536e+01	-5.016495e+02
3.200000e-06	-2.871250e-06	-7.712028e-09	-1.935547e+01	-5.039033e+02
3.210000e-06	-2.882054e-06	-7.740446e-09	-1.942830e+01	-5.059058e+02
3.220000e-06	-2.891855e-06	-7.767796e-09	-1.949437e+01	-5.076771e+02
3.230000e-06	-2.900674e-06	-7.794718e-09	-1.955382e+01	-5.092436e+02
3.240000e-06	-2.908582e-06	-7.819857e-09	-1.960713e+01	-5.106307e+02
3.250000e-06	-2.915589e-06	-7.840380e-09	-1.965437e+01	-5.118557e+02
3.260000e-06	-2.921419e-06	-7.856032e-09	-1.969367e+01	-5.129237e+02
3.270000e-06	-2.925977e-06	-7.868819e-09	-1.972439e+01	-5.138291e+02
3.280000e-06	-2.929516e-06	-7.878165e-09	-1.974825e+01	-5.145605e+02
3.290000e-06	-2.932120e-06	-7.885241e-09	-1.976580e+01	-5.151085e+02
3.300000e-06	-2.933737e-06	-7.891603e-09	-1.977671e+01	-5.154719e+02
3.310000e-06	-2.934367e-06	-7.896417e-09	-1.978095e+01	-5.156601e+02
3.320000e-06	-2.934170e-06	-7.899381e-09	-1.977962e+01	-5.156901e+02
