# Temperatura_=_21.94
# Concentracion g/m^3_=_18700.0
# C_Vs_to_Am_M_A/Vsm_=_65563218390.804596
# pendiente_HvsI_1/m_=_3716.3
# ordenada_HvsI_A/m_=_1297.0
# frecuencia_Hz_=_301077.0825471787

Tiempo_(s)	Campo_(V.s)	Magnetizacion_(V.s)	Campo_(kA/m)	Magnetizacion_(A/m)
0.000000e+00	-2.933759e-06	-7.682706e-09	-1.977590e+01	-5.021527e+02
1.000000e-08	-2.933230e-06	-7.685391e-09	-1.977233e+01	-5.021212e+02
2.000000e-08	-2.931893e-06	-7.686061e-09	-1.976332e+01	-5.019626e+02
3.000000e-08	-2.929346e-06	-7.681989e-09	-1.974616e+01	-5.016758e+02
4.000000e-08	-2.925515e-06	-7.675479e-09	-1.972033e+01	-5.012467e+02
5.000000e-08	-2.920847e-06	-7.665655e-09	-1.968886e+01	-5.006515e+02
6.000000e-08	-2.915405e-06	-7.649246e-09	-1.965218e+01	-4.998649e+02
7.000000e-08	-2.909043e-06	-7.617128e-09	-1.960929e+01	-4.988698e+02
8.000000e-08	-2.901659e-06	-7.588460e-09	-1.955952e+01	-4.976646e+02
9.000000e-08	-2.893211e-06	-7.631489e-09	-1.950257e+01	-4.962674e+02
1.000000e-07	-2.883414e-06	-7.674422e-09	-1.943654e+01	-4.947133e+02
1.100000e-07	-2.872021e-06	-7.582128e-09	-1.935974e+01	-4.930479e+02
1.200000e-07	-2.859628e-06	-7.389434e-09	-1.927620e+01	-4.913169e+02
1.300000e-07	-2.846574e-06	-7.440583e-09	-1.918820e+01	-4.895551e+02
1.400000e-07	-2.832475e-06	-7.613784e-09	-1.909316e+01	-4.877790e+02
1.500000e-07	-2.817239e-06	-7.415519e-09	-1.899046e+01	-4.859835e+02
1.600000e-07	-2.800969e-06	-7.287121e-09	-1.888079e+01	-4.841434e+02
1.700000e-07	-2.783416e-06	-7.484363e-09	-1.876247e+01	-4.822195e+02
1.800000e-07	-2.764668e-06	-7.443323e-09	-1.863609e+01	-4.801675e+02
1.900000e-07	-2.745213e-06	-7.211825e-09	-1.850495e+01	-4.779460e+02
2.000000e-07	-2.725019e-06	-7.299951e-09	-1.836882e+01	-4.755235e+02
2.100000e-07	-2.703839e-06	-7.306589e-09	-1.822605e+01	-4.728821e+02
2.200000e-07	-2.681782e-06	-7.054696e-09	-1.807737e+01	-4.700184e+02
2.300000e-07	-2.658967e-06	-7.130337e-09	-1.792358e+01	-4.669411e+02
2.400000e-07	-2.635201e-06	-7.219279e-09	-1.776338e+01	-4.636681e+02
2.500000e-07	-2.610593e-06	-6.989650e-09	-1.759750e+01	-4.602217e+02
2.600000e-07	-2.585101e-06	-6.920408e-09	-1.742566e+01	-4.566244e+02
2.700000e-07	-2.558322e-06	-6.955707e-09	-1.724515e+01	-4.528948e+02
2.800000e-07	-2.530396e-06	-6.849203e-09	-1.705691e+01	-4.490451e+02
2.900000e-07	-2.501694e-06	-6.798722e-09	-1.686343e+01	-4.450790e+02
3.000000e-07	-2.472171e-06	-6.713569e-09	-1.666442e+01	-4.409925e+02
3.100000e-07	-2.441830e-06	-6.647270e-09	-1.645990e+01	-4.367753e+02
3.200000e-07	-2.410791e-06	-6.667370e-09	-1.625068e+01	-4.324150e+02
3.300000e-07	-2.378973e-06	-6.547729e-09	-1.603619e+01	-4.279013e+02
3.400000e-07	-2.346418e-06	-6.408678e-09	-1.581675e+01	-4.232306e+02
3.500000e-07	-2.313156e-06	-6.410349e-09	-1.559253e+01	-4.184088e+02
3.600000e-07	-2.278879e-06	-6.320018e-09	-1.536148e+01	-4.134512e+02
3.700000e-07	-2.243425e-06	-6.214084e-09	-1.512249e+01	-4.083795e+02
3.800000e-07	-2.207081e-06	-6.205152e-09	-1.487750e+01	-4.032170e+02
3.900000e-07	-2.170126e-06	-6.065949e-09	-1.462840e+01	-3.979821e+02
4.000000e-07	-2.132496e-06	-5.957782e-09	-1.437474e+01	-3.926839e+02
4.100000e-07	-2.094067e-06	-5.949613e-09	-1.411570e+01	-3.873197e+02
4.200000e-07	-2.054820e-06	-5.847508e-09	-1.385115e+01	-3.818769e+02
4.300000e-07	-2.014805e-06	-5.709160e-09	-1.358141e+01	-3.763380e+02
4.400000e-07	-1.974290e-06	-5.656749e-09	-1.330831e+01	-3.706868e+02
4.500000e-07	-1.933311e-06	-5.592194e-09	-1.303207e+01	-3.649143e+02
4.600000e-07	-1.891572e-06	-5.491332e-09	-1.275072e+01	-3.590219e+02
4.700000e-07	-1.848806e-06	-5.389721e-09	-1.246244e+01	-3.530202e+02
4.800000e-07	-1.805056e-06	-5.279510e-09	-1.216754e+01	-3.469250e+02
4.900000e-07	-1.760677e-06	-5.193217e-09	-1.186838e+01	-3.407511e+02
5.000000e-07	-1.715803e-06	-5.113361e-09	-1.156590e+01	-3.345060e+02
5.100000e-07	-1.670346e-06	-5.018031e-09	-1.125948e+01	-3.281875e+02
5.200000e-07	-1.624302e-06	-4.905949e-09	-1.094910e+01	-3.217840e+02
5.300000e-07	-1.577731e-06	-4.815138e-09	-1.063518e+01	-3.152792e+02
5.400000e-07	-1.530637e-06	-4.721260e-09	-1.031773e+01	-3.086584e+02
5.500000e-07	-1.482989e-06	-4.617640e-09	-9.996540e+00	-3.019142e+02
5.600000e-07	-1.434833e-06	-4.501498e-09	-9.671932e+00	-2.950495e+02
5.700000e-07	-1.386250e-06	-4.382086e-09	-9.344445e+00	-2.880770e+02
5.800000e-07	-1.337188e-06	-4.289936e-09	-9.013723e+00	-2.810140e+02
5.900000e-07	-1.287488e-06	-4.194067e-09	-8.678705e+00	-2.738764e+02
6.000000e-07	-1.237063e-06	-4.074712e-09	-8.338803e+00	-2.666733e+02
6.100000e-07	-1.185856e-06	-3.952363e-09	-7.993627e+00	-2.594039e+02
6.200000e-07	-1.134021e-06	-3.849655e-09	-7.644215e+00	-2.520594e+02
6.300000e-07	-1.081799e-06	-3.739810e-09	-7.292199e+00	-2.446272e+02
6.400000e-07	-1.029268e-06	-3.618759e-09	-6.938094e+00	-2.370982e+02
6.500000e-07	-9.764106e-07	-3.492013e-09	-6.581795e+00	-2.294716e+02
6.600000e-07	-9.231208e-07	-3.374129e-09	-6.222578e+00	-2.217572e+02
6.700000e-07	-8.694314e-07	-3.267659e-09	-5.860668e+00	-2.139736e+02
6.800000e-07	-8.155121e-07	-3.151522e-09	-5.497209e+00	-2.061424e+02
6.900000e-07	-7.613351e-07	-3.024081e-09	-5.132012e+00	-1.982811e+02
7.000000e-07	-7.069024e-07	-2.894950e-09	-4.765092e+00	-1.903975e+02
7.100000e-07	-6.522829e-07	-2.778863e-09	-4.396913e+00	-1.824871e+02
7.200000e-07	-5.974958e-07	-2.659459e-09	-4.027603e+00	-1.745350e+02
7.300000e-07	-5.425125e-07	-2.531433e-09	-3.656972e+00	-1.665216e+02
7.400000e-07	-4.872491e-07	-2.401251e-09	-3.284452e+00	-1.584293e+02
7.500000e-07	-4.317990e-07	-2.278767e-09	-2.910674e+00	-1.502488e+02
7.600000e-07	-3.761746e-07	-2.160193e-09	-2.535720e+00	-1.419814e+02
7.700000e-07	-3.203456e-07	-2.031117e-09	-2.159388e+00	-1.336374e+02
7.800000e-07	-2.643985e-07	-1.893546e-09	-1.782259e+00	-1.252313e+02
7.900000e-07	-2.083776e-07	-1.759796e-09	-1.404633e+00	-1.167761e+02
8.000000e-07	-1.523161e-07	-1.635556e-09	-1.026733e+00	-1.082777e+02
8.100000e-07	-9.619222e-08	-1.506801e-09	-6.484131e-01	-9.973367e+01
8.200000e-07	-3.997927e-08	-1.373568e-09	-2.694925e-01	-9.113531e+01
8.300000e-07	1.625964e-08	-1.237984e-09	1.096031e-01	-8.247202e+01
8.400000e-07	7.246135e-08	-1.105275e-09	4.884479e-01	-7.373687e+01
8.500000e-07	1.286236e-07	-9.716749e-10	8.670268e-01	-6.493025e+01
8.600000e-07	1.847823e-07	-8.323057e-10	1.245581e+00	-5.606015e+01
8.700000e-07	2.408918e-07	-6.919594e-10	1.623805e+00	-4.713891e+01
8.800000e-07	2.968897e-07	-5.565263e-10	2.001276e+00	-3.817766e+01
8.900000e-07	3.527354e-07	-4.249512e-10	2.377721e+00	-2.918070e+01
9.000000e-07	4.083925e-07	-2.867100e-10	2.752895e+00	-2.014217e+01
9.100000e-07	4.638869e-07	-1.438220e-10	3.126971e+00	-1.104660e+01
9.200000e-07	5.192191e-07	-3.753666e-13	3.499955e+00	-1.873296e+00
9.300000e-07	5.743233e-07	1.415576e-10	3.871402e+00	7.396947e+00
9.400000e-07	6.292365e-07	2.858632e-10	4.241561e+00	1.677521e+01
9.500000e-07	6.839697e-07	4.317544e-10	4.610507e+00	2.626041e+01
9.600000e-07	7.384979e-07	5.772317e-10	4.978071e+00	3.583949e+01
9.700000e-07	7.928532e-07	7.217318e-10	5.344470e+00	4.549166e+01
9.800000e-07	8.469650e-07	8.661462e-10	5.709227e+00	5.519539e+01
9.900000e-07	9.007023e-07	1.015688e-09	6.071459e+00	6.493552e+01
1.000000e-06	9.540430e-07	1.167247e-09	6.431019e+00	7.470786e+01
1.010000e-06	1.007010e-06	1.318639e-09	6.788057e+00	8.451982e+01
1.020000e-06	1.059637e-06	1.469122e-09	7.142805e+00	9.438676e+01
1.030000e-06	1.111941e-06	1.620424e-09	7.495381e+00	1.043255e+02
1.040000e-06	1.163737e-06	1.772930e-09	7.844525e+00	1.143474e+02
1.050000e-06	1.214929e-06	1.925222e-09	8.189604e+00	1.244533e+02
1.060000e-06	1.265466e-06	2.077560e-09	8.530264e+00	1.346325e+02
1.070000e-06	1.315207e-06	2.232418e-09	8.865558e+00	1.448651e+02
1.080000e-06	1.364283e-06	2.391744e-09	9.196364e+00	1.551275e+02
1.090000e-06	1.412921e-06	2.552017e-09	9.524230e+00	1.653989e+02
1.100000e-06	1.461261e-06	2.710136e-09	9.850078e+00	1.756657e+02
1.110000e-06	1.509214e-06	2.866995e-09	1.017332e+01	1.859232e+02
1.120000e-06	1.556538e-06	3.024184e-09	1.049232e+01	1.961738e+02
1.130000e-06	1.603228e-06	3.180614e-09	1.080705e+01	2.064223e+02
1.140000e-06	1.649414e-06	3.335120e-09	1.111838e+01	2.166712e+02
1.150000e-06	1.695021e-06	3.489676e-09	1.142581e+01	2.269157e+02
1.160000e-06	1.740018e-06	3.645775e-09	1.172912e+01	2.371429e+02
1.170000e-06	1.784632e-06	3.802069e-09	1.202986e+01	2.473330e+02
1.180000e-06	1.828942e-06	3.955782e-09	1.232855e+01	2.574624e+02
1.190000e-06	1.872646e-06	4.108192e-09	1.262315e+01	2.675089e+02
1.200000e-06	1.915352e-06	4.261136e-09	1.291102e+01	2.774551e+02
1.210000e-06	1.956972e-06	4.414647e-09	1.319157e+01	2.872896e+02
1.220000e-06	1.997795e-06	4.564293e-09	1.346675e+01	2.970065e+02
1.230000e-06	2.038081e-06	4.707213e-09	1.373831e+01	3.066018e+02
1.240000e-06	2.077753e-06	4.846354e-09	1.400573e+01	3.160692e+02
1.250000e-06	2.116740e-06	4.986047e-09	1.426854e+01	3.253968e+02
1.260000e-06	2.155020e-06	5.126025e-09	1.452657e+01	3.345651e+02
1.270000e-06	2.192489e-06	5.261887e-09	1.477914e+01	3.435480e+02
1.280000e-06	2.229278e-06	5.394879e-09	1.502713e+01	3.523153e+02
1.290000e-06	2.265564e-06	5.523955e-09	1.527173e+01	3.608377e+02
1.300000e-06	2.301059e-06	5.649900e-09	1.551099e+01	3.690913e+02
1.310000e-06	2.335379e-06	5.768792e-09	1.574234e+01	3.770614e+02
1.320000e-06	2.368616e-06	5.880132e-09	1.596638e+01	3.847440e+02
1.330000e-06	2.401121e-06	5.988321e-09	1.618549e+01	3.921448e+02
1.340000e-06	2.432918e-06	6.095799e-09	1.639983e+01	3.992765e+02
1.350000e-06	2.463902e-06	6.201299e-09	1.660869e+01	4.061545e+02
1.360000e-06	2.494093e-06	6.302271e-09	1.681220e+01	4.127921e+02
1.370000e-06	2.523415e-06	6.398566e-09	1.700985e+01	4.191975e+02
1.380000e-06	2.552018e-06	6.490909e-09	1.720266e+01	4.253720e+02
1.390000e-06	2.579874e-06	6.581426e-09	1.739043e+01	4.313112e+02
1.400000e-06	2.606566e-06	6.668257e-09	1.757035e+01	4.370073e+02
1.410000e-06	2.632025e-06	6.749595e-09	1.774197e+01	4.424531e+02
1.420000e-06	2.656501e-06	6.825885e-09	1.790696e+01	4.476457e+02
1.430000e-06	2.680089e-06	6.899985e-09	1.806596e+01	4.525881e+02
1.440000e-06	2.702808e-06	6.971220e-09	1.821910e+01	4.572897e+02
1.450000e-06	2.724617e-06	7.037506e-09	1.836611e+01	4.617632e+02
1.460000e-06	2.745569e-06	7.099938e-09	1.850735e+01	4.660207e+02
1.470000e-06	2.765812e-06	7.160042e-09	1.864380e+01	4.700692e+02
1.480000e-06	2.785141e-06	7.217572e-09	1.877409e+01	4.739071e+02
1.490000e-06	2.803374e-06	7.269998e-09	1.889700e+01	4.775240e+02
1.500000e-06	2.820653e-06	7.316969e-09	1.901347e+01	4.809028e+02
1.510000e-06	2.836874e-06	7.360572e-09	1.912282e+01	4.840250e+02
1.520000e-06	2.851905e-06	7.402600e-09	1.922414e+01	4.868766e+02
1.530000e-06	2.865886e-06	7.441701e-09	1.931838e+01	4.894542e+02
1.540000e-06	2.878826e-06	7.475116e-09	1.940561e+01	4.917668e+02
1.550000e-06	2.890610e-06	7.503434e-09	1.948504e+01	4.938356e+02
1.560000e-06	2.901071e-06	7.529340e-09	1.955556e+01	4.956884e+02
1.570000e-06	2.910318e-06	7.554418e-09	1.961789e+01	4.973534e+02
1.580000e-06	2.918612e-06	7.576998e-09	1.967380e+01	4.988522e+02
1.590000e-06	2.925947e-06	7.595834e-09	1.972324e+01	5.001947e+02
1.600000e-06	2.932294e-06	7.611723e-09	1.976603e+01	5.013790e+02
1.610000e-06	2.937681e-06	7.627057e-09	1.980234e+01	5.023946e+02
1.620000e-06	2.942182e-06	7.640984e-09	1.983268e+01	5.032286e+02
1.630000e-06	2.945716e-06	7.650821e-09	1.985650e+01	5.038726e+02
1.640000e-06	2.947932e-06	7.656628e-09	1.987143e+01	5.043275e+02
1.650000e-06	2.948908e-06	7.660223e-09	1.987802e+01	5.046048e+02
1.660000e-06	2.948980e-06	7.663000e-09	1.987850e+01	5.047229e+02
1.670000e-06	2.948188e-06	7.662898e-09	1.987316e+01	5.047011e+02
1.680000e-06	2.946461e-06	7.659542e-09	1.986152e+01	5.045516e+02
1.690000e-06	2.943820e-06	7.656627e-09	1.984372e+01	5.042746e+02
1.700000e-06	2.940377e-06	7.652068e-09	1.982051e+01	5.038565e+02
1.710000e-06	2.936050e-06	7.643334e-09	1.979134e+01	5.032743e+02
1.720000e-06	2.930542e-06	7.635437e-09	1.975421e+01	5.025023e+02
1.730000e-06	2.923892e-06	7.647028e-09	1.970939e+01	5.015226e+02
1.740000e-06	2.916371e-06	7.615909e-09	1.965869e+01	5.003323e+02
1.750000e-06	2.907784e-06	7.500591e-09	1.960081e+01	4.989480e+02
1.760000e-06	2.897608e-06	7.448050e-09	1.953221e+01	4.974039e+02
1.770000e-06	2.885804e-06	7.598062e-09	1.945264e+01	4.957451e+02
1.780000e-06	2.873431e-06	7.625343e-09	1.936924e+01	4.940176e+02
1.790000e-06	2.861088e-06	7.410618e-09	1.928604e+01	4.922574e+02
1.800000e-06	2.847499e-06	7.330048e-09	1.919444e+01	4.904826e+02
1.810000e-06	2.832006e-06	7.533174e-09	1.909000e+01	4.886893e+02
1.820000e-06	2.815766e-06	7.431494e-09	1.898053e+01	4.868537e+02
1.830000e-06	2.799033e-06	7.193056e-09	1.886774e+01	4.849375e+02
1.840000e-06	2.780972e-06	7.395521e-09	1.874599e+01	4.828963e+02
1.850000e-06	2.761860e-06	7.406510e-09	1.861716e+01	4.806884e+02
1.860000e-06	2.742161e-06	7.117957e-09	1.848438e+01	4.782812e+02
1.870000e-06	2.721202e-06	7.245764e-09	1.834310e+01	4.756560e+02
1.880000e-06	2.698799e-06	7.351482e-09	1.819208e+01	4.728082e+02
1.890000e-06	2.675545e-06	7.029277e-09	1.803533e+01	4.697459e+02
1.900000e-06	2.651385e-06	7.027881e-09	1.787247e+01	4.664864e+02
1.910000e-06	2.626297e-06	7.164088e-09	1.770336e+01	4.630518e+02
1.920000e-06	2.600609e-06	6.984348e-09	1.753020e+01	4.594648e+02
1.930000e-06	2.574090e-06	6.906161e-09	1.735144e+01	4.557444e+02
1.940000e-06	2.546750e-06	6.912950e-09	1.716715e+01	4.519032e+02
1.950000e-06	2.518622e-06	6.786338e-09	1.697754e+01	4.479458e+02
1.960000e-06	2.489125e-06	6.809026e-09	1.677871e+01	4.438684e+02
1.970000e-06	2.458379e-06	6.697191e-09	1.657146e+01	4.396612e+02
1.980000e-06	2.426872e-06	6.529961e-09	1.635907e+01	4.353117e+02
1.990000e-06	2.394568e-06	6.630909e-09	1.614132e+01	4.308094e+02
2.000000e-06	2.361494e-06	6.517936e-09	1.591837e+01	4.261501e+02
2.010000e-06	2.327663e-06	6.342970e-09	1.569032e+01	4.213389e+02
2.020000e-06	2.293021e-06	6.392786e-09	1.545681e+01	4.163905e+02
2.030000e-06	2.257760e-06	6.253048e-09	1.521912e+01	4.113264e+02
2.040000e-06	2.221720e-06	6.128820e-09	1.497619e+01	4.061699e+02
2.050000e-06	2.184555e-06	6.172195e-09	1.472566e+01	4.009400e+02
2.060000e-06	2.146405e-06	6.018979e-09	1.446850e+01	3.956465e+02
2.070000e-06	2.107545e-06	5.902937e-09	1.420655e+01	3.902875e+02
2.080000e-06	2.068078e-06	5.888781e-09	1.394051e+01	3.848511e+02
2.090000e-06	2.027945e-06	5.777812e-09	1.366998e+01	3.793199e+02
2.100000e-06	1.987065e-06	5.690188e-09	1.339442e+01	3.736774e+02
2.110000e-06	1.945522e-06	5.594956e-09	1.311439e+01	3.679138e+02
2.120000e-06	1.903388e-06	5.502718e-09	1.283037e+01	3.620299e+02
2.130000e-06	1.860658e-06	5.449803e-09	1.254234e+01	3.560357e+02
2.140000e-06	1.817423e-06	5.343061e-09	1.225090e+01	3.499469e+02
2.150000e-06	1.773660e-06	5.233231e-09	1.195590e+01	3.437785e+02
2.160000e-06	1.729237e-06	5.138972e-09	1.165645e+01	3.375387e+02
2.170000e-06	1.684117e-06	5.042537e-09	1.135231e+01	3.312259e+02
2.180000e-06	1.638367e-06	4.954848e-09	1.104392e+01	3.248293e+02
2.190000e-06	1.592092e-06	4.847328e-09	1.073199e+01	3.183325e+02
2.200000e-06	1.545302e-06	4.749322e-09	1.041658e+01	3.117205e+02
2.210000e-06	1.497990e-06	4.652270e-09	1.009766e+01	3.049854e+02
2.220000e-06	1.450041e-06	4.546229e-09	9.774448e+00	2.981292e+02
2.230000e-06	1.401397e-06	4.451439e-09	9.446543e+00	2.911641e+02
2.240000e-06	1.352224e-06	4.318874e-09	9.115080e+00	2.841072e+02
2.250000e-06	1.302593e-06	4.208770e-09	8.780529e+00	2.769747e+02
2.260000e-06	1.252474e-06	4.122037e-09	8.442682e+00	2.697764e+02
2.270000e-06	1.201894e-06	4.003365e-09	8.101733e+00	2.625123e+02
2.280000e-06	1.150897e-06	3.889721e-09	7.757976e+00	2.551737e+02
2.290000e-06	1.099514e-06	3.773842e-09	7.411613e+00	2.477484e+02
2.300000e-06	1.047692e-06	3.665340e-09	7.062287e+00	2.402267e+02
2.310000e-06	9.953525e-07	3.557950e-09	6.709478e+00	2.326071e+02
2.320000e-06	9.424522e-07	3.432026e-09	6.352887e+00	2.248986e+02
2.330000e-06	8.889701e-07	3.311769e-09	5.992375e+00	2.171195e+02
2.340000e-06	8.349756e-07	3.196106e-09	5.628409e+00	2.092912e+02
2.350000e-06	7.805832e-07	3.077580e-09	5.261760e+00	2.014319e+02
2.360000e-06	7.258535e-07	2.957387e-09	4.892838e+00	1.935502e+02
2.370000e-06	6.708762e-07	2.831818e-09	4.522247e+00	1.856423e+02
2.380000e-06	6.157480e-07	2.717952e-09	4.150638e+00	1.776940e+02
2.390000e-06	5.605033e-07	2.605545e-09	3.778244e+00	1.696858e+02
2.400000e-06	5.051687e-07	2.482339e-09	3.405244e+00	1.615998e+02
2.410000e-06	4.497586e-07	2.355117e-09	3.031736e+00	1.534260e+02
2.420000e-06	3.942281e-07	2.222680e-09	2.657415e+00	1.451647e+02
2.430000e-06	3.385746e-07	2.099002e-09	2.282266e+00	1.368259e+02
2.440000e-06	2.828179e-07	1.974951e-09	1.906421e+00	1.284240e+02
2.450000e-06	2.268927e-07	1.844793e-09	1.529439e+00	1.199722e+02
2.460000e-06	1.708555e-07	1.716758e-09	1.151704e+00	1.114771e+02
2.470000e-06	1.148456e-07	1.589303e-09	7.741521e-01	1.029368e+02
2.480000e-06	5.891840e-08	1.465179e-09	3.971575e-01	9.434294e+01
2.490000e-06	2.964952e-09	1.334583e-09	1.998617e-02	8.568481e+01
2.500000e-06	-5.303934e-08	1.196897e-09	-3.575279e-01	7.695510e+01
2.510000e-06	-1.089951e-07	1.061111e-09	-7.347147e-01	6.815363e+01
2.520000e-06	-1.649282e-07	9.288252e-10	-1.111749e+00	5.928790e+01
2.530000e-06	-2.208713e-07	7.947488e-10	-1.488850e+00	5.037011e+01
2.540000e-06	-2.767085e-07	6.550643e-10	-1.865238e+00	4.141170e+01
2.550000e-06	-3.323318e-07	5.148911e-10	-2.240184e+00	3.241757e+01
2.560000e-06	-3.878079e-07	3.814733e-10	-2.614138e+00	2.338265e+01
2.570000e-06	-4.431857e-07	2.496324e-10	-2.987429e+00	1.429204e+01
2.580000e-06	-4.984716e-07	1.104241e-10	-3.360100e+00	5.125211e+00
2.590000e-06	-5.536883e-07	-3.377790e-11	-3.732306e+00	-4.137389e+00
2.600000e-06	-6.088658e-07	-1.797869e-10	-4.104246e+00	-1.350759e+01
2.610000e-06	-6.639642e-07	-3.238982e-10	-4.475654e+00	-2.298524e+01
2.620000e-06	-7.188889e-07	-4.684009e-10	-4.845891e+00	-3.255802e+01
2.630000e-06	-7.735825e-07	-6.154029e-10	-5.214570e+00	-4.220549e+01
2.640000e-06	-8.280083e-07	-7.630391e-10	-5.581443e+00	-5.190594e+01
2.650000e-06	-8.819930e-07	-9.095697e-10	-5.945344e+00	-6.164352e+01
2.660000e-06	-9.353771e-07	-1.057286e-09	-6.305196e+00	-7.141322e+01
2.670000e-06	-9.881101e-07	-1.209625e-09	-6.660659e+00	-8.122168e+01
2.680000e-06	-1.040202e-06	-1.364857e-09	-7.011799e+00	-9.108389e+01
2.690000e-06	-1.091848e-06	-1.518471e-09	-7.359937e+00	-1.010168e+02
2.700000e-06	-1.143157e-06	-1.670008e-09	-7.705800e+00	-1.110324e+02
2.710000e-06	-1.194113e-06	-1.822332e-09	-8.049286e+00	-1.211323e+02
2.720000e-06	-1.244664e-06	-1.975537e-09	-8.390038e+00	-1.313066e+02
2.730000e-06	-1.294705e-06	-2.130166e-09	-8.727356e+00	-1.415359e+02
2.740000e-06	-1.344206e-06	-2.286515e-09	-9.061031e+00	-1.517967e+02
2.750000e-06	-1.393256e-06	-2.444919e-09	-9.391666e+00	-1.620678e+02
2.760000e-06	-1.441739e-06	-2.603533e-09	-9.718480e+00	-1.723350e+02
2.770000e-06	-1.489336e-06	-2.759702e-09	-1.003933e+01	-1.825929e+02
2.780000e-06	-1.536086e-06	-2.913823e-09	-1.035446e+01	-1.928436e+02
2.790000e-06	-1.582198e-06	-3.067062e-09	-1.066529e+01	-2.030919e+02
2.800000e-06	-1.627830e-06	-3.221863e-09	-1.097289e+01	-2.133406e+02
2.810000e-06	-1.673099e-06	-3.378218e-09	-1.127804e+01	-2.235855e+02
2.820000e-06	-1.717879e-06	-3.535771e-09	-1.157989e+01	-2.338144e+02
2.830000e-06	-1.762012e-06	-3.693747e-09	-1.187738e+01	-2.440076e+02
2.840000e-06	-1.805595e-06	-3.849878e-09	-1.217116e+01	-2.541419e+02
2.850000e-06	-1.848798e-06	-4.003234e-09	-1.246239e+01	-2.641948e+02
2.860000e-06	-1.891537e-06	-4.154362e-09	-1.275048e+01	-2.741483e+02
2.870000e-06	-1.933584e-06	-4.303542e-09	-1.303391e+01	-2.839908e+02
2.880000e-06	-1.974967e-06	-4.451074e-09	-1.331287e+01	-2.937161e+02
2.890000e-06	-2.015732e-06	-4.598279e-09	-1.358766e+01	-3.033199e+02
2.900000e-06	-2.055795e-06	-4.743599e-09	-1.385772e+01	-3.127965e+02
2.910000e-06	-2.095255e-06	-4.886317e-09	-1.412371e+01	-3.221345e+02
2.920000e-06	-2.134134e-06	-5.027034e-09	-1.438578e+01	-3.313148e+02
2.930000e-06	-2.172177e-06	-5.168090e-09	-1.464222e+01	-3.403116e+02
2.940000e-06	-2.209105e-06	-5.306565e-09	-1.489115e+01	-3.490951e+02
2.950000e-06	-2.245011e-06	-5.438171e-09	-1.513318e+01	-3.576357e+02
2.960000e-06	-2.280228e-06	-5.564649e-09	-1.537057e+01	-3.659089e+02
2.970000e-06	-2.314778e-06	-5.687619e-09	-1.560347e+01	-3.738993e+02
2.980000e-06	-2.348494e-06	-5.807385e-09	-1.583075e+01	-3.816021e+02
2.990000e-06	-2.381356e-06	-5.923021e-09	-1.605226e+01	-3.890224e+02
3.000000e-06	-2.413408e-06	-6.032948e-09	-1.626832e+01	-3.961726e+02
3.010000e-06	-2.444739e-06	-6.138286e-09	-1.647951e+01	-4.030680e+02
3.020000e-06	-2.475328e-06	-6.240807e-09	-1.668571e+01	-4.097222e+02
3.030000e-06	-2.504864e-06	-6.342350e-09	-1.688480e+01	-4.161438e+02
3.040000e-06	-2.533147e-06	-6.440722e-09	-1.707545e+01	-4.223347e+02
3.050000e-06	-2.560492e-06	-6.532995e-09	-1.725978e+01	-4.282908e+02
3.060000e-06	-2.587116e-06	-6.619554e-09	-1.743925e+01	-4.340043e+02
3.070000e-06	-2.612854e-06	-6.701010e-09	-1.761274e+01	-4.394679e+02
3.080000e-06	-2.637635e-06	-6.778967e-09	-1.777979e+01	-4.446783e+02
3.090000e-06	-2.661535e-06	-6.854531e-09	-1.794089e+01	-4.496381e+02
3.100000e-06	-2.684746e-06	-6.929004e-09	-1.809735e+01	-4.543563e+02
3.110000e-06	-2.707057e-06	-7.001731e-09	-1.824775e+01	-4.588454e+02
3.120000e-06	-2.728043e-06	-7.071295e-09	-1.838921e+01	-4.631178e+02
3.130000e-06	-2.747879e-06	-7.135799e-09	-1.852292e+01	-4.671809e+02
3.140000e-06	-2.766864e-06	-7.193904e-09	-1.865089e+01	-4.710339e+02
3.150000e-06	-2.784956e-06	-7.248954e-09	-1.877285e+01	-4.746669e+02
3.160000e-06	-2.802172e-06	-7.302951e-09	-1.888890e+01	-4.780631e+02
3.170000e-06	-2.818445e-06	-7.353631e-09	-1.899859e+01	-4.812039e+02
3.180000e-06	-2.833811e-06	-7.400626e-09	-1.910217e+01	-4.840750e+02
3.190000e-06	-2.848196e-06	-7.445220e-09	-1.919914e+01	-4.866717e+02
3.200000e-06	-2.861127e-06	-7.485105e-09	-1.928630e+01	-4.890025e+02
3.210000e-06	-2.872688e-06	-7.516751e-09	-1.936423e+01	-4.910875e+02
3.220000e-06	-2.883256e-06	-7.542726e-09	-1.943547e+01	-4.929546e+02
3.230000e-06	-2.892868e-06	-7.567057e-09	-1.950026e+01	-4.946320e+02
3.240000e-06	-2.901436e-06	-7.592333e-09	-1.955802e+01	-4.961419e+02
3.250000e-06	-2.909115e-06	-7.615535e-09	-1.960978e+01	-4.974953e+02
3.260000e-06	-2.916011e-06	-7.633911e-09	-1.965626e+01	-4.986910e+02
3.270000e-06	-2.921729e-06	-7.651025e-09	-1.969481e+01	-4.997188e+02
3.280000e-06	-2.926078e-06	-7.667815e-09	-1.972412e+01	-5.005660e+02
3.290000e-06	-2.929369e-06	-7.677575e-09	-1.974631e+01	-5.012234e+02
3.300000e-06	-2.931771e-06	-7.679986e-09	-1.976250e+01	-5.016913e+02
3.310000e-06	-2.933290e-06	-7.681413e-09	-1.977274e+01	-5.019805e+02
3.320000e-06	-2.933837e-06	-7.681970e-09	-1.977643e+01	-5.021091e+02
