# Temperatura_=_24.68
# Concentracion g/m^3_=_18700.0
# C_Vs_to_Am_M_A/Vsm_=_65563218390.804596
# pendiente_HvsI_1/m_=_3716.3
# ordenada_HvsI_A/m_=_1297.0
# frecuencia_Hz_=_301075.2427400188

Tiempo_(s)	Campo_(V.s)	Magnetizacion_(V.s)	Campo_(kA/m)	Magnetizacion_(A/m)
0.000000e+00	-2.933417e-06	-7.740273e-09	-1.977750e+01	-5.059417e+02
1.000000e-08	-2.933049e-06	-7.741556e-09	-1.977502e+01	-5.059519e+02
2.000000e-08	-2.931837e-06	-7.742242e-09	-1.976685e+01	-5.058046e+02
3.000000e-08	-2.929463e-06	-7.740456e-09	-1.975084e+01	-5.055214e+02
4.000000e-08	-2.925862e-06	-7.736648e-09	-1.972656e+01	-5.051132e+02
5.000000e-08	-2.921338e-06	-7.729577e-09	-1.969606e+01	-5.045739e+02
6.000000e-08	-2.916009e-06	-7.715601e-09	-1.966014e+01	-5.038818e+02
7.000000e-08	-2.909774e-06	-7.690306e-09	-1.961810e+01	-5.030077e+02
8.000000e-08	-2.902535e-06	-7.664707e-09	-1.956929e+01	-5.019283e+02
9.000000e-08	-2.894189e-06	-7.680511e-09	-1.951302e+01	-5.006389e+02
1.000000e-07	-2.884503e-06	-7.711377e-09	-1.944772e+01	-4.991609e+02
1.100000e-07	-2.873356e-06	-7.659578e-09	-1.937256e+01	-4.975399e+02
1.200000e-07	-2.861153e-06	-7.521186e-09	-1.929029e+01	-4.958347e+02
1.300000e-07	-2.848207e-06	-7.505541e-09	-1.920301e+01	-4.940998e+02
1.400000e-07	-2.834280e-06	-7.613801e-09	-1.910910e+01	-4.923685e+02
1.500000e-07	-2.819128e-06	-7.541822e-09	-1.900695e+01	-4.906411e+02
1.600000e-07	-2.802767e-06	-7.396917e-09	-1.889664e+01	-4.888838e+02
1.700000e-07	-2.785218e-06	-7.484328e-09	-1.877832e+01	-4.870376e+02
1.800000e-07	-2.766667e-06	-7.505591e-09	-1.865325e+01	-4.850353e+02
1.900000e-07	-2.747385e-06	-7.335386e-09	-1.852325e+01	-4.828206e+02
2.000000e-07	-2.727364e-06	-7.345616e-09	-1.838826e+01	-4.803620e+02
2.100000e-07	-2.706387e-06	-7.367644e-09	-1.824683e+01	-4.776581e+02
2.200000e-07	-2.684449e-06	-7.192869e-09	-1.809892e+01	-4.747335e+02
2.300000e-07	-2.661719e-06	-7.177103e-09	-1.794567e+01	-4.716258e+02
2.400000e-07	-2.638099e-06	-7.256766e-09	-1.778643e+01	-4.683710e+02
2.500000e-07	-2.613609e-06	-7.096048e-09	-1.762131e+01	-4.649912e+02
2.600000e-07	-2.588223e-06	-6.983059e-09	-1.745016e+01	-4.614895e+02
2.700000e-07	-2.561667e-06	-7.017740e-09	-1.727111e+01	-4.578530e+02
2.800000e-07	-2.533971e-06	-6.949670e-09	-1.708438e+01	-4.540615e+02
2.900000e-07	-2.505419e-06	-6.865797e-09	-1.689188e+01	-4.500989e+02
3.000000e-07	-2.476000e-06	-6.814891e-09	-1.669353e+01	-4.459616e+02
3.100000e-07	-2.445740e-06	-6.727086e-09	-1.648952e+01	-4.416606e+02
3.200000e-07	-2.414779e-06	-6.696395e-09	-1.628077e+01	-4.372184e+02
3.300000e-07	-2.383058e-06	-6.640248e-09	-1.606691e+01	-4.326606e+02
3.400000e-07	-2.350613e-06	-6.507837e-09	-1.584815e+01	-4.280073e+02
3.500000e-07	-2.317448e-06	-6.455604e-09	-1.562455e+01	-4.232670e+02
3.600000e-07	-2.283306e-06	-6.412615e-09	-1.539436e+01	-4.184358e+02
3.700000e-07	-2.247998e-06	-6.322783e-09	-1.515631e+01	-4.135013e+02
3.800000e-07	-2.211752e-06	-6.258218e-09	-1.491194e+01	-4.084500e+02
3.900000e-07	-2.174855e-06	-6.164822e-09	-1.466317e+01	-4.032737e+02
4.000000e-07	-2.137277e-06	-6.055062e-09	-1.440982e+01	-3.979740e+02
4.100000e-07	-2.098933e-06	-6.005526e-09	-1.415129e+01	-3.925610e+02
4.200000e-07	-2.059831e-06	-5.931834e-09	-1.388766e+01	-3.870497e+02
4.300000e-07	-2.020021e-06	-5.813383e-09	-1.361926e+01	-3.814538e+02
4.400000e-07	-1.979624e-06	-5.733890e-09	-1.334690e+01	-3.757805e+02
4.500000e-07	-1.938728e-06	-5.671834e-09	-1.307117e+01	-3.700287e+02
4.600000e-07	-1.897149e-06	-5.579435e-09	-1.279084e+01	-3.641907e+02
4.700000e-07	-1.854564e-06	-5.468458e-09	-1.250372e+01	-3.582566e+02
4.800000e-07	-1.810952e-06	-5.364171e-09	-1.220969e+01	-3.522187e+02
4.900000e-07	-1.766643e-06	-5.274352e-09	-1.191095e+01	-3.460752e+02
5.000000e-07	-1.721859e-06	-5.197095e-09	-1.160901e+01	-3.398302e+02
5.100000e-07	-1.676564e-06	-5.103358e-09	-1.130362e+01	-3.334909e+02
5.200000e-07	-1.630637e-06	-4.989021e-09	-1.099398e+01	-3.270640e+02
5.300000e-07	-1.584147e-06	-4.889100e-09	-1.068054e+01	-3.205522e+02
5.400000e-07	-1.537161e-06	-4.800489e-09	-1.036375e+01	-3.139528e+02
5.500000e-07	-1.489610e-06	-4.696194e-09	-1.004315e+01	-3.072595e+02
5.600000e-07	-1.441529e-06	-4.582179e-09	-9.718986e+00	-3.004657e+02
5.700000e-07	-1.393028e-06	-4.474768e-09	-9.391987e+00	-2.935683e+02
5.800000e-07	-1.344058e-06	-4.375780e-09	-9.061827e+00	-2.865699e+02
5.900000e-07	-1.294435e-06	-4.277162e-09	-8.727261e+00	-2.794777e+02
6.000000e-07	-1.244061e-06	-4.160839e-09	-8.387627e+00	-2.723012e+02
6.100000e-07	-1.192942e-06	-4.039086e-09	-8.042980e+00	-2.650477e+02
6.200000e-07	-1.141187e-06	-3.931235e-09	-7.694036e+00	-2.577197e+02
6.300000e-07	-1.088948e-06	-3.825771e-09	-7.341835e+00	-2.503135e+02
6.400000e-07	-1.036398e-06	-3.708301e-09	-6.987538e+00	-2.428225e+02
6.500000e-07	-9.835576e-07	-3.584580e-09	-6.631280e+00	-2.352410e+02
6.600000e-07	-9.303379e-07	-3.468184e-09	-6.272466e+00	-2.275689e+02
6.700000e-07	-8.767185e-07	-3.357740e-09	-5.910956e+00	-2.198141e+02
6.800000e-07	-8.227798e-07	-3.242003e-09	-5.547294e+00	-2.119916e+02
6.900000e-07	-7.685855e-07	-3.115550e-09	-5.181909e+00	-2.041190e+02
7.000000e-07	-7.141740e-07	-2.988047e-09	-4.815059e+00	-1.962112e+02
7.100000e-07	-6.595794e-07	-2.868797e-09	-4.446975e+00	-1.882742e+02
7.200000e-07	-6.047810e-07	-2.749940e-09	-4.077516e+00	-1.803037e+02
7.300000e-07	-5.497637e-07	-2.622042e-09	-3.706582e+00	-1.722860e+02
7.400000e-07	-4.945495e-07	-2.493437e-09	-3.334321e+00	-1.642033e+02
7.500000e-07	-4.391179e-07	-2.372438e-09	-2.960593e+00	-1.560402e+02
7.600000e-07	-3.834787e-07	-2.252640e-09	-2.585466e+00	-1.477888e+02
7.700000e-07	-3.277142e-07	-2.124739e-09	-2.209494e+00	-1.394509e+02
7.800000e-07	-2.718504e-07	-1.987741e-09	-1.832853e+00	-1.310357e+02
7.900000e-07	-2.158599e-07	-1.852108e-09	-1.455357e+00	-1.225552e+02
8.000000e-07	-1.597922e-07	-1.724119e-09	-1.077341e+00	-1.140181e+02
8.100000e-07	-1.036974e-07	-1.596251e-09	-6.991422e-01	-1.054264e+02
8.200000e-07	-4.758120e-08	-1.463345e-09	-3.207990e-01	-9.677441e+01
8.300000e-07	8.519924e-09	-1.328834e-09	5.744250e-02	-8.805262e+01
8.400000e-07	6.462391e-08	-1.196112e-09	4.357033e-01	-7.925282e+01
8.500000e-07	1.207030e-07	-1.060895e-09	8.137961e-01	-7.037308e+01
8.600000e-07	1.767426e-07	-9.177392e-10	1.191623e+00	-6.141967e+01
8.700000e-07	2.327364e-07	-7.720606e-10	1.569141e+00	-5.240498e+01
8.800000e-07	2.886647e-07	-6.347791e-10	1.946217e+00	-4.334199e+01
8.900000e-07	3.445551e-07	-5.042231e-10	2.323038e+00	-3.423768e+01
9.000000e-07	4.003234e-07	-3.685920e-10	2.699035e+00	-2.508838e+01
9.100000e-07	4.558884e-07	-2.242038e-10	3.073662e+00	-1.587928e+01
9.200000e-07	5.112431e-07	-7.760320e-11	3.446871e+00	-6.589012e+00
9.300000e-07	5.663966e-07	6.748932e-11	3.818723e+00	2.802451e+00
9.400000e-07	6.213312e-07	2.151398e-10	4.189100e+00	1.230558e+01
9.500000e-07	6.760612e-07	3.649183e-10	4.558097e+00	2.191622e+01
9.600000e-07	7.306223e-07	5.129581e-10	4.925956e+00	3.161609e+01
9.700000e-07	7.849893e-07	6.575316e-10	5.292506e+00	4.137907e+01
9.800000e-07	8.391544e-07	8.015813e-10	5.657694e+00	5.118113e+01
9.900000e-07	8.929901e-07	9.500728e-10	6.020662e+00	6.100997e+01
1.000000e-06	9.464088e-07	1.103817e-09	6.380818e+00	7.087059e+01
1.010000e-06	9.994131e-07	1.259006e-09	6.738181e+00	8.078418e+01
1.020000e-06	1.052040e-06	1.412115e-09	7.092997e+00	9.078042e+01
1.030000e-06	1.104352e-06	1.565050e-09	7.445695e+00	1.008859e+02
1.040000e-06	1.156218e-06	1.720286e-09	7.795380e+00	1.111130e+02
1.050000e-06	1.207462e-06	1.877856e-09	8.140872e+00	1.214532e+02
1.060000e-06	1.258019e-06	2.036004e-09	8.481737e+00	1.318782e+02
1.070000e-06	1.307872e-06	2.195939e-09	8.817853e+00	1.423475e+02
1.080000e-06	1.357040e-06	2.358464e-09	9.149353e+00	1.528207e+02
1.090000e-06	1.405707e-06	2.520651e-09	9.477471e+00	1.632690e+02
1.100000e-06	1.454041e-06	2.680513e-09	9.803341e+00	1.736825e+02
1.110000e-06	1.502002e-06	2.838349e-09	1.012670e+01	1.840699e+02
1.120000e-06	1.549438e-06	2.996830e-09	1.044652e+01	1.944511e+02
1.130000e-06	1.596243e-06	3.156419e-09	1.076209e+01	2.048465e+02
1.140000e-06	1.642437e-06	3.315745e-09	1.107354e+01	2.152657e+02
1.150000e-06	1.688056e-06	3.473368e-09	1.138111e+01	2.257012e+02
1.160000e-06	1.733143e-06	3.631682e-09	1.168509e+01	2.361292e+02
1.170000e-06	1.777799e-06	3.790958e-09	1.198617e+01	2.465156e+02
1.180000e-06	1.822086e-06	3.948770e-09	1.228476e+01	2.568266e+02
1.190000e-06	1.865815e-06	4.104638e-09	1.257958e+01	2.670368e+02
1.200000e-06	1.908639e-06	4.258704e-09	1.286831e+01	2.771346e+02
1.210000e-06	1.950398e-06	4.411952e-09	1.314985e+01	2.871202e+02
1.220000e-06	1.991317e-06	4.564217e-09	1.342573e+01	2.969988e+02
1.230000e-06	2.031681e-06	4.712615e-09	1.369787e+01	3.067718e+02
1.240000e-06	2.071460e-06	4.855534e-09	1.396606e+01	3.164294e+02
1.250000e-06	2.110512e-06	4.996176e-09	1.422936e+01	3.259477e+02
1.260000e-06	2.148871e-06	5.137676e-09	1.448799e+01	3.352916e+02
1.270000e-06	2.186508e-06	5.279254e-09	1.474174e+01	3.444227e+02
1.280000e-06	2.223400e-06	5.416786e-09	1.499047e+01	3.533074e+02
1.290000e-06	2.259738e-06	5.547152e-09	1.523547e+01	3.619240e+02
1.300000e-06	2.295395e-06	5.670607e-09	1.547587e+01	3.702650e+02
1.310000e-06	2.329939e-06	5.789554e-09	1.570877e+01	3.783338e+02
1.320000e-06	2.363332e-06	5.905041e-09	1.593391e+01	3.861386e+02
1.330000e-06	2.395896e-06	6.018108e-09	1.615346e+01	3.936856e+02
1.340000e-06	2.427741e-06	6.127278e-09	1.636816e+01	4.009749e+02
1.350000e-06	2.458799e-06	6.232166e-09	1.657756e+01	4.080001e+02
1.360000e-06	2.489028e-06	6.335065e-09	1.678137e+01	4.147522e+02
1.370000e-06	2.518433e-06	6.434202e-09	1.697962e+01	4.212252e+02
1.380000e-06	2.547138e-06	6.527666e-09	1.717315e+01	4.274212e+02
1.390000e-06	2.575103e-06	6.615620e-09	1.736170e+01	4.333513e+02
1.400000e-06	2.601964e-06	6.699436e-09	1.754280e+01	4.390335e+02
1.410000e-06	2.627581e-06	6.780305e-09	1.771551e+01	4.444867e+02
1.420000e-06	2.652163e-06	6.857964e-09	1.788125e+01	4.497246e+02
1.430000e-06	2.675857e-06	6.931334e-09	1.804100e+01	4.547510e+02
1.440000e-06	2.698657e-06	7.000742e-09	1.819472e+01	4.595600e+02
1.450000e-06	2.720566e-06	7.068689e-09	1.834243e+01	4.641392e+02
1.460000e-06	2.741635e-06	7.136659e-09	1.848448e+01	4.684761e+02
1.470000e-06	2.761925e-06	7.201101e-09	1.862128e+01	4.725637e+02
1.480000e-06	2.781328e-06	7.256956e-09	1.875210e+01	4.764034e+02
1.490000e-06	2.799727e-06	7.305003e-09	1.887614e+01	4.800036e+02
1.500000e-06	2.817088e-06	7.349906e-09	1.899319e+01	4.833753e+02
1.510000e-06	2.833436e-06	7.395470e-09	1.910342e+01	4.865259e+02
1.520000e-06	2.848741e-06	7.441133e-09	1.920660e+01	4.894555e+02
1.530000e-06	2.862940e-06	7.481775e-09	1.930234e+01	4.921562e+02
1.540000e-06	2.876105e-06	7.516307e-09	1.939109e+01	4.946165e+02
1.550000e-06	2.888174e-06	7.548085e-09	1.947246e+01	4.968279e+02
1.560000e-06	2.898931e-06	7.577753e-09	1.954499e+01	4.987918e+02
1.570000e-06	2.908353e-06	7.603979e-09	1.960851e+01	5.005224e+02
1.580000e-06	2.916763e-06	7.625492e-09	1.966521e+01	5.020454e+02
1.590000e-06	2.924288e-06	7.644824e-09	1.971595e+01	5.033908e+02
1.600000e-06	2.930821e-06	7.663644e-09	1.976000e+01	5.045844e+02
1.610000e-06	2.936354e-06	7.680053e-09	1.979730e+01	5.056397e+02
1.620000e-06	2.940982e-06	7.692168e-09	1.982851e+01	5.065547e+02
1.630000e-06	2.944626e-06	7.700907e-09	1.985307e+01	5.073147e+02
1.640000e-06	2.947031e-06	7.709550e-09	1.986928e+01	5.079001e+02
1.650000e-06	2.948194e-06	7.717089e-09	1.987713e+01	5.082958e+02
1.660000e-06	2.948397e-06	7.721435e-09	1.987850e+01	5.084992e+02
1.670000e-06	2.947732e-06	7.722792e-09	1.987402e+01	5.085221e+02
1.680000e-06	2.946114e-06	7.721276e-09	1.986311e+01	5.083858e+02
1.690000e-06	2.943583e-06	7.717368e-09	1.984604e+01	5.081124e+02
1.700000e-06	2.940237e-06	7.710468e-09	1.982348e+01	5.077136e+02
1.710000e-06	2.936051e-06	7.700823e-09	1.979526e+01	5.071848e+02
1.720000e-06	2.930694e-06	7.692568e-09	1.975914e+01	5.065051e+02
1.730000e-06	2.924131e-06	7.695322e-09	1.971489e+01	5.056455e+02
1.740000e-06	2.916680e-06	7.679103e-09	1.966466e+01	5.045817e+02
1.750000e-06	2.908222e-06	7.601022e-09	1.960763e+01	5.033075e+02
1.760000e-06	2.898225e-06	7.544776e-09	1.954023e+01	5.018423e+02
1.770000e-06	2.886667e-06	7.613056e-09	1.946230e+01	5.002302e+02
1.780000e-06	2.874411e-06	7.665708e-09	1.937967e+01	4.985295e+02
1.790000e-06	2.862026e-06	7.533614e-09	1.929617e+01	4.967959e+02
1.800000e-06	2.848650e-06	7.428775e-09	1.920599e+01	4.950644e+02
1.810000e-06	2.833513e-06	7.532353e-09	1.910393e+01	4.933381e+02
1.820000e-06	2.817376e-06	7.516952e-09	1.899514e+01	4.915853e+02
1.830000e-06	2.800712e-06	7.355514e-09	1.888278e+01	4.897482e+02
1.840000e-06	2.782910e-06	7.414990e-09	1.876276e+01	4.877597e+02
1.850000e-06	2.763948e-06	7.469450e-09	1.863491e+01	4.855622e+02
1.860000e-06	2.744269e-06	7.275347e-09	1.850224e+01	4.831219e+02
1.870000e-06	2.723488e-06	7.273115e-09	1.836213e+01	4.804355e+02
1.880000e-06	2.701280e-06	7.379065e-09	1.821240e+01	4.775260e+02
1.890000e-06	2.678136e-06	7.178623e-09	1.805636e+01	4.744307e+02
1.900000e-06	2.654130e-06	7.091351e-09	1.789451e+01	4.711860e+02
1.910000e-06	2.629161e-06	7.210694e-09	1.772617e+01	4.678154e+02
1.920000e-06	2.603520e-06	7.096729e-09	1.755329e+01	4.643232e+02
1.930000e-06	2.577125e-06	6.971028e-09	1.737533e+01	4.606975e+02
1.940000e-06	2.549896e-06	6.980354e-09	1.719175e+01	4.569183e+02
1.950000e-06	2.521861e-06	6.893921e-09	1.700273e+01	4.529688e+02
1.960000e-06	2.492596e-06	6.846577e-09	1.680542e+01	4.488443e+02
1.970000e-06	2.461986e-06	6.795579e-09	1.659904e+01	4.445549e+02
1.980000e-06	2.430506e-06	6.650039e-09	1.638680e+01	4.401225e+02
1.990000e-06	2.398333e-06	6.644676e-09	1.616989e+01	4.355727e+02
2.000000e-06	2.365390e-06	6.616364e-09	1.594778e+01	4.309263e+02
2.010000e-06	2.331668e-06	6.458362e-09	1.572042e+01	4.261928e+02
2.020000e-06	2.297157e-06	6.417393e-09	1.548774e+01	4.213690e+02
2.030000e-06	2.261967e-06	6.350710e-09	1.525049e+01	4.164429e+02
2.040000e-06	2.226083e-06	6.231738e-09	1.500856e+01	4.114009e+02
2.050000e-06	2.189173e-06	6.211313e-09	1.475970e+01	4.062342e+02
2.060000e-06	2.151213e-06	6.119358e-09	1.450377e+01	4.009435e+02
2.070000e-06	2.112425e-06	5.995075e-09	1.424226e+01	3.955387e+02
2.080000e-06	2.072978e-06	5.947377e-09	1.397630e+01	3.900345e+02
2.090000e-06	2.032942e-06	5.864288e-09	1.370638e+01	3.844449e+02
2.100000e-06	1.992198e-06	5.765473e-09	1.343167e+01	3.787776e+02
2.110000e-06	1.950766e-06	5.671189e-09	1.315233e+01	3.730322e+02
2.120000e-06	1.908697e-06	5.578012e-09	1.286870e+01	3.672013e+02
2.130000e-06	1.866002e-06	5.512619e-09	1.258084e+01	3.612749e+02
2.140000e-06	1.822813e-06	5.419328e-09	1.228966e+01	3.552451e+02
2.150000e-06	1.779159e-06	5.310649e-09	1.199533e+01	3.491096e+02
2.160000e-06	1.734947e-06	5.214770e-09	1.169725e+01	3.428722e+02
2.170000e-06	1.690051e-06	5.124944e-09	1.139455e+01	3.365399e+02
2.180000e-06	1.644427e-06	5.040836e-09	1.108695e+01	3.301197e+02
2.190000e-06	1.598238e-06	4.929878e-09	1.077554e+01	3.236145e+02
2.200000e-06	1.551657e-06	4.821957e-09	1.046148e+01	3.170221e+02
2.210000e-06	1.504615e-06	4.728127e-09	1.014432e+01	3.103363e+02
2.220000e-06	1.456855e-06	4.622457e-09	9.822320e+00	3.035504e+02
2.230000e-06	1.408327e-06	4.520802e-09	9.495131e+00	2.966610e+02
2.240000e-06	1.359219e-06	4.406896e-09	9.164043e+00	2.896701e+02
2.250000e-06	1.309696e-06	4.295286e-09	8.830148e+00	2.825848e+02
2.260000e-06	1.259703e-06	4.203768e-09	8.493089e+00	2.754146e+02
2.270000e-06	1.209188e-06	4.093931e-09	8.152512e+00	2.681671e+02
2.280000e-06	1.158240e-06	3.974541e-09	7.809014e+00	2.608450e+02
2.290000e-06	1.106915e-06	3.859451e-09	7.462972e+00	2.534451e+02
2.300000e-06	1.055191e-06	3.745693e-09	7.114241e+00	2.459610e+02
2.310000e-06	1.002956e-06	3.636474e-09	6.762066e+00	2.383866e+02
2.320000e-06	9.501547e-07	3.517809e-09	6.406074e+00	2.307214e+02
2.330000e-06	8.967890e-07	3.399430e-09	6.046274e+00	2.229726e+02
2.340000e-06	8.428847e-07	3.285683e-09	5.682844e+00	2.151549e+02
2.350000e-06	7.885233e-07	3.167964e-09	5.316332e+00	2.072859e+02
2.360000e-06	7.338218e-07	3.047215e-09	4.947527e+00	1.993808e+02
2.370000e-06	6.788706e-07	2.921823e-09	4.577039e+00	1.914465e+02
2.380000e-06	6.237244e-07	2.802997e-09	4.205235e+00	1.834793e+02
2.390000e-06	5.684634e-07	2.686821e-09	3.832658e+00	1.754661e+02
2.400000e-06	5.131099e-07	2.564232e-09	3.459458e+00	1.673892e+02
2.410000e-06	4.576687e-07	2.440079e-09	3.085665e+00	1.592328e+02
2.420000e-06	4.021600e-07	2.313278e-09	2.711418e+00	1.509883e+02
2.430000e-06	3.465683e-07	2.188299e-09	2.336611e+00	1.426568e+02
2.440000e-06	2.908913e-07	2.063480e-09	1.961229e+00	1.342473e+02
2.450000e-06	2.351415e-07	1.934039e-09	1.585356e+00	1.257717e+02
2.460000e-06	1.792879e-07	1.805734e-09	1.208784e+00	1.172391e+02
2.470000e-06	1.233046e-07	1.677486e-09	8.313368e-01	1.086519e+02
2.480000e-06	6.727654e-08	1.547096e-09	4.535877e-01	1.000051e+02
2.490000e-06	1.128879e-08	1.414508e-09	7.611059e-02	9.128914e+01
2.500000e-06	-4.468979e-08	1.279236e-09	-3.013047e-01	8.249564e+01
2.510000e-06	-1.006801e-07	1.145189e-09	-6.787988e-01	7.362205e+01
2.520000e-06	-1.565969e-07	1.011883e-09	-1.055798e+00	6.467409e+01
2.530000e-06	-2.124099e-07	8.757481e-10	-1.432097e+00	5.566387e+01
2.540000e-06	-2.681934e-07	7.359111e-10	-1.808197e+00	4.660455e+01
2.550000e-06	-3.238904e-07	5.959270e-10	-2.183714e+00	3.750374e+01
2.560000e-06	-3.794669e-07	4.582225e-10	-2.558418e+00	2.835857e+01
2.570000e-06	-4.349827e-07	3.182048e-10	-2.932713e+00	1.915497e+01
2.580000e-06	-4.904104e-07	1.753745e-10	-3.306414e+00	9.871790e+00
2.590000e-06	-5.457076e-07	3.359602e-11	-3.679236e+00	4.886119e-01
2.600000e-06	-6.009185e-07	-1.076108e-10	-4.051475e+00	-9.005939e+00
2.610000e-06	-6.560687e-07	-2.519803e-10	-4.423305e+00	-1.860880e+01
2.620000e-06	-7.110614e-07	-4.005852e-10	-4.794074e+00	-2.830257e+01
2.630000e-06	-7.657525e-07	-5.502056e-10	-5.162809e+00	-3.806137e+01
2.640000e-06	-8.200294e-07	-6.991836e-10	-5.528751e+00	-4.786068e+01
2.650000e-06	-8.738697e-07	-8.491490e-10	-5.891750e+00	-5.768710e+01
2.660000e-06	-9.272153e-07	-1.002662e-09	-6.251413e+00	-6.754435e+01
2.670000e-06	-9.799803e-07	-1.157294e-09	-6.607162e+00	-7.745265e+01
2.680000e-06	-1.032158e-06	-1.309195e-09	-6.958948e+00	-8.744144e+01
2.690000e-06	-1.083863e-06	-1.459836e-09	-7.307551e+00	-9.753795e+01
2.700000e-06	-1.135218e-06	-1.613737e-09	-7.653797e+00	-1.077558e+02
2.710000e-06	-1.186206e-06	-1.771454e-09	-7.997561e+00	-1.180881e+02
2.720000e-06	-1.236776e-06	-1.930465e-09	-8.338511e+00	-1.285078e+02
2.730000e-06	-1.286898e-06	-2.089826e-09	-8.676443e+00	-1.389748e+02
2.740000e-06	-1.336506e-06	-2.251038e-09	-9.010906e+00	-1.494482e+02
2.750000e-06	-1.385575e-06	-2.413497e-09	-9.341736e+00	-1.598983e+02
2.760000e-06	-1.433996e-06	-2.572118e-09	-9.668197e+00	-1.703137e+02
2.770000e-06	-1.481625e-06	-2.725912e-09	-9.989319e+00	-1.807018e+02
2.780000e-06	-1.528404e-06	-2.878619e-09	-1.030471e+01	-1.910822e+02
2.790000e-06	-1.574489e-06	-3.035439e-09	-1.061542e+01	-2.014755e+02
2.800000e-06	-1.620197e-06	-3.196311e-09	-1.092359e+01	-2.118925e+02
2.810000e-06	-1.665606e-06	-3.357770e-09	-1.122975e+01	-2.223269e+02
2.820000e-06	-1.710545e-06	-3.518596e-09	-1.153273e+01	-2.327559e+02
2.830000e-06	-1.754853e-06	-3.678359e-09	-1.183146e+01	-2.431459e+02
2.840000e-06	-1.798596e-06	-3.837061e-09	-1.212638e+01	-2.534627e+02
2.850000e-06	-1.841898e-06	-3.992947e-09	-1.241833e+01	-2.636801e+02
2.860000e-06	-1.884707e-06	-4.144980e-09	-1.270695e+01	-2.737855e+02
2.870000e-06	-1.926850e-06	-4.294974e-09	-1.299109e+01	-2.837784e+02
2.880000e-06	-1.968337e-06	-4.445813e-09	-1.327080e+01	-2.936639e+02
2.890000e-06	-2.009200e-06	-4.597472e-09	-1.354630e+01	-3.034441e+02
2.900000e-06	-2.049368e-06	-4.748051e-09	-1.381712e+01	-3.131100e+02
2.910000e-06	-2.088933e-06	-4.895254e-09	-1.408387e+01	-3.226387e+02
2.920000e-06	-2.127933e-06	-5.038813e-09	-1.434682e+01	-3.319959e+02
2.930000e-06	-2.166110e-06	-5.179282e-09	-1.460421e+01	-3.411428e+02
2.940000e-06	-2.203205e-06	-5.315496e-09	-1.485431e+01	-3.500454e+02
2.950000e-06	-2.239283e-06	-5.446314e-09	-1.509755e+01	-3.586811e+02
2.960000e-06	-2.274637e-06	-5.572486e-09	-1.533591e+01	-3.670412e+02
2.970000e-06	-2.309305e-06	-5.697033e-09	-1.556965e+01	-3.751286e+02
2.980000e-06	-2.343130e-06	-5.821138e-09	-1.579770e+01	-3.829514e+02
2.990000e-06	-2.376103e-06	-5.942144e-09	-1.602001e+01	-3.905162e+02
3.000000e-06	-2.408308e-06	-6.055339e-09	-1.623714e+01	-3.978235e+02
3.010000e-06	-2.439806e-06	-6.161578e-09	-1.644951e+01	-4.048673e+02
3.020000e-06	-2.470562e-06	-6.264562e-09	-1.665687e+01	-4.116386e+02
3.030000e-06	-2.500293e-06	-6.365083e-09	-1.685732e+01	-4.181311e+02
3.040000e-06	-2.528805e-06	-6.463067e-09	-1.704955e+01	-4.243460e+02
3.050000e-06	-2.556348e-06	-6.556166e-09	-1.723525e+01	-4.302940e+02
3.060000e-06	-2.583080e-06	-6.643626e-09	-1.741548e+01	-4.359927e+02
3.070000e-06	-2.608913e-06	-6.727538e-09	-1.758965e+01	-4.414611e+02
3.080000e-06	-2.633813e-06	-6.810177e-09	-1.775753e+01	-4.467136e+02
3.090000e-06	-2.657831e-06	-6.889665e-09	-1.791946e+01	-4.517547e+02
3.100000e-06	-2.681105e-06	-6.964540e-09	-1.807638e+01	-4.565790e+02
3.110000e-06	-2.703490e-06	-7.035873e-09	-1.822730e+01	-4.611745e+02
3.120000e-06	-2.724614e-06	-7.104877e-09	-1.836972e+01	-4.655284e+02
3.130000e-06	-2.744550e-06	-7.170349e-09	-1.850413e+01	-4.696334e+02
3.140000e-06	-2.763589e-06	-7.228790e-09	-1.863250e+01	-4.734900e+02
3.150000e-06	-2.781778e-06	-7.282811e-09	-1.875513e+01	-4.771064e+02
3.160000e-06	-2.799047e-06	-7.337021e-09	-1.887156e+01	-4.804936e+02
3.170000e-06	-2.815419e-06	-7.390947e-09	-1.898194e+01	-4.836593e+02
3.180000e-06	-2.830976e-06	-7.441540e-09	-1.908683e+01	-4.866043e+02
3.190000e-06	-2.845524e-06	-7.487031e-09	-1.918491e+01	-4.893212e+02
3.200000e-06	-2.858700e-06	-7.526675e-09	-1.927375e+01	-4.917984e+02
3.210000e-06	-2.870522e-06	-7.559764e-09	-1.935345e+01	-4.940272e+02
3.220000e-06	-2.881254e-06	-7.587251e-09	-1.942581e+01	-4.960078e+02
3.230000e-06	-2.891005e-06	-7.612369e-09	-1.949155e+01	-4.977539e+02
3.240000e-06	-2.899760e-06	-7.637060e-09	-1.955058e+01	-4.992901e+02
3.250000e-06	-2.907624e-06	-7.660384e-09	-1.960360e+01	-5.006467e+02
3.260000e-06	-2.914661e-06	-7.681755e-09	-1.965104e+01	-5.018500e+02
3.270000e-06	-2.920568e-06	-7.700207e-09	-1.969087e+01	-5.029145e+02
3.280000e-06	-2.925131e-06	-7.715830e-09	-1.972163e+01	-5.038393e+02
3.290000e-06	-2.928585e-06	-7.727334e-09	-1.974493e+01	-5.046105e+02
3.300000e-06	-2.931117e-06	-7.733852e-09	-1.976199e+01	-5.052083e+02
3.310000e-06	-2.932700e-06	-7.738204e-09	-1.977266e+01	-5.056173e+02
3.320000e-06	-2.933335e-06	-7.739985e-09	-1.977695e+01	-5.058337e+02
