# Temperatura_=_20.2
# Concentracion g/m^3_=_18700.0
# C_Vs_to_Am_M_A/Vsm_=_65563218390.804596
# pendiente_HvsI_1/m_=_3716.3
# ordenada_HvsI_A/m_=_1297.0
# frecuencia_Hz_=_301072.85073957854

Tiempo_(s)	Campo_(V.s)	Magnetizacion_(V.s)	Campo_(kA/m)	Magnetizacion_(A/m)
0.000000e+00	-2.936493e-06	-7.611227e-09	-1.977216e+01	-4.968813e+02
1.000000e-08	-2.935326e-06	-7.611562e-09	-1.976430e+01	-4.967656e+02
2.000000e-08	-2.933088e-06	-7.609617e-09	-1.974923e+01	-4.965085e+02
3.000000e-08	-2.929655e-06	-7.603293e-09	-1.972612e+01	-4.961079e+02
4.000000e-08	-2.925233e-06	-7.594111e-09	-1.969634e+01	-4.955538e+02
5.000000e-08	-2.919964e-06	-7.582462e-09	-1.966086e+01	-4.948312e+02
6.000000e-08	-2.913747e-06	-7.565755e-09	-1.961900e+01	-4.939255e+02
7.000000e-08	-2.906539e-06	-7.538152e-09	-1.957047e+01	-4.928292e+02
8.000000e-08	-2.898226e-06	-7.530342e-09	-1.951450e+01	-4.915470e+02
9.000000e-08	-2.888569e-06	-7.539230e-09	-1.944947e+01	-4.900979e+02
1.000000e-07	-2.877410e-06	-7.530216e-09	-1.937433e+01	-4.885130e+02
1.100000e-07	-2.865157e-06	-7.431625e-09	-1.929183e+01	-4.868290e+02
1.200000e-07	-2.852172e-06	-7.374417e-09	-1.920440e+01	-4.850794e+02
1.300000e-07	-2.838243e-06	-7.430931e-09	-1.911061e+01	-4.832857e+02
1.400000e-07	-2.823138e-06	-7.427385e-09	-1.900891e+01	-4.814519e+02
1.500000e-07	-2.806863e-06	-7.292928e-09	-1.889933e+01	-4.795627e+02
1.600000e-07	-2.789422e-06	-7.290049e-09	-1.878189e+01	-4.775876e+02
1.700000e-07	-2.770912e-06	-7.364156e-09	-1.865726e+01	-4.754879e+02
1.800000e-07	-2.751632e-06	-7.240275e-09	-1.852744e+01	-4.732260e+02
1.900000e-07	-2.731636e-06	-7.182074e-09	-1.839280e+01	-4.707735e+02
2.000000e-07	-2.710723e-06	-7.222703e-09	-1.825199e+01	-4.681156e+02
2.100000e-07	-2.688848e-06	-7.108175e-09	-1.810470e+01	-4.652522e+02
2.200000e-07	-2.666141e-06	-7.016881e-09	-1.795181e+01	-4.621943e+02
2.300000e-07	-2.642583e-06	-7.072489e-09	-1.779318e+01	-4.589587e+02
2.400000e-07	-2.618119e-06	-6.986963e-09	-1.762847e+01	-4.555618e+02
2.500000e-07	-2.592725e-06	-6.862321e-09	-1.745748e+01	-4.520160e+02
2.600000e-07	-2.566172e-06	-6.855928e-09	-1.727869e+01	-4.483276e+02
2.700000e-07	-2.538432e-06	-6.825971e-09	-1.709191e+01	-4.444977e+02
2.800000e-07	-2.509837e-06	-6.734355e-09	-1.689938e+01	-4.405252e+02
2.900000e-07	-2.480470e-06	-6.657988e-09	-1.670164e+01	-4.364096e+02
3.000000e-07	-2.450247e-06	-6.585980e-09	-1.649814e+01	-4.321531e+02
3.100000e-07	-2.419248e-06	-6.547154e-09	-1.628942e+01	-4.277612e+02
3.200000e-07	-2.387527e-06	-6.490937e-09	-1.607583e+01	-4.232421e+02
3.300000e-07	-2.355110e-06	-6.370571e-09	-1.585756e+01	-4.186043e+02
3.400000e-07	-2.321981e-06	-6.323236e-09	-1.563450e+01	-4.138554e+02
3.500000e-07	-2.287901e-06	-6.261076e-09	-1.540502e+01	-4.090002e+02
3.600000e-07	-2.252630e-06	-6.163528e-09	-1.516753e+01	-4.040410e+02
3.700000e-07	-2.216376e-06	-6.107863e-09	-1.492343e+01	-3.989779e+02
3.800000e-07	-2.179475e-06	-6.017662e-09	-1.467496e+01	-3.938103e+02
3.900000e-07	-2.141917e-06	-5.904975e-09	-1.442207e+01	-3.885376e+02
4.000000e-07	-2.103597e-06	-5.858548e-09	-1.416405e+01	-3.831603e+02
4.100000e-07	-2.064517e-06	-5.785803e-09	-1.390092e+01	-3.776794e+02
4.200000e-07	-2.024767e-06	-5.666989e-09	-1.363328e+01	-3.720973e+02
4.300000e-07	-1.984438e-06	-5.591523e-09	-1.336173e+01	-3.664165e+02
4.400000e-07	-1.943557e-06	-5.516760e-09	-1.308647e+01	-3.606400e+02
4.500000e-07	-1.901930e-06	-5.423694e-09	-1.280618e+01	-3.547709e+02
4.600000e-07	-1.859313e-06	-5.320426e-09	-1.251923e+01	-3.488123e+02
4.700000e-07	-1.815747e-06	-5.220027e-09	-1.222589e+01	-3.427669e+02
4.800000e-07	-1.771512e-06	-5.129601e-09	-1.192804e+01	-3.366365e+02
4.900000e-07	-1.726768e-06	-5.049169e-09	-1.162677e+01	-3.304211e+02
5.000000e-07	-1.681464e-06	-4.955890e-09	-1.132173e+01	-3.241189e+02
5.100000e-07	-1.635595e-06	-4.848828e-09	-1.101288e+01	-3.177263e+02
5.200000e-07	-1.589152e-06	-4.746732e-09	-1.070017e+01	-3.112388e+02
5.300000e-07	-1.542097e-06	-4.645509e-09	-1.038333e+01	-3.046533e+02
5.400000e-07	-1.494451e-06	-4.546593e-09	-1.006252e+01	-2.979689e+02
5.500000e-07	-1.446338e-06	-4.438677e-09	-9.738563e+00	-2.911885e+02
5.600000e-07	-1.397836e-06	-4.330971e-09	-9.411986e+00	-2.843180e+02
5.700000e-07	-1.348840e-06	-4.229546e-09	-9.082082e+00	-2.773656e+02
5.800000e-07	-1.299096e-06	-4.130740e-09	-8.747146e+00	-2.703386e+02
5.900000e-07	-1.248523e-06	-4.015527e-09	-8.406624e+00	-2.632411e+02
6.000000e-07	-1.197292e-06	-3.895568e-09	-8.061672e+00	-2.560731e+02
6.100000e-07	-1.145519e-06	-3.786150e-09	-7.713074e+00	-2.488296e+02
6.200000e-07	-1.093306e-06	-3.677781e-09	-7.361508e+00	-2.415037e+02
6.300000e-07	-1.040777e-06	-3.568204e-09	-7.007821e+00	-2.340892e+02
6.400000e-07	-9.879152e-07	-3.449945e-09	-6.651886e+00	-2.265844e+02
6.500000e-07	-9.346344e-07	-3.332614e-09	-6.293133e+00	-2.189939e+02
6.600000e-07	-8.809820e-07	-3.216385e-09	-5.931878e+00	-2.113290e+02
6.700000e-07	-8.270206e-07	-3.098942e-09	-5.568542e+00	-2.036046e+02
6.800000e-07	-7.727755e-07	-2.975262e-09	-5.203295e+00	-1.958358e+02
6.900000e-07	-7.183493e-07	-2.850439e-09	-4.836830e+00	-1.880333e+02
7.000000e-07	-6.637674e-07	-2.731622e-09	-4.469316e+00	-1.801999e+02
7.100000e-07	-6.089821e-07	-2.615351e-09	-4.100432e+00	-1.723303e+02
7.200000e-07	-5.539654e-07	-2.494816e-09	-3.729991e+00	-1.644129e+02
7.300000e-07	-4.986352e-07	-2.366422e-09	-3.357438e+00	-1.564333e+02
7.400000e-07	-4.430537e-07	-2.241542e-09	-2.983194e+00	-1.483791e+02
7.500000e-07	-3.872976e-07	-2.120699e-09	-2.607774e+00	-1.402429e+02
7.600000e-07	-3.313827e-07	-1.998249e-09	-2.231285e+00	-1.320241e+02
7.700000e-07	-2.753828e-07	-1.866634e-09	-1.854223e+00	-1.237272e+02
7.800000e-07	-2.193166e-07	-1.733725e-09	-1.476715e+00	-1.153594e+02
7.900000e-07	-1.632062e-07	-1.606684e-09	-1.098909e+00	-1.069275e+02
8.000000e-07	-1.070768e-07	-1.480083e-09	-7.209755e-01	-9.843557e+01
8.100000e-07	-5.092888e-08	-1.349606e-09	-3.429172e-01	-8.988480e+01
8.200000e-07	5.212012e-09	-1.214241e-09	3.509381e-02	-8.127489e+01
8.300000e-07	6.134466e-08	-1.080745e-09	4.130493e-01	-7.260630e+01
8.400000e-07	1.174703e-07	-9.488988e-10	7.909579e-01	-6.388207e+01
8.500000e-07	1.735643e-07	-8.143669e-10	1.168653e+00	-5.510794e+01
8.600000e-07	2.296171e-07	-6.737667e-10	1.546071e+00	-4.629049e+01
8.700000e-07	2.855828e-07	-5.357431e-10	1.922902e+00	-3.743381e+01
8.800000e-07	3.414302e-07	-4.039977e-10	2.298937e+00	-2.853626e+01
8.900000e-07	3.972353e-07	-2.719151e-10	2.674687e+00	-1.958869e+01
9.000000e-07	4.529419e-07	-1.341345e-10	3.049773e+00	-1.057555e+01
9.100000e-07	5.084005e-07	8.489565e-12	3.423191e+00	-1.478680e+00
9.200000e-07	5.636200e-07	1.509196e-10	3.794998e+00	7.717006e+00
9.300000e-07	6.186442e-07	2.946573e-10	4.165490e+00	1.701819e+01
9.400000e-07	6.734640e-07	4.390482e-10	4.534606e+00	2.642013e+01
9.500000e-07	7.281139e-07	5.848279e-10	4.902577e+00	3.590735e+01
9.600000e-07	7.825536e-07	7.289063e-10	5.269134e+00	4.545814e+01
9.700000e-07	8.366970e-07	8.723031e-10	5.633695e+00	5.505155e+01
9.800000e-07	8.905647e-07	1.017545e-09	5.996400e+00	6.467424e+01
9.900000e-07	9.441050e-07	1.165551e-09	6.356900e+00	7.432493e+01
1.000000e-06	9.972377e-07	1.315759e-09	6.714657e+00	8.401451e+01
1.010000e-06	1.049968e-06	1.464043e-09	7.069707e+00	9.376173e+01
1.020000e-06	1.102346e-06	1.612159e-09	7.422376e+00	1.035857e+02
1.030000e-06	1.154385e-06	1.762422e-09	7.772769e+00	1.134981e+02
1.040000e-06	1.205891e-06	1.915804e-09	8.119575e+00	1.234978e+02
1.050000e-06	1.256710e-06	2.069625e-09	8.461753e+00	1.335694e+02
1.060000e-06	1.306790e-06	2.223997e-09	8.798948e+00	1.436873e+02
1.070000e-06	1.356105e-06	2.378585e-09	9.131000e+00	1.538226e+02
1.080000e-06	1.404857e-06	2.533800e-09	9.459263e+00	1.639510e+02
1.090000e-06	1.453236e-06	2.687436e-09	9.785012e+00	1.740591e+02
1.100000e-06	1.501256e-06	2.840050e-09	1.010834e+01	1.841460e+02
1.110000e-06	1.548794e-06	2.996029e-09	1.042843e+01	1.942204e+02
1.120000e-06	1.595769e-06	3.153148e-09	1.074472e+01	2.042941e+02
1.130000e-06	1.642201e-06	3.307888e-09	1.105736e+01	2.143746e+02
1.140000e-06	1.688010e-06	3.459345e-09	1.136580e+01	2.244590e+02
1.150000e-06	1.733189e-06	3.610969e-09	1.167001e+01	2.345319e+02
1.160000e-06	1.777873e-06	3.763520e-09	1.197087e+01	2.445678e+02
1.170000e-06	1.822162e-06	3.915732e-09	1.226908e+01	2.545368e+02
1.180000e-06	1.865979e-06	4.065965e-09	1.256412e+01	2.644113e+02
1.190000e-06	1.909004e-06	4.214657e-09	1.285381e+01	2.741719e+02
1.200000e-06	1.951024e-06	4.362802e-09	1.313675e+01	2.838090e+02
1.210000e-06	1.992132e-06	4.508321e-09	1.341354e+01	2.933211e+02
1.220000e-06	2.032572e-06	4.650581e-09	1.368583e+01	3.027100e+02
1.230000e-06	2.072417e-06	4.789148e-09	1.395411e+01	3.119741e+02
1.240000e-06	2.111590e-06	4.925263e-09	1.421788e+01	3.211039e+02
1.250000e-06	2.150058e-06	5.059713e-09	1.447689e+01	3.300799e+02
1.260000e-06	2.187736e-06	5.192855e-09	1.473058e+01	3.388749e+02
1.270000e-06	2.224684e-06	5.323021e-09	1.497936e+01	3.474586e+02
1.280000e-06	2.261036e-06	5.448853e-09	1.522413e+01	3.558037e+02
1.290000e-06	2.296735e-06	5.571599e-09	1.546450e+01	3.638912e+02
1.300000e-06	2.331459e-06	5.689514e-09	1.569831e+01	3.717130e+02
1.310000e-06	2.365012e-06	5.802650e-09	1.592423e+01	3.792707e+02
1.320000e-06	2.397656e-06	5.911792e-09	1.614403e+01	3.865728e+02
1.330000e-06	2.429554e-06	6.016771e-09	1.635881e+01	3.936298e+02
1.340000e-06	2.460643e-06	6.117742e-09	1.656814e+01	4.004497e+02
1.350000e-06	2.490952e-06	6.216636e-09	1.677222e+01	4.070360e+02
1.360000e-06	2.520467e-06	6.313186e-09	1.697095e+01	4.133871e+02
1.370000e-06	2.549211e-06	6.407139e-09	1.716449e+01	4.194984e+02
1.380000e-06	2.577235e-06	6.497593e-09	1.735318e+01	4.253653e+02
1.390000e-06	2.604278e-06	6.582827e-09	1.753527e+01	4.309859e+02
1.400000e-06	2.630030e-06	6.662093e-09	1.770866e+01	4.363623e+02
1.410000e-06	2.654691e-06	6.737128e-09	1.787471e+01	4.415005e+02
1.420000e-06	2.678519e-06	6.809096e-09	1.803515e+01	4.464089e+02
1.430000e-06	2.701447e-06	6.877453e-09	1.818953e+01	4.510955e+02
1.440000e-06	2.723440e-06	6.943694e-09	1.833762e+01	4.555662e+02
1.450000e-06	2.744552e-06	7.009454e-09	1.847977e+01	4.598228e+02
1.460000e-06	2.764860e-06	7.073386e-09	1.861651e+01	4.638631e+02
1.470000e-06	2.784324e-06	7.130644e-09	1.874757e+01	4.676811e+02
1.480000e-06	2.802798e-06	7.180429e-09	1.887196e+01	4.712692e+02
1.490000e-06	2.820229e-06	7.225899e-09	1.898932e+01	4.746196e+02
1.500000e-06	2.836610e-06	7.269196e-09	1.909962e+01	4.777262e+02
1.510000e-06	2.851892e-06	7.309971e-09	1.920252e+01	4.805868e+02
1.520000e-06	2.866105e-06	7.347595e-09	1.929822e+01	4.832033e+02
1.530000e-06	2.879294e-06	7.382359e-09	1.938702e+01	4.855828e+02
1.540000e-06	2.891417e-06	7.413736e-09	1.946865e+01	4.877369e+02
1.550000e-06	2.902256e-06	7.443143e-09	1.954163e+01	4.896803e+02
1.560000e-06	2.911753e-06	7.469839e-09	1.960558e+01	4.914287e+02
1.570000e-06	2.920220e-06	7.492421e-09	1.966259e+01	4.929965e+02
1.580000e-06	2.927789e-06	7.511616e-09	1.971355e+01	4.943939e+02
1.590000e-06	2.934360e-06	7.528306e-09	1.975780e+01	4.956260e+02
1.600000e-06	2.939911e-06	7.543579e-09	1.979518e+01	4.966923e+02
1.610000e-06	2.944572e-06	7.557323e-09	1.982656e+01	4.975887e+02
1.620000e-06	2.948305e-06	7.567552e-09	1.985169e+01	4.983100e+02
1.630000e-06	2.950825e-06	7.575392e-09	1.986866e+01	4.988537e+02
1.640000e-06	2.952061e-06	7.581903e-09	1.987698e+01	4.992218e+02
1.650000e-06	2.952286e-06	7.585574e-09	1.987850e+01	4.994215e+02
1.660000e-06	2.951663e-06	7.587242e-09	1.987430e+01	4.994633e+02
1.670000e-06	2.950134e-06	7.585421e-09	1.986401e+01	4.993577e+02
1.680000e-06	2.947671e-06	7.581997e-09	1.984742e+01	4.991105e+02
1.690000e-06	2.944365e-06	7.577879e-09	1.982517e+01	4.987202e+02
1.700000e-06	2.940233e-06	7.570702e-09	1.979734e+01	4.981774e+02
1.710000e-06	2.934990e-06	7.560841e-09	1.976204e+01	4.974672e+02
1.720000e-06	2.928549e-06	7.550704e-09	1.971867e+01	4.965747e+02
1.730000e-06	2.921145e-06	7.545047e-09	1.966882e+01	4.954919e+02
1.740000e-06	2.912755e-06	7.494330e-09	1.961232e+01	4.942223e+02
1.750000e-06	2.902940e-06	7.441256e-09	1.954624e+01	4.927840e+02
1.760000e-06	2.891536e-06	7.454787e-09	1.946945e+01	4.912075e+02
1.770000e-06	2.879297e-06	7.500829e-09	1.938705e+01	4.895292e+02
1.780000e-06	2.866834e-06	7.445040e-09	1.930313e+01	4.877831e+02
1.790000e-06	2.853440e-06	7.306683e-09	1.921295e+01	4.859920e+02
1.800000e-06	2.838409e-06	7.350535e-09	1.911174e+01	4.841612e+02
1.810000e-06	2.822250e-06	7.385385e-09	1.900293e+01	4.822767e+02
1.820000e-06	2.805505e-06	7.247613e-09	1.889019e+01	4.803088e+02
1.830000e-06	2.787717e-06	7.215443e-09	1.877041e+01	4.782191e+02
1.840000e-06	2.768758e-06	7.274908e-09	1.864276e+01	4.759697e+02
1.850000e-06	2.749059e-06	7.161784e-09	1.851012e+01	4.735313e+02
1.860000e-06	2.728332e-06	7.086298e-09	1.837055e+01	4.708881e+02
1.870000e-06	2.706218e-06	7.184854e-09	1.822166e+01	4.680389e+02
1.880000e-06	2.683039e-06	7.095131e-09	1.806559e+01	4.649942e+02
1.890000e-06	2.659005e-06	6.952153e-09	1.790376e+01	4.617705e+02
1.900000e-06	2.634062e-06	7.008257e-09	1.773581e+01	4.583845e+02
1.910000e-06	2.608390e-06	6.951921e-09	1.756295e+01	4.548489e+02
1.920000e-06	2.581959e-06	6.817632e-09	1.738499e+01	4.511704e+02
1.930000e-06	2.554704e-06	6.805083e-09	1.720148e+01	4.473505e+02
1.940000e-06	2.526678e-06	6.751136e-09	1.701277e+01	4.433881e+02
1.950000e-06	2.497481e-06	6.702547e-09	1.681618e+01	4.392825e+02
1.960000e-06	2.466958e-06	6.644922e-09	1.661066e+01	4.350357e+02
1.970000e-06	2.435539e-06	6.511940e-09	1.639911e+01	4.306531e+02
1.980000e-06	2.403349e-06	6.486261e-09	1.618237e+01	4.261426e+02
1.990000e-06	2.370364e-06	6.451482e-09	1.596027e+01	4.215128e+02
2.000000e-06	2.336637e-06	6.302112e-09	1.573317e+01	4.167715e+02
2.010000e-06	2.302097e-06	6.270998e-09	1.550061e+01	4.119236e+02
2.020000e-06	2.266889e-06	6.215697e-09	1.526355e+01	4.069716e+02
2.030000e-06	2.231055e-06	6.078288e-09	1.502227e+01	4.019157e+02
2.040000e-06	2.194213e-06	6.058694e-09	1.477420e+01	3.967555e+02
2.050000e-06	2.156284e-06	5.976585e-09	1.451881e+01	3.914901e+02
2.060000e-06	2.117497e-06	5.844154e-09	1.425765e+01	3.861200e+02
2.070000e-06	2.078029e-06	5.802801e-09	1.399190e+01	3.806464e+02
2.080000e-06	2.037944e-06	5.712930e-09	1.372200e+01	3.750712e+02
2.090000e-06	1.997176e-06	5.608415e-09	1.344749e+01	3.693972e+02
2.100000e-06	1.955763e-06	5.533137e-09	1.316865e+01	3.636272e+02
2.110000e-06	1.913740e-06	5.435392e-09	1.288570e+01	3.577644e+02
2.120000e-06	1.871043e-06	5.366122e-09	1.259821e+01	3.518120e+02
2.130000e-06	1.827788e-06	5.276656e-09	1.230696e+01	3.457726e+02
2.140000e-06	1.784083e-06	5.161256e-09	1.201269e+01	3.396480e+02
2.150000e-06	1.739808e-06	5.074289e-09	1.171457e+01	3.334386e+02
2.160000e-06	1.694796e-06	4.974497e-09	1.141150e+01	3.271425e+02
2.170000e-06	1.649057e-06	4.882136e-09	1.110352e+01	3.207563e+02
2.180000e-06	1.602833e-06	4.788856e-09	1.079229e+01	3.142756e+02
2.190000e-06	1.556228e-06	4.686440e-09	1.047848e+01	3.076969e+02
2.200000e-06	1.509099e-06	4.587929e-09	1.016115e+01	3.010194e+02
2.210000e-06	1.461251e-06	4.480099e-09	9.838974e+00	2.942454e+02
2.220000e-06	1.412620e-06	4.378124e-09	9.511534e+00	2.873810e+02
2.230000e-06	1.363446e-06	4.266883e-09	9.180434e+00	2.804340e+02
2.240000e-06	1.313901e-06	4.155524e-09	8.846830e+00	2.734119e+02
2.250000e-06	1.263871e-06	4.062691e-09	8.509970e+00	2.663193e+02
2.260000e-06	1.213319e-06	3.956254e-09	8.169589e+00	2.591562e+02
2.270000e-06	1.162325e-06	3.839747e-09	7.826234e+00	2.519181e+02
2.280000e-06	1.110948e-06	3.726909e-09	7.480299e+00	2.445982e+02
2.290000e-06	1.059178e-06	3.611739e-09	7.131716e+00	2.371900e+02
2.300000e-06	1.006928e-06	3.504338e-09	6.779901e+00	2.296914e+02
2.310000e-06	9.541290e-07	3.387580e-09	6.424395e+00	2.221066e+02
2.320000e-06	9.007703e-07	3.269069e-09	6.065117e+00	2.144463e+02
2.330000e-06	8.469220e-07	3.159028e-09	5.702543e+00	2.067254e+02
2.340000e-06	7.925931e-07	3.042329e-09	5.336732e+00	1.989593e+02
2.350000e-06	7.378468e-07	2.924309e-09	4.968111e+00	1.911587e+02
2.360000e-06	6.828404e-07	2.800341e-09	4.597739e+00	1.833274e+02
2.370000e-06	6.276476e-07	2.680873e-09	4.226112e+00	1.754606e+02
2.380000e-06	5.723382e-07	2.568584e-09	3.853699e+00	1.675469e+02
2.390000e-06	5.169391e-07	2.450722e-09	3.480684e+00	1.595720e+02
2.400000e-06	4.614916e-07	2.327269e-09	3.107341e+00	1.515233e+02
2.410000e-06	4.059898e-07	2.198675e-09	2.733633e+00	1.433929e+02
2.420000e-06	3.503312e-07	2.072623e-09	2.358870e+00	1.351797e+02
2.430000e-06	2.945026e-07	1.949640e-09	1.982961e+00	1.268879e+02
2.440000e-06	2.385936e-07	1.823975e-09	1.606512e+00	1.185248e+02
2.450000e-06	1.826323e-07	1.697200e-09	1.229710e+00	1.100972e+02
2.460000e-06	1.265831e-07	1.570455e-09	8.523165e-01	1.016093e+02
2.470000e-06	7.046080e-08	1.442371e-09	4.744306e-01	9.306253e+01
2.480000e-06	1.436733e-08	1.312232e-09	9.673893e-02	8.445667e+01
2.490000e-06	-4.171287e-08	1.177862e-09	-2.808634e-01	7.579203e+01
2.500000e-06	-9.779058e-08	1.044591e-09	-6.584490e-01	6.707144e+01
2.510000e-06	-1.537713e-07	9.139927e-10	-1.035382e+00	5.830048e+01
2.520000e-06	-2.096786e-07	7.824379e-10	-1.411820e+00	4.948575e+01
2.530000e-06	-2.655287e-07	6.480421e-10	-1.787873e+00	4.063167e+01
2.540000e-06	-3.213077e-07	5.096597e-10	-2.163447e+00	3.173708e+01
2.550000e-06	-3.769957e-07	3.739716e-10	-2.538409e+00	2.279337e+01
2.560000e-06	-4.325620e-07	2.398216e-10	-2.912550e+00	1.378533e+01
2.570000e-06	-4.880290e-07	1.028137e-10	-3.286024e+00	4.694836e+00
2.580000e-06	-5.434381e-07	-3.761556e-11	-3.659108e+00	-4.493621e+00
2.590000e-06	-5.987630e-07	-1.798864e-10	-4.031625e+00	-1.378747e+01
2.600000e-06	-6.539585e-07	-3.226806e-10	-4.403270e+00	-2.318279e+01
2.610000e-06	-7.090002e-07	-4.668507e-10	-4.773880e+00	-3.266477e+01
2.620000e-06	-7.637883e-07	-6.123284e-10	-5.142782e+00	-4.221195e+01
2.630000e-06	-8.181972e-07	-7.591853e-10	-5.509131e+00	-5.180305e+01
2.640000e-06	-8.720985e-07	-9.059912e-10	-5.872063e+00	-6.142402e+01
2.650000e-06	-9.254585e-07	-1.053308e-09	-6.231349e+00	-7.107265e+01
2.660000e-06	-9.783021e-07	-1.202461e-09	-6.587159e+00	-8.075907e+01
2.670000e-06	-1.030636e-06	-1.352808e-09	-6.939536e+00	-9.050167e+01
2.680000e-06	-1.082472e-06	-1.502244e-09	-7.288562e+00	-1.003198e+02
2.690000e-06	-1.133893e-06	-1.652287e-09	-7.634794e+00	-1.102260e+02
2.700000e-06	-1.184982e-06	-1.805416e-09	-7.978784e+00	-1.202199e+02
2.710000e-06	-1.235658e-06	-1.960439e-09	-8.320004e+00	-1.302873e+02
2.720000e-06	-1.285842e-06	-2.115436e-09	-8.657900e+00	-1.404031e+02
2.730000e-06	-1.335536e-06	-2.269802e-09	-8.992509e+00	-1.505382e+02
2.740000e-06	-1.384735e-06	-2.424500e-09	-9.323772e+00	-1.606679e+02
2.750000e-06	-1.433356e-06	-2.579087e-09	-9.651156e+00	-1.707778e+02
2.760000e-06	-1.481220e-06	-2.732929e-09	-9.973431e+00	-1.808662e+02
2.770000e-06	-1.528195e-06	-2.884934e-09	-1.028973e+01	-1.909412e+02
2.780000e-06	-1.574485e-06	-3.036919e-09	-1.060141e+01	-2.010148e+02
2.790000e-06	-1.620336e-06	-3.190188e-09	-1.091013e+01	-2.110950e+02
2.800000e-06	-1.665780e-06	-3.344717e-09	-1.121612e+01	-2.211796e+02
2.810000e-06	-1.710722e-06	-3.498784e-09	-1.151873e+01	-2.312543e+02
2.820000e-06	-1.755097e-06	-3.651700e-09	-1.181752e+01	-2.412940e+02
2.830000e-06	-1.798939e-06	-3.805845e-09	-1.211271e+01	-2.512689e+02
2.840000e-06	-1.842299e-06	-3.959402e-09	-1.240467e+01	-2.611511e+02
2.850000e-06	-1.885117e-06	-4.110184e-09	-1.269298e+01	-2.709204e+02
2.860000e-06	-1.927328e-06	-4.256665e-09	-1.297719e+01	-2.805666e+02
2.870000e-06	-1.968959e-06	-4.400067e-09	-1.325751e+01	-2.900878e+02
2.880000e-06	-2.009947e-06	-4.543631e-09	-1.353349e+01	-2.994857e+02
2.890000e-06	-2.050225e-06	-4.687241e-09	-1.380469e+01	-3.087591e+02
2.900000e-06	-2.089872e-06	-4.828815e-09	-1.407165e+01	-3.178992e+02
2.910000e-06	-2.128925e-06	-4.968054e-09	-1.433459e+01	-3.268872e+02
2.920000e-06	-2.167158e-06	-5.105165e-09	-1.459203e+01	-3.356963e+02
2.930000e-06	-2.204351e-06	-5.238780e-09	-1.484246e+01	-3.442962e+02
2.940000e-06	-2.240578e-06	-5.367284e-09	-1.508639e+01	-3.526593e+02
2.950000e-06	-2.276026e-06	-5.489269e-09	-1.532507e+01	-3.607658e+02
2.960000e-06	-2.310736e-06	-5.608902e-09	-1.555878e+01	-3.686067e+02
2.970000e-06	-2.344697e-06	-5.727620e-09	-1.578745e+01	-3.761832e+02
2.980000e-06	-2.377838e-06	-5.841905e-09	-1.601059e+01	-3.835034e+02
2.990000e-06	-2.410125e-06	-5.951092e-09	-1.622799e+01	-3.905778e+02
3.000000e-06	-2.441681e-06	-6.055147e-09	-1.644046e+01	-3.974147e+02
3.010000e-06	-2.472439e-06	-6.156530e-09	-1.664757e+01	-4.040178e+02
3.020000e-06	-2.502149e-06	-6.256709e-09	-1.684761e+01	-4.103860e+02
3.030000e-06	-2.530698e-06	-6.355630e-09	-1.703984e+01	-4.165148e+02
3.040000e-06	-2.558274e-06	-6.448080e-09	-1.722552e+01	-4.223995e+02
3.050000e-06	-2.585055e-06	-6.533117e-09	-1.740583e+01	-4.280378e+02
3.060000e-06	-2.610982e-06	-6.613384e-09	-1.758041e+01	-4.334317e+02
3.070000e-06	-2.636008e-06	-6.691568e-09	-1.774892e+01	-4.385868e+02
3.080000e-06	-2.660151e-06	-6.768879e-09	-1.791148e+01	-4.435114e+02
3.090000e-06	-2.683503e-06	-6.843191e-09	-1.806871e+01	-4.482138e+02
3.100000e-06	-2.705953e-06	-6.914785e-09	-1.821987e+01	-4.527000e+02
3.110000e-06	-2.727207e-06	-6.983512e-09	-1.836298e+01	-4.569722e+02
3.120000e-06	-2.747294e-06	-7.047456e-09	-1.849823e+01	-4.610282e+02
3.130000e-06	-2.766457e-06	-7.104460e-09	-1.862726e+01	-4.648625e+02
3.140000e-06	-2.784758e-06	-7.156645e-09	-1.875049e+01	-4.684675e+02
3.150000e-06	-2.802145e-06	-7.208822e-09	-1.886756e+01	-4.718352e+02
3.160000e-06	-2.818608e-06	-7.262685e-09	-1.897841e+01	-4.749596e+02
3.170000e-06	-2.834149e-06	-7.314976e-09	-1.908305e+01	-4.778379e+02
3.180000e-06	-2.848712e-06	-7.361764e-09	-1.918111e+01	-4.804719e+02
3.190000e-06	-2.862048e-06	-7.400485e-09	-1.927090e+01	-4.828682e+02
3.200000e-06	-2.874042e-06	-7.432018e-09	-1.935166e+01	-4.850381e+02
3.210000e-06	-2.884872e-06	-7.459089e-09	-1.942458e+01	-4.869961e+02
3.220000e-06	-2.894667e-06	-7.484300e-09	-1.949053e+01	-4.887582e+02
3.230000e-06	-2.903450e-06	-7.508817e-09	-1.954967e+01	-4.903386e+02
3.240000e-06	-2.911301e-06	-7.532268e-09	-1.960254e+01	-4.917482e+02
3.250000e-06	-2.918283e-06	-7.553706e-09	-1.964955e+01	-4.929922e+02
3.260000e-06	-2.924168e-06	-7.573198e-09	-1.968917e+01	-4.940707e+02
3.270000e-06	-2.928755e-06	-7.589660e-09	-1.972006e+01	-4.949795e+02
3.280000e-06	-2.932290e-06	-7.601458e-09	-1.974386e+01	-4.957136e+02
3.290000e-06	-2.934931e-06	-7.608788e-09	-1.976164e+01	-4.962702e+02
3.300000e-06	-2.936604e-06	-7.613630e-09	-1.977290e+01	-4.966508e+02
3.310000e-06	-2.937294e-06	-7.615223e-09	-1.977755e+01	-4.968624e+02
3.320000e-06	-2.937114e-06	-7.613132e-09	-1.977634e+01	-4.969153e+02
