# Temperatura_=_25.05
# Concentracion g/m^3_=_18700.0
# C_Vs_to_Am_M_A/Vsm_=_65563218390.804596
# pendiente_HvsI_1/m_=_3716.3
# ordenada_HvsI_A/m_=_1297.0
# frecuencia_Hz_=_301072.16088005126

Tiempo_(s)	Campo_(V.s)	Magnetizacion_(V.s)	Campo_(kA/m)	Magnetizacion_(A/m)
0.000000e+00	-2.936067e-06	-7.796829e-09	-1.977366e+01	-5.084638e+02
1.000000e-08	-2.935552e-06	-7.798303e-09	-1.977019e+01	-5.083675e+02
2.000000e-08	-2.934199e-06	-7.798538e-09	-1.976108e+01	-5.081621e+02
3.000000e-08	-2.931685e-06	-7.793403e-09	-1.974415e+01	-5.078577e+02
4.000000e-08	-2.927934e-06	-7.785308e-09	-1.971888e+01	-5.074376e+02
5.000000e-08	-2.923276e-06	-7.776252e-09	-1.968751e+01	-5.068638e+02
6.000000e-08	-2.917812e-06	-7.763877e-09	-1.965071e+01	-5.060916e+02
7.000000e-08	-2.911360e-06	-7.742906e-09	-1.960726e+01	-5.050880e+02
8.000000e-08	-2.903857e-06	-7.716164e-09	-1.955673e+01	-5.038470e+02
9.000000e-08	-2.895245e-06	-7.722448e-09	-1.949873e+01	-5.023964e+02
1.000000e-07	-2.885201e-06	-7.732455e-09	-1.943108e+01	-5.007927e+02
1.100000e-07	-2.873714e-06	-7.690889e-09	-1.935373e+01	-4.991059e+02
1.200000e-07	-2.861311e-06	-7.571043e-09	-1.927020e+01	-4.973985e+02
1.300000e-07	-2.848184e-06	-7.549249e-09	-1.918179e+01	-4.957066e+02
1.400000e-07	-2.834013e-06	-7.628771e-09	-1.908635e+01	-4.940288e+02
1.500000e-07	-2.818631e-06	-7.558303e-09	-1.898276e+01	-4.923274e+02
1.600000e-07	-2.802077e-06	-7.452885e-09	-1.887127e+01	-4.905396e+02
1.700000e-07	-2.784303e-06	-7.500466e-09	-1.875156e+01	-4.885975e+02
1.800000e-07	-2.765523e-06	-7.496699e-09	-1.862509e+01	-4.864466e+02
1.900000e-07	-2.746037e-06	-7.351219e-09	-1.849385e+01	-4.840604e+02
2.000000e-07	-2.725714e-06	-7.354447e-09	-1.835698e+01	-4.814434e+02
2.100000e-07	-2.704449e-06	-7.355777e-09	-1.821377e+01	-4.786244e+02
2.200000e-07	-2.682377e-06	-7.196480e-09	-1.806512e+01	-4.756431e+02
2.300000e-07	-2.659482e-06	-7.195889e-09	-1.791093e+01	-4.725333e+02
2.400000e-07	-2.635640e-06	-7.241158e-09	-1.775036e+01	-4.693119e+02
2.500000e-07	-2.610980e-06	-7.078095e-09	-1.758428e+01	-4.659744e+02
2.600000e-07	-2.585460e-06	-6.998135e-09	-1.741241e+01	-4.624996e+02
2.700000e-07	-2.558696e-06	-7.017826e-09	-1.723216e+01	-4.588603e+02
2.800000e-07	-2.530804e-06	-6.937726e-09	-1.704432e+01	-4.550361e+02
2.900000e-07	-2.502098e-06	-6.866901e-09	-1.685099e+01	-4.510224e+02
3.000000e-07	-2.472526e-06	-6.804646e-09	-1.665183e+01	-4.468332e+02
3.100000e-07	-2.442100e-06	-6.722575e-09	-1.644692e+01	-4.424972e+02
3.200000e-07	-2.410900e-06	-6.686925e-09	-1.623679e+01	-4.380474e+02
3.300000e-07	-2.378948e-06	-6.621950e-09	-1.602160e+01	-4.335105e+02
3.400000e-07	-2.346315e-06	-6.497024e-09	-1.580183e+01	-4.288983e+02
3.500000e-07	-2.312925e-06	-6.449685e-09	-1.557695e+01	-4.242056e+02
3.600000e-07	-2.278499e-06	-6.400844e-09	-1.534511e+01	-4.194137e+02
3.700000e-07	-2.242953e-06	-6.310034e-09	-1.510571e+01	-4.144996e+02
3.800000e-07	-2.206536e-06	-6.245408e-09	-1.486045e+01	-4.094452e+02
3.900000e-07	-2.169455e-06	-6.148090e-09	-1.461072e+01	-4.042449e+02
4.000000e-07	-2.131689e-06	-6.053877e-09	-1.435638e+01	-3.989078e+02
4.100000e-07	-2.093135e-06	-6.000489e-09	-1.409673e+01	-3.934543e+02
4.200000e-07	-2.053813e-06	-5.917249e-09	-1.383191e+01	-3.879084e+02
4.300000e-07	-2.013821e-06	-5.801692e-09	-1.356257e+01	-3.822887e+02
4.400000e-07	-1.973309e-06	-5.725770e-09	-1.328973e+01	-3.766028e+02
4.500000e-07	-1.932293e-06	-5.656244e-09	-1.301349e+01	-3.708445e+02
4.600000e-07	-1.890431e-06	-5.563793e-09	-1.273157e+01	-3.649978e+02
4.700000e-07	-1.847515e-06	-5.457407e-09	-1.244254e+01	-3.590431e+02
4.800000e-07	-1.803719e-06	-5.357097e-09	-1.214758e+01	-3.529656e+02
4.900000e-07	-1.759293e-06	-5.272570e-09	-1.184839e+01	-3.467606e+02
5.000000e-07	-1.714402e-06	-5.190859e-09	-1.154606e+01	-3.404356e+02
5.100000e-07	-1.669007e-06	-5.092865e-09	-1.124033e+01	-3.340074e+02
5.200000e-07	-1.622974e-06	-4.974182e-09	-1.093031e+01	-3.274952e+02
5.300000e-07	-1.576360e-06	-4.875454e-09	-1.061638e+01	-3.209139e+02
5.400000e-07	-1.529182e-06	-4.783929e-09	-1.029865e+01	-3.142682e+02
5.500000e-07	-1.481411e-06	-4.681393e-09	-9.976919e+00	-3.075510e+02
5.600000e-07	-1.433166e-06	-4.570689e-09	-9.652006e+00	-3.007466e+02
5.700000e-07	-1.384577e-06	-4.466319e-09	-9.324770e+00	-2.938360e+02
5.800000e-07	-1.335517e-06	-4.367576e-09	-8.994361e+00	-2.868047e+02
5.900000e-07	-1.285737e-06	-4.261582e-09	-8.659110e+00	-2.796483e+02
6.000000e-07	-1.235155e-06	-4.142531e-09	-8.318449e+00	-2.723741e+02
6.100000e-07	-1.183842e-06	-4.021057e-09	-7.972874e+00	-2.649994e+02
6.200000e-07	-1.131975e-06	-3.913825e-09	-7.623562e+00	-2.575456e+02
6.300000e-07	-1.079724e-06	-3.805486e-09	-7.271661e+00	-2.500315e+02
6.400000e-07	-1.027143e-06	-3.688118e-09	-6.917544e+00	-2.424674e+02
6.500000e-07	-9.742020e-07	-3.565212e-09	-6.561000e+00	-2.348523e+02
6.600000e-07	-9.208478e-07	-3.449759e-09	-6.201673e+00	-2.271763e+02
6.700000e-07	-8.671070e-07	-3.337499e-09	-5.839743e+00	-2.194247e+02
6.800000e-07	-8.130643e-07	-3.217959e-09	-5.475779e+00	-2.115853e+02
6.900000e-07	-7.587577e-07	-3.091184e-09	-5.110038e+00	-2.036539e+02
7.000000e-07	-7.042719e-07	-2.964119e-09	-4.743090e+00	-1.956370e+02
7.100000e-07	-6.496468e-07	-2.844113e-09	-4.375204e+00	-1.875504e+02
7.200000e-07	-5.948315e-07	-2.720861e-09	-4.006037e+00	-1.794139e+02
7.300000e-07	-5.397625e-07	-2.592743e-09	-3.635162e+00	-1.712445e+02
7.400000e-07	-4.844101e-07	-2.465495e-09	-3.262377e+00	-1.630501e+02
7.500000e-07	-4.287954e-07	-2.345051e-09	-2.887827e+00	-1.548255e+02
7.600000e-07	-3.729817e-07	-2.222655e-09	-2.511936e+00	-1.465539e+02
7.700000e-07	-3.170705e-07	-2.090809e-09	-2.135388e+00	-1.382115e+02
7.800000e-07	-2.610775e-07	-1.953418e-09	-1.758289e+00	-1.297758e+02
7.900000e-07	-2.049885e-07	-1.820497e-09	-1.380545e+00	-1.212327e+02
8.000000e-07	-1.488614e-07	-1.694588e-09	-1.002543e+00	-1.125820e+02
8.100000e-07	-9.270909e-08	-1.562795e-09	-6.243719e-01	-1.038378e+02
8.200000e-07	-3.649328e-08	-1.426451e-09	-2.457728e-01	-9.502381e+01
8.300000e-07	1.974573e-08	-1.291030e-09	1.329824e-01	-8.616655e+01
8.400000e-07	7.595080e-08	-1.160389e-09	5.115091e-01	-7.728619e+01
8.500000e-07	1.321242e-07	-1.025875e-09	8.898224e-01	-6.839032e+01
8.600000e-07	1.882813e-07	-8.826688e-10	1.268026e+00	-5.947162e+01
8.700000e-07	2.443710e-07	-7.390023e-10	1.645776e+00	-5.051042e+01
8.800000e-07	3.003674e-07	-6.026285e-10	2.022897e+00	-4.148136e+01
8.900000e-07	3.562269e-07	-4.704329e-10	2.399096e+00	-3.236159e+01
9.000000e-07	4.118846e-07	-3.315069e-10	2.773937e+00	-2.313778e+01
9.100000e-07	4.674291e-07	-1.864852e-10	3.148015e+00	-1.380956e+01
9.200000e-07	5.228539e-07	-4.010792e-11	3.521287e+00	-4.388281e+00
9.300000e-07	5.780798e-07	1.046335e-10	3.893219e+00	5.108221e+00
9.400000e-07	6.330535e-07	2.525438e-10	4.263453e+00	1.466279e+01
9.500000e-07	6.877815e-07	4.032532e-10	4.632031e+00	2.426537e+01
9.600000e-07	7.423210e-07	5.517153e-10	4.999341e+00	3.391633e+01
9.700000e-07	7.966691e-07	6.951229e-10	5.365362e+00	4.362558e+01
9.800000e-07	8.507465e-07	8.382208e-10	5.729559e+00	5.340798e+01
9.900000e-07	9.045021e-07	9.879293e-10	6.091589e+00	6.327699e+01
1.000000e-06	9.578837e-07	1.142537e-09	6.451100e+00	7.323908e+01
1.010000e-06	1.010875e-06	1.297913e-09	6.807981e+00	8.329098e+01
1.020000e-06	1.063489e-06	1.451470e-09	7.162323e+00	9.342090e+01
1.030000e-06	1.115735e-06	1.606273e-09	7.514189e+00	1.036129e+02
1.040000e-06	1.167593e-06	1.763374e-09	7.863436e+00	1.138525e+02
1.050000e-06	1.218842e-06	1.919842e-09	8.208590e+00	1.241316e+02
1.060000e-06	1.269296e-06	2.074523e-09	8.548385e+00	1.344495e+02
1.070000e-06	1.319050e-06	2.231379e-09	8.883461e+00	1.448111e+02
1.080000e-06	1.368216e-06	2.391402e-09	9.214585e+00	1.552217e+02
1.090000e-06	1.416901e-06	2.553072e-09	9.542462e+00	1.656814e+02
1.100000e-06	1.465227e-06	2.714075e-09	9.867930e+00	1.761809e+02
1.110000e-06	1.513126e-06	2.873516e-09	1.019051e+01	1.867018e+02
1.120000e-06	1.560467e-06	3.033944e-09	1.050935e+01	1.972200e+02
1.130000e-06	1.607231e-06	3.194941e-09	1.082429e+01	2.077120e+02
1.140000e-06	1.653490e-06	3.353948e-09	1.113583e+01	2.181613e+02
1.150000e-06	1.699175e-06	3.510607e-09	1.144351e+01	2.285622e+02
1.160000e-06	1.744268e-06	3.666697e-09	1.174720e+01	2.389191e+02
1.170000e-06	1.788915e-06	3.823314e-09	1.204788e+01	2.492415e+02
1.180000e-06	1.833125e-06	3.980489e-09	1.234563e+01	2.595360e+02
1.190000e-06	1.876728e-06	4.138470e-09	1.263928e+01	2.697994e+02
1.200000e-06	1.919396e-06	4.295488e-09	1.292664e+01	2.800144e+02
1.210000e-06	1.961038e-06	4.451153e-09	1.320709e+01	2.901503e+02
1.220000e-06	2.001903e-06	4.603764e-09	1.348230e+01	3.001695e+02
1.230000e-06	2.042155e-06	4.752359e-09	1.375339e+01	3.100358e+02
1.240000e-06	2.081806e-06	4.895822e-09	1.402043e+01	3.197225e+02
1.250000e-06	2.120804e-06	5.035831e-09	1.428307e+01	3.292169e+02
1.260000e-06	2.159096e-06	5.176793e-09	1.454096e+01	3.385183e+02
1.270000e-06	2.196595e-06	5.318158e-09	1.479350e+01	3.476321e+02
1.280000e-06	2.233411e-06	5.456934e-09	1.504145e+01	3.565604e+02
1.290000e-06	2.269669e-06	5.589631e-09	1.528564e+01	3.652937e+02
1.300000e-06	2.305118e-06	5.717450e-09	1.552438e+01	3.738079e+02
1.310000e-06	2.339452e-06	5.839613e-09	1.575561e+01	3.820672e+02
1.320000e-06	2.372716e-06	5.956454e-09	1.597964e+01	3.900330e+02
1.330000e-06	2.405187e-06	6.069238e-09	1.619831e+01	3.976748e+02
1.340000e-06	2.436931e-06	6.178389e-09	1.641210e+01	4.049804e+02
1.350000e-06	2.467911e-06	6.284044e-09	1.662075e+01	4.119594e+02
1.360000e-06	2.498073e-06	6.386430e-09	1.682388e+01	4.186404e+02
1.370000e-06	2.527370e-06	6.484634e-09	1.702118e+01	4.250608e+02
1.380000e-06	2.555938e-06	6.578230e-09	1.721359e+01	4.312542e+02
1.390000e-06	2.583738e-06	6.668287e-09	1.740081e+01	4.372388e+02
1.400000e-06	2.610459e-06	6.753868e-09	1.758077e+01	4.430129e+02
1.410000e-06	2.635955e-06	6.834774e-09	1.775248e+01	4.485570e+02
1.420000e-06	2.660409e-06	6.912030e-09	1.791717e+01	4.538437e+02
1.430000e-06	2.683955e-06	6.986304e-09	1.807575e+01	4.588504e+02
1.440000e-06	2.706564e-06	7.057650e-09	1.822801e+01	4.635704e+02
1.450000e-06	2.728318e-06	7.125299e-09	1.837452e+01	4.680172e+02
1.460000e-06	2.749289e-06	7.188524e-09	1.851576e+01	4.722206e+02
1.470000e-06	2.769460e-06	7.248085e-09	1.865160e+01	4.762164e+02
1.480000e-06	2.788697e-06	7.303837e-09	1.878115e+01	4.800317e+02
1.490000e-06	2.806879e-06	7.355357e-09	1.890361e+01	4.836737e+02
1.500000e-06	2.824089e-06	7.403546e-09	1.901952e+01	4.871257e+02
1.510000e-06	2.840219e-06	7.448864e-09	1.912814e+01	4.903512e+02
1.520000e-06	2.855217e-06	7.492102e-09	1.922915e+01	4.933075e+02
1.530000e-06	2.869177e-06	7.531841e-09	1.932317e+01	4.959612e+02
1.540000e-06	2.882068e-06	7.565799e-09	1.940999e+01	4.983018e+02
1.550000e-06	2.893842e-06	7.595502e-09	1.948928e+01	5.003475e+02
1.560000e-06	2.904320e-06	7.622570e-09	1.955985e+01	5.021411e+02
1.570000e-06	2.913528e-06	7.646484e-09	1.962186e+01	5.037369e+02
1.580000e-06	2.921750e-06	7.666357e-09	1.967723e+01	5.051838e+02
1.590000e-06	2.929007e-06	7.684836e-09	1.972611e+01	5.065106e+02
1.600000e-06	2.935231e-06	7.702602e-09	1.976803e+01	5.077186e+02
1.610000e-06	2.940533e-06	7.719471e-09	1.980373e+01	5.087846e+02
1.620000e-06	2.945006e-06	7.734457e-09	1.983386e+01	5.096731e+02
1.630000e-06	2.948452e-06	7.745154e-09	1.985706e+01	5.103517e+02
1.640000e-06	2.950603e-06	7.751443e-09	1.987155e+01	5.108058e+02
1.650000e-06	2.951592e-06	7.753709e-09	1.987822e+01	5.110454e+02
1.660000e-06	2.951635e-06	7.753309e-09	1.987850e+01	5.111014e+02
1.670000e-06	2.950752e-06	7.751603e-09	1.987255e+01	5.110138e+02
1.680000e-06	2.948943e-06	7.749583e-09	1.986037e+01	5.108155e+02
1.690000e-06	2.946285e-06	7.747518e-09	1.984247e+01	5.105182e+02
1.700000e-06	2.942818e-06	7.743364e-09	1.981912e+01	5.101073e+02
1.710000e-06	2.938380e-06	7.734478e-09	1.978923e+01	5.095459e+02
1.720000e-06	2.932736e-06	7.721941e-09	1.975122e+01	5.087890e+02
1.730000e-06	2.925990e-06	7.714852e-09	1.970579e+01	5.078024e+02
1.740000e-06	2.918410e-06	7.696323e-09	1.965474e+01	5.065777e+02
1.750000e-06	2.909726e-06	7.628160e-09	1.959626e+01	5.051403e+02
1.760000e-06	2.899386e-06	7.580911e-09	1.952662e+01	5.035452e+02
1.770000e-06	2.887561e-06	7.637835e-09	1.944698e+01	5.018619e+02
1.780000e-06	2.875243e-06	7.667236e-09	1.936402e+01	5.001542e+02
1.790000e-06	2.862735e-06	7.566187e-09	1.927978e+01	4.984606e+02
1.800000e-06	2.848979e-06	7.464042e-09	1.918714e+01	4.967826e+02
1.810000e-06	2.833511e-06	7.555813e-09	1.908297e+01	4.950846e+02
1.820000e-06	2.817233e-06	7.542519e-09	1.897334e+01	4.933052e+02
1.830000e-06	2.800356e-06	7.395635e-09	1.885968e+01	4.913760e+02
1.840000e-06	2.782244e-06	7.446738e-09	1.873770e+01	4.892412e+02
1.850000e-06	2.763130e-06	7.455705e-09	1.860897e+01	4.868718e+02
1.860000e-06	2.743353e-06	7.293576e-09	1.847578e+01	4.842704e+02
1.870000e-06	2.722326e-06	7.309495e-09	1.833416e+01	4.814645e+02
1.880000e-06	2.699881e-06	7.365479e-09	1.818300e+01	4.784933e+02
1.890000e-06	2.676528e-06	7.186277e-09	1.802573e+01	4.753917e+02
1.900000e-06	2.652279e-06	7.146735e-09	1.786242e+01	4.721781e+02
1.910000e-06	2.627164e-06	7.228496e-09	1.769328e+01	4.688493e+02
1.920000e-06	2.601403e-06	7.092823e-09	1.751978e+01	4.653851e+02
1.930000e-06	2.574814e-06	6.990493e-09	1.734071e+01	4.617583e+02
1.940000e-06	2.547405e-06	7.005474e-09	1.715612e+01	4.579475e+02
1.950000e-06	2.519157e-06	6.906897e-09	1.696587e+01	4.539469e+02
1.960000e-06	2.489581e-06	6.871520e-09	1.676669e+01	4.497693e+02
1.970000e-06	2.458757e-06	6.812589e-09	1.655909e+01	4.454425e+02
1.980000e-06	2.427175e-06	6.672922e-09	1.634640e+01	4.409997e+02
1.990000e-06	2.394828e-06	6.675020e-09	1.612855e+01	4.364683e+02
2.000000e-06	2.361687e-06	6.620690e-09	1.590535e+01	4.318613e+02
2.010000e-06	2.327770e-06	6.474645e-09	1.567693e+01	4.271747e+02
2.020000e-06	2.293060e-06	6.447287e-09	1.544317e+01	4.223906e+02
2.030000e-06	2.257714e-06	6.369265e-09	1.520512e+01	4.174857e+02
2.040000e-06	2.221583e-06	6.262323e-09	1.496179e+01	4.124415e+02
2.050000e-06	2.184349e-06	6.239729e-09	1.471103e+01	4.072514e+02
2.060000e-06	2.146067e-06	6.130105e-09	1.445321e+01	4.019234e+02
2.070000e-06	2.107063e-06	6.022005e-09	1.419053e+01	3.964773e+02
2.080000e-06	2.067463e-06	5.974527e-09	1.392383e+01	3.909371e+02
2.090000e-06	2.027170e-06	5.879099e-09	1.365247e+01	3.853221e+02
2.100000e-06	1.986227e-06	5.785550e-09	1.337673e+01	3.796409e+02
2.110000e-06	1.944689e-06	5.694441e-09	1.309698e+01	3.738881e+02
2.120000e-06	1.902443e-06	5.608720e-09	1.281247e+01	3.680482e+02
2.130000e-06	1.859548e-06	5.541506e-09	1.252358e+01	3.621017e+02
2.140000e-06	1.816215e-06	5.438692e-09	1.223174e+01	3.560331e+02
2.150000e-06	1.772387e-06	5.329115e-09	1.193657e+01	3.498369e+02
2.160000e-06	1.727883e-06	5.233056e-09	1.163685e+01	3.435200e+02
2.170000e-06	1.682628e-06	5.142101e-09	1.133207e+01	3.370983e+02
2.180000e-06	1.636804e-06	5.055856e-09	1.102345e+01	3.305914e+02
2.190000e-06	1.590568e-06	4.946113e-09	1.071206e+01	3.240146e+02
2.200000e-06	1.543869e-06	4.844874e-09	1.039756e+01	3.173734e+02
2.210000e-06	1.496580e-06	4.750689e-09	1.007908e+01	3.106617e+02
2.220000e-06	1.448548e-06	4.640230e-09	9.755598e+00	3.038640e+02
2.230000e-06	1.399814e-06	4.536370e-09	9.427387e+00	2.969614e+02
2.240000e-06	1.350574e-06	4.419279e-09	9.095771e+00	2.899389e+02
2.250000e-06	1.300873e-06	4.314966e-09	8.761045e+00	2.827912e+02
2.260000e-06	1.250664e-06	4.220305e-09	8.422899e+00	2.755248e+02
2.270000e-06	1.199989e-06	4.102057e-09	8.081614e+00	2.681564e+02
2.280000e-06	1.148882e-06	3.984010e-09	7.737426e+00	2.607075e+02
2.290000e-06	1.097394e-06	3.868721e-09	7.390665e+00	2.531971e+02
2.300000e-06	1.045474e-06	3.757174e-09	7.040999e+00	2.456363e+02
2.310000e-06	9.930486e-07	3.645705e-09	6.687927e+00	2.380250e+02
2.320000e-06	9.400859e-07	3.522740e-09	6.331237e+00	2.303536e+02
2.330000e-06	8.864910e-07	3.404920e-09	5.970289e+00	2.226078e+02
2.340000e-06	8.323539e-07	3.290753e-09	5.605690e+00	2.147748e+02
2.350000e-06	7.778256e-07	3.169191e-09	5.238455e+00	2.068497e+02
2.360000e-06	7.229622e-07	3.045274e-09	4.868965e+00	1.988384e+02
2.370000e-06	6.679023e-07	2.918917e-09	4.498150e+00	1.907559e+02
2.380000e-06	6.127454e-07	2.801612e-09	4.126683e+00	1.826222e+02
2.390000e-06	5.575009e-07	2.684418e-09	3.754625e+00	1.744547e+02
2.400000e-06	5.021336e-07	2.556748e-09	3.381741e+00	1.662619e+02
2.410000e-06	4.466549e-07	2.427702e-09	3.008106e+00	1.580398e+02
2.420000e-06	3.910602e-07	2.299227e-09	2.633690e+00	1.497721e+02
2.430000e-06	3.353559e-07	2.175452e-09	2.258535e+00	1.414355e+02
2.440000e-06	2.795425e-07	2.047959e-09	1.882647e+00	1.330069e+02
2.450000e-06	2.236466e-07	1.915757e-09	1.506202e+00	1.244715e+02
2.460000e-06	1.676753e-07	1.786407e-09	1.129250e+00	1.158281e+02
2.470000e-06	1.116055e-07	1.657828e-09	7.516345e-01	1.070897e+02
2.480000e-06	5.549872e-08	1.526409e-09	3.737696e-01	9.827966e+01
2.490000e-06	-5.912394e-10	1.388099e-09	-3.981846e-03	8.942457e+01
2.500000e-06	-5.669470e-08	1.249143e-09	-3.818242e-01	8.054529e+01
2.510000e-06	-1.127578e-07	1.114219e-09	-7.593949e-01	7.165047e+01
2.520000e-06	-1.686978e-07	9.803945e-10	-1.136136e+00	6.273379e+01
2.530000e-06	-2.245825e-07	8.434287e-10	-1.512506e+00	5.377632e+01
2.540000e-06	-2.804033e-07	7.029908e-10	-1.888444e+00	4.475280e+01
2.550000e-06	-3.361394e-07	5.636185e-10	-2.263812e+00	3.563996e+01
2.560000e-06	-3.917441e-07	4.276076e-10	-2.638296e+00	2.642362e+01
2.570000e-06	-4.472115e-07	2.890584e-10	-3.011854e+00	1.710246e+01
2.580000e-06	-5.026057e-07	1.449411e-10	-3.384920e+00	7.687140e+00
2.590000e-06	-5.579040e-07	-1.662985e-12	-3.757340e+00	-1.804743e+00
2.600000e-06	-6.130819e-07	-1.488133e-10	-4.128949e+00	-1.135574e+01
2.610000e-06	-6.681627e-07	-2.955311e-10	-4.499904e+00	-2.095515e+01
2.620000e-06	-7.231085e-07	-4.424955e-10	-4.869950e+00	-3.060255e+01
2.630000e-06	-7.777814e-07	-5.900399e-10	-5.238157e+00	-4.030731e+01
2.640000e-06	-8.320632e-07	-7.394099e-10	-5.603731e+00	-5.008411e+01
2.650000e-06	-8.858972e-07	-8.888688e-10	-5.966289e+00	-5.994676e+01
2.660000e-06	-9.392182e-07	-1.040096e-09	-6.325393e+00	-6.990232e+01
2.670000e-06	-9.919956e-07	-1.195956e-09	-6.680835e+00	-7.994826e+01
2.680000e-06	-1.044233e-06	-1.353691e-09	-7.032640e+00	-9.007325e+01
2.690000e-06	-1.095943e-06	-1.509962e-09	-7.380895e+00	-1.002614e+02
2.700000e-06	-1.147253e-06	-1.665132e-09	-7.726456e+00	-1.104982e+02
2.710000e-06	-1.198207e-06	-1.821185e-09	-8.069618e+00	-1.207747e+02
2.720000e-06	-1.248721e-06	-1.978037e-09	-8.409818e+00	-1.310898e+02
2.730000e-06	-1.298806e-06	-2.135526e-09	-8.747123e+00	-1.414483e+02
2.740000e-06	-1.348427e-06	-2.293552e-09	-9.081310e+00	-1.518554e+02
2.750000e-06	-1.397508e-06	-2.454472e-09	-9.411857e+00	-1.623119e+02
2.760000e-06	-1.445866e-06	-2.616718e-09	-9.737538e+00	-1.728092e+02
2.770000e-06	-1.493380e-06	-2.776969e-09	-1.005753e+01	-1.833295e+02
2.780000e-06	-1.540142e-06	-2.936201e-09	-1.037246e+01	-1.938489e+02
2.790000e-06	-1.586313e-06	-3.095338e-09	-1.068341e+01	-2.043435e+02
2.800000e-06	-1.632017e-06	-3.255191e-09	-1.099121e+01	-2.147963e+02
2.810000e-06	-1.677275e-06	-3.414779e-09	-1.129602e+01	-2.252007e+02
2.820000e-06	-1.722015e-06	-3.572939e-09	-1.159733e+01	-2.355606e+02
2.830000e-06	-1.766177e-06	-3.730027e-09	-1.189475e+01	-2.458853e+02
2.840000e-06	-1.809835e-06	-3.888201e-09	-1.218877e+01	-2.561819e+02
2.850000e-06	-1.853050e-06	-4.047328e-09	-1.247982e+01	-2.664481e+02
2.860000e-06	-1.895760e-06	-4.204085e-09	-1.276746e+01	-2.766675e+02
2.870000e-06	-1.937827e-06	-4.356603e-09	-1.305077e+01	-2.868104e+02
2.880000e-06	-1.979260e-06	-4.507979e-09	-1.332981e+01	-2.968394e+02
2.890000e-06	-2.020036e-06	-4.659850e-09	-1.360442e+01	-3.067178e+02
2.900000e-06	-2.060096e-06	-4.809955e-09	-1.387422e+01	-3.164181e+02
2.910000e-06	-2.099554e-06	-4.956308e-09	-1.413995e+01	-3.259264e+02
2.920000e-06	-2.138417e-06	-5.098861e-09	-1.440169e+01	-3.352416e+02
2.930000e-06	-2.176403e-06	-5.240851e-09	-1.465751e+01	-3.443688e+02
2.940000e-06	-2.213312e-06	-5.381161e-09	-1.490608e+01	-3.533106e+02
2.950000e-06	-2.249251e-06	-5.515593e-09	-1.514813e+01	-3.620586e+02
2.960000e-06	-2.284497e-06	-5.643589e-09	-1.538550e+01	-3.705897e+02
2.970000e-06	-2.319037e-06	-5.769409e-09	-1.561812e+01	-3.788687e+02
2.980000e-06	-2.352689e-06	-5.895096e-09	-1.584476e+01	-3.868567e+02
2.990000e-06	-2.385561e-06	-6.016817e-09	-1.606614e+01	-3.945225e+02
3.000000e-06	-2.417660e-06	-6.130771e-09	-1.628232e+01	-4.018521e+02
3.010000e-06	-2.448953e-06	-6.238059e-09	-1.649307e+01	-4.088539e+02
3.020000e-06	-2.479483e-06	-6.341452e-09	-1.669868e+01	-4.155551e+02
3.030000e-06	-2.508937e-06	-6.441954e-09	-1.689705e+01	-4.219930e+02
3.040000e-06	-2.537188e-06	-6.538699e-09	-1.708731e+01	-4.282018e+02
3.050000e-06	-2.564562e-06	-6.631616e-09	-1.727167e+01	-4.342013e+02
3.060000e-06	-2.591126e-06	-6.721153e-09	-1.745057e+01	-4.399911e+02
3.070000e-06	-2.616776e-06	-6.808291e-09	-1.762331e+01	-4.455526e+02
3.080000e-06	-2.641489e-06	-6.892076e-09	-1.778975e+01	-4.508587e+02
3.090000e-06	-2.665352e-06	-6.969789e-09	-1.795046e+01	-4.558861e+02
3.100000e-06	-2.688496e-06	-7.042009e-09	-1.810633e+01	-4.606265e+02
3.110000e-06	-2.710708e-06	-7.111704e-09	-1.825592e+01	-4.650920e+02
3.120000e-06	-2.731654e-06	-7.179153e-09	-1.839699e+01	-4.693118e+02
3.130000e-06	-2.751448e-06	-7.242781e-09	-1.853029e+01	-4.733215e+02
3.140000e-06	-2.770361e-06	-7.302302e-09	-1.865767e+01	-4.771492e+02
3.150000e-06	-2.788420e-06	-7.359749e-09	-1.877929e+01	-4.808041e+02
3.160000e-06	-2.805558e-06	-7.415792e-09	-1.889471e+01	-4.842708e+02
3.170000e-06	-2.821758e-06	-7.468853e-09	-1.900382e+01	-4.875141e+02
3.180000e-06	-2.837042e-06	-7.517580e-09	-1.910675e+01	-4.904911e+02
3.190000e-06	-2.851250e-06	-7.562476e-09	-1.920243e+01	-4.931672e+02
3.200000e-06	-2.864096e-06	-7.601745e-09	-1.928895e+01	-4.955299e+02
3.210000e-06	-2.875653e-06	-7.632652e-09	-1.936678e+01	-4.975957e+02
3.220000e-06	-2.886177e-06	-7.658978e-09	-1.943766e+01	-4.994056e+02
3.230000e-06	-2.895721e-06	-7.684019e-09	-1.950194e+01	-5.010139e+02
3.240000e-06	-2.904310e-06	-7.708458e-09	-1.955978e+01	-5.024704e+02
3.250000e-06	-2.912014e-06	-7.730411e-09	-1.961166e+01	-5.038055e+02
3.260000e-06	-2.918838e-06	-7.749328e-09	-1.965762e+01	-5.050226e+02
3.270000e-06	-2.924459e-06	-7.765603e-09	-1.969548e+01	-5.061001e+02
3.280000e-06	-2.928714e-06	-7.780703e-09	-1.972414e+01	-5.070026e+02
3.290000e-06	-2.931946e-06	-7.791698e-09	-1.974590e+01	-5.076970e+02
3.300000e-06	-2.934293e-06	-7.796794e-09	-1.976171e+01	-5.081673e+02
3.310000e-06	-2.935697e-06	-7.798521e-09	-1.977116e+01	-5.084216e+02
3.320000e-06	-2.936157e-06	-7.797485e-09	-1.977426e+01	-5.084895e+02
