# Temperatura_=_28.26
# Concentracion g/m^3_=_18700.0
# C_Vs_to_Am_M_A/Vsm_=_65563218390.804596
# pendiente_HvsI_1/m_=_3716.3
# ordenada_HvsI_A/m_=_1297.0
# frecuencia_Hz_=_301073.5648416075

Tiempo_(s)	Campo_(V.s)	Magnetizacion_(V.s)	Campo_(kA/m)	Magnetizacion_(A/m)
0.000000e+00	-2.934150e-06	-7.885790e-09	-1.977240e+01	-5.141002e+02
1.000000e-08	-2.933009e-06	-7.884055e-09	-1.976472e+01	-5.139885e+02
2.000000e-08	-2.930823e-06	-7.879088e-09	-1.974998e+01	-5.137452e+02
3.000000e-08	-2.927310e-06	-7.871589e-09	-1.972631e+01	-5.133475e+02
4.000000e-08	-2.922841e-06	-7.861495e-09	-1.969620e+01	-5.127689e+02
5.000000e-08	-2.917568e-06	-7.847753e-09	-1.966066e+01	-5.119895e+02
6.000000e-08	-2.911344e-06	-7.827817e-09	-1.961872e+01	-5.110041e+02
7.000000e-08	-2.904133e-06	-7.803892e-09	-1.957013e+01	-5.098257e+02
8.000000e-08	-2.895858e-06	-7.806263e-09	-1.951437e+01	-5.084825e+02
9.000000e-08	-2.886215e-06	-7.813684e-09	-1.944939e+01	-5.070095e+02
1.000000e-07	-2.875079e-06	-7.778297e-09	-1.937434e+01	-5.054381e+02
1.100000e-07	-2.862902e-06	-7.675598e-09	-1.929229e+01	-5.037878e+02
1.200000e-07	-2.849968e-06	-7.643310e-09	-1.920513e+01	-5.020619e+02
1.300000e-07	-2.836033e-06	-7.706275e-09	-1.911122e+01	-5.002491e+02
1.400000e-07	-2.820859e-06	-7.650132e-09	-1.900897e+01	-4.983307e+02
1.500000e-07	-2.804514e-06	-7.547777e-09	-1.889882e+01	-4.962885e+02
1.600000e-07	-2.787037e-06	-7.576261e-09	-1.878105e+01	-4.941117e+02
1.700000e-07	-2.768475e-06	-7.578444e-09	-1.865597e+01	-4.918000e+02
1.800000e-07	-2.749118e-06	-7.458371e-09	-1.852553e+01	-4.893613e+02
1.900000e-07	-2.729066e-06	-7.437420e-09	-1.839040e+01	-4.868054e+02
2.000000e-07	-2.708065e-06	-7.434650e-09	-1.824888e+01	-4.841372e+02
2.100000e-07	-2.686161e-06	-7.302099e-09	-1.810128e+01	-4.813512e+02
2.200000e-07	-2.663468e-06	-7.278147e-09	-1.794836e+01	-4.784310e+02
2.300000e-07	-2.639863e-06	-7.314933e-09	-1.778929e+01	-4.753531e+02
2.400000e-07	-2.615439e-06	-7.191719e-09	-1.762470e+01	-4.720939e+02
2.500000e-07	-2.590124e-06	-7.107986e-09	-1.745411e+01	-4.686382e+02
2.600000e-07	-2.563550e-06	-7.100615e-09	-1.727503e+01	-4.649843e+02
2.700000e-07	-2.535821e-06	-7.026664e-09	-1.708818e+01	-4.611453e+02
2.800000e-07	-2.507305e-06	-6.966555e-09	-1.689602e+01	-4.571453e+02
2.900000e-07	-2.477957e-06	-6.900653e-09	-1.669825e+01	-4.530121e+02
3.000000e-07	-2.447717e-06	-6.809499e-09	-1.649447e+01	-4.487690e+02
3.100000e-07	-2.416683e-06	-6.784175e-09	-1.628534e+01	-4.444289e+02
3.200000e-07	-2.384930e-06	-6.731131e-09	-1.607137e+01	-4.399920e+02
3.300000e-07	-2.352535e-06	-6.603755e-09	-1.585307e+01	-4.354487e+02
3.400000e-07	-2.319434e-06	-6.549931e-09	-1.563001e+01	-4.307849e+02
3.500000e-07	-2.285318e-06	-6.504033e-09	-1.540011e+01	-4.259893e+02
3.600000e-07	-2.250064e-06	-6.403214e-09	-1.516254e+01	-4.210580e+02
3.700000e-07	-2.213910e-06	-6.338420e-09	-1.491891e+01	-4.159967e+02
3.800000e-07	-2.177063e-06	-6.254262e-09	-1.467061e+01	-4.108187e+02
3.900000e-07	-2.139512e-06	-6.148037e-09	-1.441756e+01	-4.055396e+02
4.000000e-07	-2.101202e-06	-6.094392e-09	-1.415940e+01	-4.001724e+02
4.100000e-07	-2.062095e-06	-6.027374e-09	-1.389588e+01	-3.947226e+02
4.200000e-07	-2.022266e-06	-5.911123e-09	-1.362748e+01	-3.891870e+02
4.300000e-07	-1.981893e-06	-5.823457e-09	-1.335542e+01	-3.835556e+02
4.400000e-07	-1.940973e-06	-5.755481e-09	-1.307967e+01	-3.778154e+02
4.500000e-07	-1.899273e-06	-5.664268e-09	-1.279866e+01	-3.719554e+02
4.600000e-07	-1.856600e-06	-5.563045e-09	-1.251110e+01	-3.659710e+02
4.700000e-07	-1.813014e-06	-5.463997e-09	-1.221739e+01	-3.598647e+02
4.800000e-07	-1.768762e-06	-5.373909e-09	-1.191919e+01	-3.536458e+02
4.900000e-07	-1.724014e-06	-5.290071e-09	-1.161764e+01	-3.473270e+02
5.000000e-07	-1.678702e-06	-5.192989e-09	-1.131230e+01	-3.409205e+02
5.100000e-07	-1.632728e-06	-5.078777e-09	-1.100249e+01	-3.344345e+02
5.200000e-07	-1.586195e-06	-4.979200e-09	-1.068892e+01	-3.278714e+02
5.300000e-07	-1.539135e-06	-4.885370e-09	-1.037179e+01	-3.212277e+02
5.400000e-07	-1.491513e-06	-4.785704e-09	-1.005088e+01	-3.144958e+02
5.500000e-07	-1.443419e-06	-4.680866e-09	-9.726794e+00	-3.076667e+02
5.600000e-07	-1.394919e-06	-4.569068e-09	-9.399964e+00	-3.007328e+02
5.700000e-07	-1.345974e-06	-4.462858e-09	-9.070138e+00	-2.936893e+02
5.800000e-07	-1.296363e-06	-4.362186e-09	-8.735825e+00	-2.865359e+02
5.900000e-07	-1.245963e-06	-4.249544e-09	-8.396191e+00	-2.792757e+02
6.000000e-07	-1.194871e-06	-4.127448e-09	-8.051896e+00	-2.719152e+02
6.100000e-07	-1.143196e-06	-4.018953e-09	-7.703671e+00	-2.644621e+02
6.200000e-07	-1.091027e-06	-3.911775e-09	-7.352124e+00	-2.569241e+02
6.300000e-07	-1.038509e-06	-3.793856e-09	-6.998214e+00	-2.493080e+02
6.400000e-07	-9.856915e-07	-3.668176e-09	-6.642296e+00	-2.416186e+02
6.500000e-07	-9.324624e-07	-3.547136e-09	-6.283599e+00	-2.338590e+02
6.600000e-07	-8.788191e-07	-3.433586e-09	-5.922113e+00	-2.260306e+02
6.700000e-07	-8.248841e-07	-3.318504e-09	-5.558660e+00	-2.181339e+02
6.800000e-07	-7.707244e-07	-3.195985e-09	-5.193693e+00	-2.101700e+02
6.900000e-07	-7.163809e-07	-3.068597e-09	-4.827488e+00	-2.021410e+02
7.000000e-07	-6.618276e-07	-2.945140e-09	-4.459868e+00	-1.940505e+02
7.100000e-07	-6.070465e-07	-2.819873e-09	-4.090714e+00	-1.859033e+02
7.200000e-07	-5.520639e-07	-2.690825e-09	-3.720202e+00	-1.777044e+02
7.300000e-07	-4.967971e-07	-2.560721e-09	-3.347775e+00	-1.694571e+02
7.400000e-07	-4.412859e-07	-2.435809e-09	-2.973701e+00	-1.611613e+02
7.500000e-07	-3.856017e-07	-2.314892e-09	-2.598461e+00	-1.528130e+02
7.600000e-07	-3.297595e-07	-2.188693e-09	-2.222156e+00	-1.444044e+02
7.700000e-07	-2.737979e-07	-2.053354e-09	-1.845046e+00	-1.359255e+02
7.800000e-07	-2.177676e-07	-1.916932e-09	-1.467474e+00	-1.273671e+02
7.900000e-07	-1.616735e-07	-1.785094e-09	-1.089472e+00	-1.187235e+02
8.000000e-07	-1.054945e-07	-1.652620e-09	-7.108976e-01	-1.099950e+02
8.100000e-07	-4.930028e-08	-1.518731e-09	-3.322206e-01	-1.011879e+02
8.200000e-07	6.866740e-09	-1.384750e-09	4.627301e-02	-9.231319e+01
8.300000e-07	6.301250e-08	-1.251695e-09	4.246234e-01	-8.338347e+01
8.400000e-07	1.191321e-07	-1.116686e-09	8.027972e-01	-7.440879e+01
8.500000e-07	1.751886e-07	-9.763752e-10	1.180546e+00	-6.539349e+01
8.600000e-07	2.311594e-07	-8.327925e-10	1.557718e+00	-5.633450e+01
8.700000e-07	2.871025e-07	-6.923935e-10	1.934702e+00	-4.722198e+01
8.800000e-07	3.429949e-07	-5.548440e-10	2.311345e+00	-3.804203e+01
8.900000e-07	3.987551e-07	-4.150065e-10	2.687098e+00	-2.878045e+01
9.000000e-07	4.543147e-07	-2.719764e-10	3.061498e+00	-1.942636e+01
9.100000e-07	5.096424e-07	-1.270286e-10	3.434336e+00	-9.974530e+00
9.200000e-07	5.647549e-07	1.815084e-11	3.805723e+00	-4.257171e-01
9.300000e-07	6.196910e-07	1.655696e-10	4.175922e+00	9.214864e+00
9.400000e-07	6.744146e-07	3.160314e-10	4.544689e+00	1.894015e+01
9.500000e-07	7.289089e-07	4.675025e-10	4.911910e+00	2.874386e+01
9.600000e-07	7.832435e-07	6.171935e-10	5.278056e+00	3.862220e+01
9.700000e-07	8.373442e-07	7.657324e-10	5.642625e+00	4.857411e+01
9.800000e-07	8.911376e-07	9.170066e-10	6.005124e+00	5.860034e+01
9.900000e-07	9.445754e-07	1.071250e-09	6.365226e+00	6.870188e+01
1.000000e-06	9.975929e-07	1.226503e-09	6.722496e+00	7.887866e+01
1.010000e-06	1.050202e-06	1.382655e-09	7.077014e+00	8.912897e+01
1.020000e-06	1.102462e-06	1.540396e-09	7.429181e+00	9.944986e+01
1.030000e-06	1.154341e-06	1.698920e-09	7.778774e+00	1.098380e+02
1.040000e-06	1.205710e-06	1.857476e-09	8.124938e+00	1.202902e+02
1.050000e-06	1.256417e-06	2.016357e-09	8.466639e+00	1.308036e+02
1.060000e-06	1.306360e-06	2.177003e-09	8.803190e+00	1.413746e+02
1.070000e-06	1.355596e-06	2.338904e-09	9.134978e+00	1.519971e+02
1.080000e-06	1.404321e-06	2.502011e-09	9.463322e+00	1.626622e+02
1.090000e-06	1.452694e-06	2.666384e-09	9.789292e+00	1.733572e+02
1.100000e-06	1.500684e-06	2.831212e-09	1.011268e+01	1.840675e+02
1.110000e-06	1.548141e-06	2.995046e-09	1.043249e+01	1.947788e+02
1.120000e-06	1.595012e-06	3.158290e-09	1.074833e+01	2.054801e+02
1.130000e-06	1.641321e-06	3.320578e-09	1.106040e+01	2.161647e+02
1.140000e-06	1.687076e-06	3.481356e-09	1.136872e+01	2.268308e+02
1.150000e-06	1.732293e-06	3.643126e-09	1.167343e+01	2.374783e+02
1.160000e-06	1.777013e-06	3.805935e-09	1.197479e+01	2.481048e+02
1.170000e-06	1.821305e-06	3.967603e-09	1.227326e+01	2.587024e+02
1.180000e-06	1.865088e-06	4.128327e-09	1.256830e+01	2.692543e+02
1.190000e-06	1.908044e-06	4.288258e-09	1.285777e+01	2.797359e+02
1.200000e-06	1.949939e-06	4.447057e-09	1.314008e+01	2.901175e+02
1.210000e-06	1.990916e-06	4.604087e-09	1.341622e+01	3.003700e+02
1.220000e-06	2.031279e-06	4.758314e-09	1.368822e+01	3.104697e+02
1.230000e-06	2.071060e-06	4.907426e-09	1.395629e+01	3.204013e+02
1.240000e-06	2.110142e-06	5.052799e-09	1.421965e+01	3.301574e+02
1.250000e-06	2.148546e-06	5.197714e-09	1.447844e+01	3.397349e+02
1.260000e-06	2.186246e-06	5.339897e-09	1.473249e+01	3.491286e+02
1.270000e-06	2.223223e-06	5.478689e-09	1.498167e+01	3.583259e+02
1.280000e-06	2.259589e-06	5.613823e-09	1.522673e+01	3.673040e+02
1.290000e-06	2.295233e-06	5.746236e-09	1.546693e+01	3.760312e+02
1.300000e-06	2.329852e-06	5.875015e-09	1.570021e+01	3.844728e+02
1.310000e-06	2.363339e-06	5.998313e-09	1.592587e+01	3.925990e+02
1.320000e-06	2.395920e-06	6.114483e-09	1.614542e+01	4.003929e+02
1.330000e-06	2.427765e-06	6.224257e-09	1.636002e+01	4.078543e+02
1.340000e-06	2.458842e-06	6.329931e-09	1.656944e+01	4.149995e+02
1.350000e-06	2.489131e-06	6.431920e-09	1.677355e+01	4.218550e+02
1.360000e-06	2.518609e-06	6.532483e-09	1.697219e+01	4.284487e+02
1.370000e-06	2.547359e-06	6.631370e-09	1.716593e+01	4.348012e+02
1.380000e-06	2.575424e-06	6.725591e-09	1.735505e+01	4.409202e+02
1.390000e-06	2.602489e-06	6.813612e-09	1.753744e+01	4.468001e+02
1.400000e-06	2.628246e-06	6.896318e-09	1.771101e+01	4.524271e+02
1.410000e-06	2.652888e-06	6.974383e-09	1.787706e+01	4.577873e+02
1.420000e-06	2.676674e-06	7.048766e-09	1.803734e+01	4.628745e+02
1.430000e-06	2.699566e-06	7.120018e-09	1.819161e+01	4.676946e+02
1.440000e-06	2.721569e-06	7.188751e-09	1.833988e+01	4.722649e+02
1.450000e-06	2.742702e-06	7.255512e-09	1.848229e+01	4.766083e+02
1.460000e-06	2.763021e-06	7.318669e-09	1.861922e+01	4.807442e+02
1.470000e-06	2.782473e-06	7.375840e-09	1.875030e+01	4.846809e+02
1.480000e-06	2.800889e-06	7.427530e-09	1.887439e+01	4.884110e+02
1.490000e-06	2.818269e-06	7.476907e-09	1.899152e+01	4.919140e+02
1.500000e-06	2.834684e-06	7.523054e-09	1.910213e+01	4.951627e+02
1.510000e-06	2.850057e-06	7.566145e-09	1.920573e+01	4.981342e+02
1.520000e-06	2.864338e-06	7.606860e-09	1.930196e+01	5.008183e+02
1.530000e-06	2.877523e-06	7.642834e-09	1.939081e+01	5.032229e+02
1.540000e-06	2.889512e-06	7.673462e-09	1.947160e+01	5.053720e+02
1.550000e-06	2.900280e-06	7.700856e-09	1.954417e+01	5.072994e+02
1.560000e-06	2.909814e-06	7.725533e-09	1.960841e+01	5.090375e+02
1.570000e-06	2.918248e-06	7.747837e-09	1.966524e+01	5.106087e+02
1.580000e-06	2.925723e-06	7.769059e-09	1.971561e+01	5.120198e+02
1.590000e-06	2.932227e-06	7.787681e-09	1.975945e+01	5.132634e+02
1.600000e-06	2.937757e-06	7.802503e-09	1.979671e+01	5.143237e+02
1.610000e-06	2.942371e-06	7.814925e-09	1.982780e+01	5.151866e+02
1.620000e-06	2.946040e-06	7.824929e-09	1.985253e+01	5.158474e+02
1.630000e-06	2.948505e-06	7.832126e-09	1.986914e+01	5.163150e+02
1.640000e-06	2.949698e-06	7.836042e-09	1.987718e+01	5.166098e+02
1.650000e-06	2.949894e-06	7.838306e-09	1.987850e+01	5.167565e+02
1.660000e-06	2.949226e-06	7.839837e-09	1.987400e+01	5.167749e+02
1.670000e-06	2.947656e-06	7.840002e-09	1.986342e+01	5.166719e+02
1.680000e-06	2.945187e-06	7.838917e-09	1.984678e+01	5.164384e+02
1.690000e-06	2.941876e-06	7.834461e-09	1.982447e+01	5.160524e+02
1.700000e-06	2.937673e-06	7.825516e-09	1.979614e+01	5.154873e+02
1.710000e-06	2.932330e-06	7.814849e-09	1.976014e+01	5.147224e+02
1.720000e-06	2.925848e-06	7.809443e-09	1.971646e+01	5.137513e+02
1.730000e-06	2.918465e-06	7.794544e-09	1.966671e+01	5.125857e+02
1.740000e-06	2.910067e-06	7.736739e-09	1.961012e+01	5.112529e+02
1.750000e-06	2.900167e-06	7.685844e-09	1.954341e+01	5.097878e+02
1.760000e-06	2.888700e-06	7.722461e-09	1.946613e+01	5.082224e+02
1.770000e-06	2.876509e-06	7.752682e-09	1.938398e+01	5.065773e+02
1.780000e-06	2.864114e-06	7.675306e-09	1.930045e+01	5.048567e+02
1.790000e-06	2.850707e-06	7.577618e-09	1.921011e+01	5.030505e+02
1.800000e-06	2.835613e-06	7.627439e-09	1.910839e+01	5.011401e+02
1.810000e-06	2.819511e-06	7.624596e-09	1.899988e+01	4.991070e+02
1.820000e-06	2.802808e-06	7.493408e-09	1.888733e+01	4.969397e+02
1.830000e-06	2.784969e-06	7.510211e-09	1.876711e+01	4.946373e+02
1.840000e-06	2.766013e-06	7.527560e-09	1.863938e+01	4.922071e+02
1.850000e-06	2.746304e-06	7.396613e-09	1.850656e+01	4.896591e+02
1.860000e-06	2.725504e-06	7.391916e-09	1.836640e+01	4.869987e+02
1.870000e-06	2.703396e-06	7.441919e-09	1.821742e+01	4.842213e+02
1.880000e-06	2.680340e-06	7.303385e-09	1.806205e+01	4.813112e+02
1.890000e-06	2.656365e-06	7.241418e-09	1.790049e+01	4.782452e+02
1.900000e-06	2.631453e-06	7.289604e-09	1.773262e+01	4.749994e+02
1.910000e-06	2.605803e-06	7.192137e-09	1.755977e+01	4.715577e+02
1.920000e-06	2.579310e-06	7.106238e-09	1.738124e+01	4.679175e+02
1.930000e-06	2.552054e-06	7.096786e-09	1.719757e+01	4.640908e+02
1.940000e-06	2.524070e-06	7.000309e-09	1.700899e+01	4.601012e+02
1.950000e-06	2.494826e-06	6.967518e-09	1.681192e+01	4.559764e+02
1.960000e-06	2.464244e-06	6.918409e-09	1.660584e+01	4.517404e+02
1.970000e-06	2.432790e-06	6.768320e-09	1.639388e+01	4.474068e+02
1.980000e-06	2.400598e-06	6.756404e-09	1.617695e+01	4.429769e+02
1.990000e-06	2.367632e-06	6.729998e-09	1.595480e+01	4.384414e+02
2.000000e-06	2.333926e-06	6.586908e-09	1.572767e+01	4.337864e+02
2.010000e-06	2.299430e-06	6.542634e-09	1.549521e+01	4.290002e+02
2.020000e-06	2.264256e-06	6.485274e-09	1.525818e+01	4.240783e+02
2.030000e-06	2.228373e-06	6.367865e-09	1.501638e+01	4.190258e+02
2.040000e-06	2.191478e-06	6.331941e-09	1.476775e+01	4.138553e+02
2.050000e-06	2.153483e-06	6.249426e-09	1.451171e+01	4.085828e+02
2.060000e-06	2.114641e-06	6.129529e-09	1.424997e+01	4.032214e+02
2.070000e-06	2.075196e-06	6.071732e-09	1.398415e+01	3.977773e+02
2.080000e-06	2.035112e-06	5.996913e-09	1.371404e+01	3.922479e+02
2.090000e-06	1.994353e-06	5.902425e-09	1.343938e+01	3.866235e+02
2.100000e-06	1.952975e-06	5.809969e-09	1.316054e+01	3.808912e+02
2.110000e-06	1.910937e-06	5.722399e-09	1.287727e+01	3.750399e+02
2.120000e-06	1.868223e-06	5.646184e-09	1.258942e+01	3.690641e+02
2.130000e-06	1.824998e-06	5.550797e-09	1.229815e+01	3.629660e+02
2.140000e-06	1.781334e-06	5.443522e-09	1.200390e+01	3.567546e+02
2.150000e-06	1.737100e-06	5.345174e-09	1.170582e+01	3.504423e+02
2.160000e-06	1.692133e-06	5.255143e-09	1.140281e+01	3.440415e+02
2.170000e-06	1.646479e-06	5.166076e-09	1.109515e+01	3.375608e+02
2.180000e-06	1.600343e-06	5.061078e-09	1.078426e+01	3.310030e+02
2.190000e-06	1.553768e-06	4.958265e-09	1.047040e+01	3.243651e+02
2.200000e-06	1.506713e-06	4.853720e-09	1.015331e+01	3.176395e+02
2.210000e-06	1.459023e-06	4.744357e-09	9.831941e+00	3.108175e+02
2.220000e-06	1.410592e-06	4.647358e-09	9.505580e+00	3.038910e+02
2.230000e-06	1.361533e-06	4.533469e-09	9.174984e+00	2.968553e+02
2.240000e-06	1.312020e-06	4.422687e-09	8.841330e+00	2.897094e+02
2.250000e-06	1.262056e-06	4.326696e-09	8.504636e+00	2.824565e+02
2.260000e-06	1.211598e-06	4.212339e-09	8.164613e+00	2.751027e+02
2.270000e-06	1.160690e-06	4.090197e-09	7.821561e+00	2.676556e+02
2.280000e-06	1.109399e-06	3.971964e-09	7.475928e+00	2.601233e+02
2.290000e-06	1.057733e-06	3.859778e-09	7.127764e+00	2.525123e+02
2.300000e-06	1.005521e-06	3.747926e-09	6.775922e+00	2.448279e+02
2.310000e-06	9.527269e-07	3.626834e-09	6.420156e+00	2.370730e+02
2.320000e-06	8.993437e-07	3.507108e-09	6.060422e+00	2.292492e+02
2.330000e-06	8.454291e-07	3.389985e-09	5.697107e+00	2.213572e+02
2.340000e-06	7.911093e-07	3.268094e-09	5.331061e+00	2.133979e+02
2.350000e-06	7.363969e-07	3.143159e-09	4.962370e+00	2.053732e+02
2.360000e-06	6.813904e-07	3.017061e-09	4.591697e+00	1.972867e+02
2.370000e-06	6.262097e-07	2.896475e-09	4.219850e+00	1.891432e+02
2.380000e-06	5.709065e-07	2.776915e-09	3.847177e+00	1.809476e+02
2.390000e-06	5.155259e-07	2.652048e-09	3.473983e+00	1.727035e+02
2.400000e-06	4.600689e-07	2.524489e-09	3.100274e+00	1.644110e+02
2.410000e-06	4.045322e-07	2.394434e-09	2.726027e+00	1.560665e+02
2.420000e-06	3.489231e-07	2.269217e-09	2.351294e+00	1.476623e+02
2.430000e-06	2.932084e-07	2.143814e-09	1.975848e+00	1.391885e+02
2.440000e-06	2.373594e-07	2.011569e-09	1.599497e+00	1.306358e+02
2.450000e-06	1.813915e-07	1.878600e-09	1.222346e+00	1.219982e+02
2.460000e-06	1.253625e-07	1.747171e-09	8.447822e-01	1.132754e+02
2.470000e-06	6.928250e-08	1.615748e-09	4.668751e-01	1.044733e+02
2.480000e-06	1.318070e-08	1.479542e-09	8.882098e-02	9.560282e+01
2.490000e-06	-4.287131e-08	1.340316e-09	-2.888976e-01	8.667643e+01
2.500000e-06	-9.890862e-08	1.204290e-09	-6.665171e-01	7.770453e+01
2.510000e-06	-1.549067e-07	1.070144e-09	-1.043873e+00	6.869193e+01
2.520000e-06	-2.107813e-07	9.327608e-10	-1.420395e+00	5.963609e+01
2.530000e-06	-2.665593e-07	7.898470e-10	-1.796268e+00	5.052762e+01
2.540000e-06	-3.222493e-07	6.457657e-10	-2.171546e+00	4.135276e+01
2.550000e-06	-3.778431e-07	5.057228e-10	-2.546178e+00	3.209721e+01
2.560000e-06	-4.333435e-07	3.674304e-10	-2.920179e+00	2.274976e+01
2.570000e-06	-4.887657e-07	2.256005e-10	-3.293653e+00	1.330473e+01
2.580000e-06	-5.441130e-07	7.994762e-11	-3.666623e+00	3.762500e+00
2.590000e-06	-5.993597e-07	-6.756625e-11	-4.038915e+00	-5.871971e+00
2.600000e-06	-6.544871e-07	-2.154084e-10	-4.410403e+00	-1.559165e+01
2.610000e-06	-7.094727e-07	-3.646332e-10	-4.780935e+00	-2.539014e+01
2.620000e-06	-7.642560e-07	-5.168628e-10	-5.150104e+00	-3.526343e+01
2.630000e-06	-8.186753e-07	-6.704490e-10	-5.516821e+00	-4.521028e+01
2.640000e-06	-8.726396e-07	-8.225183e-10	-5.880471e+00	-5.523138e+01
2.650000e-06	-9.260431e-07	-9.745359e-10	-6.240342e+00	-6.532775e+01
2.660000e-06	-9.787952e-07	-1.130191e-09	-6.595824e+00	-7.549940e+01
2.670000e-06	-1.031005e-06	-1.288233e-09	-6.947652e+00	-8.574476e+01
2.680000e-06	-1.082751e-06	-1.446410e-09	-7.296354e+00	-9.606094e+01
2.690000e-06	-1.134110e-06	-1.605069e-09	-7.642448e+00	-1.064446e+02
2.700000e-06	-1.185160e-06	-1.764930e-09	-7.986459e+00	-1.168925e+02
2.710000e-06	-1.235802e-06	-1.925847e-09	-8.327721e+00	-1.274019e+02
2.720000e-06	-1.285930e-06	-2.087309e-09	-8.665517e+00	-1.379691e+02
2.730000e-06	-1.335583e-06	-2.247892e-09	-9.000116e+00	-1.485885e+02
2.740000e-06	-1.384751e-06	-2.409536e-09	-9.331446e+00	-1.592511e+02
2.750000e-06	-1.433233e-06	-2.573611e-09	-9.658152e+00	-1.699447e+02
2.760000e-06	-1.480926e-06	-2.736946e-09	-9.979541e+00	-1.806545e+02
2.770000e-06	-1.527830e-06	-2.898542e-09	-1.029561e+01	-1.913664e+02
2.780000e-06	-1.574050e-06	-3.060218e-09	-1.060708e+01	-2.020689e+02
2.790000e-06	-1.619815e-06	-3.223467e-09	-1.091547e+01	-2.127551e+02
2.800000e-06	-1.665187e-06	-3.387894e-09	-1.122122e+01	-2.234227e+02
2.810000e-06	-1.710126e-06	-3.551549e-09	-1.152405e+01	-2.340717e+02
2.820000e-06	-1.754494e-06	-3.713599e-09	-1.182304e+01	-2.447002e+02
2.830000e-06	-1.798239e-06	-3.875870e-09	-1.211782e+01	-2.553005e+02
2.840000e-06	-1.841532e-06	-4.038744e-09	-1.240956e+01	-2.658566e+02
2.850000e-06	-1.884375e-06	-4.200033e-09	-1.269827e+01	-2.763444e+02
2.860000e-06	-1.926594e-06	-4.357920e-09	-1.298277e+01	-2.867343e+02
2.870000e-06	-1.968169e-06	-4.512838e-09	-1.326294e+01	-2.969972e+02
2.880000e-06	-2.009080e-06	-4.667491e-09	-1.353862e+01	-3.071086e+02
2.890000e-06	-2.049301e-06	-4.821406e-09	-1.380966e+01	-3.170528e+02
2.900000e-06	-2.088915e-06	-4.971906e-09	-1.407660e+01	-3.268218e+02
2.910000e-06	-2.127919e-06	-5.118484e-09	-1.433944e+01	-3.364123e+02
2.920000e-06	-2.166141e-06	-5.263754e-09	-1.459701e+01	-3.458196e+02
2.930000e-06	-2.203266e-06	-5.407286e-09	-1.484718e+01	-3.550318e+02
2.940000e-06	-2.239353e-06	-5.546600e-09	-1.509037e+01	-3.640268e+02
2.950000e-06	-2.274714e-06	-5.680347e-09	-1.532865e+01	-3.727733e+02
2.960000e-06	-2.309407e-06	-5.809208e-09	-1.556244e+01	-3.812366e+02
2.970000e-06	-2.343343e-06	-5.935179e-09	-1.579112e+01	-3.893863e+02
2.980000e-06	-2.376434e-06	-6.058336e-09	-1.601411e+01	-3.972044e+02
2.990000e-06	-2.408662e-06	-6.174670e-09	-1.623129e+01	-4.046894e+02
3.000000e-06	-2.440143e-06	-6.283327e-09	-1.644343e+01	-4.118566e+02
3.010000e-06	-2.470894e-06	-6.388645e-09	-1.665065e+01	-4.187320e+02
3.020000e-06	-2.500598e-06	-6.492786e-09	-1.685082e+01	-4.253438e+02
3.030000e-06	-2.529141e-06	-6.594557e-09	-1.704317e+01	-4.317133e+02
3.040000e-06	-2.556734e-06	-6.690426e-09	-1.722910e+01	-4.378492e+02
3.050000e-06	-2.583488e-06	-6.779942e-09	-1.740940e+01	-4.437468e+02
3.060000e-06	-2.609415e-06	-6.865267e-09	-1.758411e+01	-4.493927e+02
3.070000e-06	-2.634486e-06	-6.948639e-09	-1.775306e+01	-4.547725e+02
3.080000e-06	-2.658619e-06	-7.028945e-09	-1.791568e+01	-4.598793e+02
3.090000e-06	-2.681910e-06	-7.104176e-09	-1.807263e+01	-4.647182e+02
3.100000e-06	-2.704327e-06	-7.176443e-09	-1.822369e+01	-4.693059e+02
3.110000e-06	-2.725567e-06	-7.247129e-09	-1.836683e+01	-4.736649e+02
3.120000e-06	-2.745620e-06	-7.313731e-09	-1.850195e+01	-4.778155e+02
3.130000e-06	-2.764734e-06	-7.373979e-09	-1.863076e+01	-4.817666e+02
3.140000e-06	-2.783009e-06	-7.430323e-09	-1.875391e+01	-4.855123e+02
3.150000e-06	-2.800392e-06	-7.485699e-09	-1.887105e+01	-4.890326e+02
3.160000e-06	-2.816839e-06	-7.540600e-09	-1.898188e+01	-4.923006e+02
3.170000e-06	-2.832389e-06	-7.592436e-09	-1.908667e+01	-4.952926e+02
3.180000e-06	-2.846917e-06	-7.638047e-09	-1.918457e+01	-4.979974e+02
3.190000e-06	-2.860131e-06	-7.676468e-09	-1.927361e+01	-5.004215e+02
3.200000e-06	-2.871989e-06	-7.707846e-09	-1.935352e+01	-5.025881e+02
3.210000e-06	-2.882706e-06	-7.735056e-09	-1.942574e+01	-5.045303e+02
3.220000e-06	-2.892469e-06	-7.762074e-09	-1.949153e+01	-5.062813e+02
3.230000e-06	-2.901309e-06	-7.788861e-09	-1.955110e+01	-5.078642e+02
3.240000e-06	-2.909258e-06	-7.813636e-09	-1.960467e+01	-5.092871e+02
3.250000e-06	-2.916280e-06	-7.834971e-09	-1.965198e+01	-5.105433e+02
3.260000e-06	-2.922174e-06	-7.851998e-09	-1.969170e+01	-5.116174e+02
3.270000e-06	-2.926802e-06	-7.865670e-09	-1.972289e+01	-5.124950e+02
3.280000e-06	-2.930324e-06	-7.874710e-09	-1.974662e+01	-5.131703e+02
3.290000e-06	-2.932909e-06	-7.879788e-09	-1.976404e+01	-5.136514e+02
3.300000e-06	-2.934544e-06	-7.883449e-09	-1.977506e+01	-5.139579e+02
3.310000e-06	-2.935181e-06	-7.885966e-09	-1.977935e+01	-5.141146e+02
3.320000e-06	-2.934896e-06	-7.886281e-09	-1.977743e+01	-5.141420e+02
