# Temperatura_=_63.88
# Concentracion g/m^3_=_13400.0
# C_Vs_to_Am_M_A/Vsm_=_65563218390.804596
# pendiente_HvsI_1/m_=_3716.3
# ordenada_HvsI_A/m_=_1297.0
# frecuencia_Hz_=_301402.1098772889

Tiempo_(s)	Campo_(V.s)	Magnetizacion_(V.s)	Campo_(kA/m)	Magnetizacion_(A/m)
0.000000e+00	-8.427814e-06	-1.303551e-08	-5.692507e+01	-8.558446e+02
1.000000e-08	-8.423990e-06	-1.302671e-08	-5.689925e+01	-8.558512e+02
2.000000e-08	-8.417432e-06	-1.302090e-08	-5.685495e+01	-8.559174e+02
3.000000e-08	-8.408141e-06	-1.301715e-08	-5.679220e+01	-8.558718e+02
4.000000e-08	-8.395908e-06	-1.301149e-08	-5.670957e+01	-8.555464e+02
5.000000e-08	-8.380614e-06	-1.300230e-08	-5.660627e+01	-8.548508e+02
6.000000e-08	-8.362363e-06	-1.299062e-08	-5.648299e+01	-8.538131e+02
7.000000e-08	-8.341561e-06	-1.297247e-08	-5.634248e+01	-8.525682e+02
8.000000e-08	-8.318133e-06	-1.297560e-08	-5.618424e+01	-8.513007e+02
9.000000e-08	-8.291412e-06	-1.301189e-08	-5.600376e+01	-8.501668e+02
1.000000e-07	-8.261289e-06	-1.299900e-08	-5.580029e+01	-8.492300e+02
1.100000e-07	-8.228096e-06	-1.294616e-08	-5.557610e+01	-8.484381e+02
1.200000e-07	-8.191966e-06	-1.290189e-08	-5.533206e+01	-8.476495e+02
1.300000e-07	-8.153217e-06	-1.287345e-08	-5.507033e+01	-8.466972e+02
1.400000e-07	-8.112137e-06	-1.283483e-08	-5.479285e+01	-8.454599e+02
1.500000e-07	-8.068490e-06	-1.281377e-08	-5.449804e+01	-8.439081e+02
1.600000e-07	-8.021958e-06	-1.283977e-08	-5.418375e+01	-8.421071e+02
1.700000e-07	-7.972506e-06	-1.278873e-08	-5.384973e+01	-8.401752e+02
1.800000e-07	-7.920018e-06	-1.279359e-08	-5.349520e+01	-8.382198e+02
1.900000e-07	-7.864497e-06	-1.276560e-08	-5.312019e+01	-8.362807e+02
2.000000e-07	-7.806150e-06	-1.266465e-08	-5.272609e+01	-8.343089e+02
2.100000e-07	-7.745014e-06	-1.263457e-08	-5.231315e+01	-8.321902e+02
2.200000e-07	-7.681137e-06	-1.259557e-08	-5.188170e+01	-8.298028e+02
2.300000e-07	-7.614430e-06	-1.260647e-08	-5.143113e+01	-8.270823e+02
2.400000e-07	-7.544892e-06	-1.257202e-08	-5.096144e+01	-8.240610e+02
2.500000e-07	-7.472523e-06	-1.250863e-08	-5.047263e+01	-8.208625e+02
2.600000e-07	-7.397256e-06	-1.247594e-08	-4.996424e+01	-8.176513e+02
2.700000e-07	-7.319138e-06	-1.242523e-08	-4.943660e+01	-8.145585e+02
2.800000e-07	-7.238116e-06	-1.236425e-08	-4.888934e+01	-8.116180e+02
2.900000e-07	-7.154460e-06	-1.228467e-08	-4.832429e+01	-8.087429e+02
3.000000e-07	-7.068488e-06	-1.226397e-08	-4.774360e+01	-8.057555e+02
3.100000e-07	-6.980160e-06	-1.223954e-08	-4.714700e+01	-8.024603e+02
3.200000e-07	-6.889342e-06	-1.218165e-08	-4.653357e+01	-7.987290e+02
3.300000e-07	-6.796033e-06	-1.211605e-08	-4.590333e+01	-7.945593e+02
3.400000e-07	-6.700342e-06	-1.202810e-08	-4.525699e+01	-7.900808e+02
3.500000e-07	-6.602215e-06	-1.197081e-08	-4.459420e+01	-7.855025e+02
3.600000e-07	-6.501617e-06	-1.191147e-08	-4.391471e+01	-7.810233e+02
3.700000e-07	-6.398639e-06	-1.184480e-08	-4.321915e+01	-7.767428e+02
3.800000e-07	-6.293332e-06	-1.177348e-08	-4.250787e+01	-7.726140e+02
3.900000e-07	-6.185743e-06	-1.171574e-08	-4.178116e+01	-7.684582e+02
4.000000e-07	-6.075969e-06	-1.165385e-08	-4.103971e+01	-7.640389e+02
4.100000e-07	-5.964038e-06	-1.156174e-08	-4.028367e+01	-7.591631e+02
4.200000e-07	-5.849837e-06	-1.147045e-08	-3.951231e+01	-7.537664e+02
4.300000e-07	-5.733306e-06	-1.138961e-08	-3.872521e+01	-7.479431e+02
4.400000e-07	-5.614575e-06	-1.132396e-08	-3.792325e+01	-7.419066e+02
4.500000e-07	-5.493768e-06	-1.124742e-08	-3.710727e+01	-7.358952e+02
4.600000e-07	-5.371011e-06	-1.115166e-08	-3.627811e+01	-7.300641e+02
4.700000e-07	-5.246366e-06	-1.104678e-08	-3.543621e+01	-7.244102e+02
4.800000e-07	-5.119805e-06	-1.095302e-08	-3.458136e+01	-7.187663e+02
4.900000e-07	-4.991406e-06	-1.085983e-08	-3.371410e+01	-7.128670e+02
5.000000e-07	-4.861263e-06	-1.075364e-08	-3.283506e+01	-7.064622e+02
5.100000e-07	-4.729361e-06	-1.064400e-08	-3.194414e+01	-6.994273e+02
5.200000e-07	-4.595733e-06	-1.054216e-08	-3.104156e+01	-6.918209e+02
5.300000e-07	-4.460457e-06	-1.044299e-08	-3.012784e+01	-6.838631e+02
5.400000e-07	-4.323518e-06	-1.032497e-08	-2.920290e+01	-6.758401e+02
5.500000e-07	-4.184959e-06	-1.019145e-08	-2.826701e+01	-6.679754e+02
5.600000e-07	-4.044764e-06	-1.006253e-08	-2.732007e+01	-6.603230e+02
5.700000e-07	-3.902868e-06	-9.945741e-09	-2.636165e+01	-6.527334e+02
5.800000e-07	-3.759450e-06	-9.823408e-09	-2.539294e+01	-6.449078e+02
5.900000e-07	-3.614652e-06	-9.687468e-09	-2.441491e+01	-6.365223e+02
6.000000e-07	-3.468523e-06	-9.547031e-09	-2.342789e+01	-6.273685e+02
6.100000e-07	-3.321143e-06	-9.407660e-09	-2.243242e+01	-6.174469e+02
6.200000e-07	-3.172622e-06	-9.264102e-09	-2.142925e+01	-6.069704e+02
6.300000e-07	-3.023099e-06	-9.104578e-09	-2.041931e+01	-5.962700e+02
6.400000e-07	-2.872588e-06	-8.933488e-09	-1.940270e+01	-5.856420e+02
6.500000e-07	-2.720998e-06	-8.765898e-09	-1.837879e+01	-5.752004e+02
6.600000e-07	-2.568401e-06	-8.600913e-09	-1.734808e+01	-5.648050e+02
6.700000e-07	-2.414916e-06	-8.425684e-09	-1.631138e+01	-5.540994e+02
6.800000e-07	-2.260555e-06	-8.237592e-09	-1.526876e+01	-5.426512e+02
6.900000e-07	-2.105325e-06	-8.047470e-09	-1.422027e+01	-5.301355e+02
7.000000e-07	-1.949304e-06	-7.858315e-09	-1.316644e+01	-5.164811e+02
7.100000e-07	-1.792609e-06	-7.658399e-09	-1.210805e+01	-5.019096e+02
7.200000e-07	-1.635271e-06	-7.438237e-09	-1.104532e+01	-4.868398e+02
7.300000e-07	-1.477376e-06	-7.204002e-09	-9.978829e+00	-4.716887e+02
7.400000e-07	-1.319031e-06	-6.966030e-09	-8.909304e+00	-4.566529e+02
7.500000e-07	-1.160185e-06	-6.722257e-09	-7.836386e+00	-4.415654e+02
7.600000e-07	-1.000802e-06	-6.464959e-09	-6.759850e+00	-4.259044e+02
7.700000e-07	-8.409970e-07	-6.192604e-09	-5.680455e+00	-4.089633e+02
7.800000e-07	-6.808648e-07	-5.910386e-09	-4.598853e+00	-3.901239e+02
7.900000e-07	-5.204784e-07	-5.613960e-09	-3.515535e+00	-3.691154e+02
8.000000e-07	-3.599274e-07	-5.289846e-09	-2.431104e+00	-3.461372e+02
8.100000e-07	-1.992841e-07	-4.933970e-09	-1.346050e+00	-3.217621e+02
8.200000e-07	-3.857207e-08	-4.552134e-09	-2.605323e-01	-2.966248e+02
8.300000e-07	1.221989e-07	-4.146160e-09	8.253837e-01	-2.709922e+02
8.400000e-07	2.829622e-07	-3.707795e-09	1.911248e+00	-2.443806e+02
8.500000e-07	4.436061e-07	-3.226869e-09	2.996306e+00	-2.153914e+02
8.600000e-07	6.041003e-07	-2.693859e-09	4.080353e+00	-1.818792e+02
8.700000e-07	7.643577e-07	-2.093138e-09	5.162800e+00	-1.414556e+02
8.800000e-07	9.242002e-07	-1.392817e-09	6.242445e+00	-9.220806e+01
8.900000e-07	1.083640e-06	-5.538798e-10	7.319370e+00	-3.341815e+01
9.000000e-07	1.242645e-06	4.535367e-10	8.393357e+00	3.395703e+01
9.100000e-07	1.401154e-06	1.618892e-09	9.463993e+00	1.072220e+02
9.200000e-07	1.559203e-06	2.851484e-09	1.053152e+01	1.823543e+02
9.300000e-07	1.716712e-06	4.007372e-09	1.159541e+01	2.547970e+02
9.400000e-07	1.873614e-06	4.980530e-09	1.265520e+01	3.204148e+02
9.500000e-07	2.029857e-06	5.754658e-09	1.371053e+01	3.763415e+02
9.600000e-07	2.185354e-06	6.369834e-09	1.476082e+01	4.214795e+02
9.700000e-07	2.340000e-06	6.876059e-09	1.580536e+01	4.565238e+02
9.800000e-07	2.493783e-06	7.303311e-09	1.684408e+01	4.835320e+02
9.900000e-07	2.646758e-06	7.668144e-09	1.787734e+01	5.051990e+02
1.000000e-06	2.798820e-06	7.988812e-09	1.890443e+01	5.240776e+02
1.010000e-06	2.949798e-06	8.279447e-09	1.992420e+01	5.419769e+02
1.020000e-06	3.099678e-06	8.544037e-09	2.093656e+01	5.596987e+02
1.030000e-06	3.248447e-06	8.782464e-09	2.194141e+01	5.771371e+02
1.040000e-06	3.396031e-06	9.000931e-09	2.293825e+01	5.936535e+02
1.050000e-06	3.542431e-06	9.207242e-09	2.392710e+01	6.085495e+02
1.060000e-06	3.687626e-06	9.402943e-09	2.490781e+01	6.214566e+02
1.070000e-06	3.831477e-06	9.583355e-09	2.587944e+01	6.325137e+02
1.080000e-06	3.973839e-06	9.750611e-09	2.684102e+01	6.422976e+02
1.090000e-06	4.114650e-06	9.910401e-09	2.779211e+01	6.515724e+02
1.100000e-06	4.253911e-06	1.006449e-08	2.873274e+01	6.609809e+02
1.110000e-06	4.391589e-06	1.021092e-08	2.966268e+01	6.708141e+02
1.120000e-06	4.527643e-06	1.035102e-08	3.058164e+01	6.809431e+02
1.130000e-06	4.662022e-06	1.048763e-08	3.148930e+01	6.909288e+02
1.140000e-06	4.794683e-06	1.062160e-08	3.238535e+01	7.002473e+02
1.150000e-06	4.925659e-06	1.074946e-08	3.327002e+01	7.085291e+02
1.160000e-06	5.054927e-06	1.086634e-08	3.414315e+01	7.157121e+02
1.170000e-06	5.182427e-06	1.097409e-08	3.500434e+01	7.220524e+02
1.180000e-06	5.308122e-06	1.107468e-08	3.585333e+01	7.280002e+02
1.190000e-06	5.431978e-06	1.117110e-08	3.668991e+01	7.340021e+02
1.200000e-06	5.553898e-06	1.126566e-08	3.751341e+01	7.403195e+02
1.210000e-06	5.673737e-06	1.135821e-08	3.832285e+01	7.469373e+02
1.220000e-06	5.791416e-06	1.145038e-08	3.911771e+01	7.535963e+02
1.230000e-06	5.906889e-06	1.154218e-08	3.989767e+01	7.599268e+02
1.240000e-06	6.020075e-06	1.162822e-08	4.066217e+01	7.656219e+02
1.250000e-06	6.131084e-06	1.170457e-08	4.141197e+01	7.705720e+02
1.260000e-06	6.240000e-06	1.177437e-08	4.214764e+01	7.749082e+02
1.270000e-06	6.346684e-06	1.184335e-08	4.286823e+01	7.789385e+02
1.280000e-06	6.451070e-06	1.191237e-08	4.357330e+01	7.830110e+02
1.290000e-06	6.553159e-06	1.197924e-08	4.426285e+01	7.873651e+02
1.300000e-06	6.652866e-06	1.204316e-08	4.493631e+01	7.920360e+02
1.310000e-06	6.750073e-06	1.210544e-08	4.559289e+01	7.968503e+02
1.320000e-06	6.844810e-06	1.216896e-08	4.623279e+01	8.015105e+02
1.330000e-06	6.937192e-06	1.223186e-08	4.685677e+01	8.057288e+02
1.340000e-06	7.027198e-06	1.229005e-08	4.746471e+01	8.093510e+02
1.350000e-06	7.114755e-06	1.234371e-08	4.805611e+01	8.124175e+02
1.360000e-06	7.199898e-06	1.239392e-08	4.863120e+01	8.151392e+02
1.370000e-06	7.282499e-06	1.244069e-08	4.918913e+01	8.178003e+02
1.380000e-06	7.362422e-06	1.248457e-08	4.972896e+01	8.206353e+02
1.390000e-06	7.439617e-06	1.252846e-08	5.025037e+01	8.237312e+02
1.400000e-06	7.514026e-06	1.257463e-08	5.075296e+01	8.269983e+02
1.410000e-06	7.585755e-06	1.262040e-08	5.123745e+01	8.302174e+02
1.420000e-06	7.654828e-06	1.266429e-08	5.170400e+01	8.331410e+02
1.430000e-06	7.721089e-06	1.270655e-08	5.215155e+01	8.356024e+02
1.440000e-06	7.784586e-06	1.274478e-08	5.258043e+01	8.375852e+02
1.450000e-06	7.845465e-06	1.277668e-08	5.299164e+01	8.392249e+02
1.460000e-06	7.903619e-06	1.280410e-08	5.338444e+01	8.407443e+02
1.470000e-06	7.958907e-06	1.283142e-08	5.375787e+01	8.423534e+02
1.480000e-06	8.011075e-06	1.285911e-08	5.411024e+01	8.441588e+02
1.490000e-06	8.059987e-06	1.288345e-08	5.444061e+01	8.461217e+02
1.500000e-06	8.105985e-06	1.290591e-08	5.475130e+01	8.480811e+02
1.510000e-06	8.149128e-06	1.292944e-08	5.504271e+01	8.498298e+02
1.520000e-06	8.189327e-06	1.295495e-08	5.531423e+01	8.512086e+02
1.530000e-06	8.226725e-06	1.298105e-08	5.556683e+01	8.521762e+02
1.540000e-06	8.261238e-06	1.300004e-08	5.579995e+01	8.528250e+02
1.550000e-06	8.292857e-06	1.301056e-08	5.601352e+01	8.533379e+02
1.560000e-06	8.321648e-06	1.302034e-08	5.620799e+01	8.539051e+02
1.570000e-06	8.347426e-06	1.303363e-08	5.638210e+01	8.546414e+02
1.580000e-06	8.370257e-06	1.304750e-08	5.653631e+01	8.555374e+02
1.590000e-06	8.390290e-06	1.305764e-08	5.667162e+01	8.564681e+02
1.600000e-06	8.407270e-06	1.306367e-08	5.678631e+01	8.572525e+02
1.610000e-06	8.421015e-06	1.307069e-08	5.687915e+01	8.577360e+02
1.620000e-06	8.431550e-06	1.307897e-08	5.695031e+01	8.578603e+02
1.630000e-06	8.439036e-06	1.308382e-08	5.700087e+01	8.576882e+02
1.640000e-06	8.443564e-06	1.308279e-08	5.703145e+01	8.573739e+02
1.650000e-06	8.445051e-06	1.308069e-08	5.704150e+01	8.570920e+02
1.660000e-06	8.443697e-06	1.308054e-08	5.703236e+01	8.569585e+02
1.670000e-06	8.439585e-06	1.307850e-08	5.700458e+01	8.569778e+02
1.680000e-06	8.432619e-06	1.307598e-08	5.695753e+01	8.570407e+02
1.690000e-06	8.422856e-06	1.306817e-08	5.689159e+01	8.569722e+02
1.700000e-06	8.410089e-06	1.306112e-08	5.680535e+01	8.566093e+02
1.710000e-06	8.394417e-06	1.305849e-08	5.669950e+01	8.558734e+02
1.720000e-06	8.376308e-06	1.305729e-08	5.657718e+01	8.548054e+02
1.730000e-06	8.355650e-06	1.304043e-08	5.643765e+01	8.535489e+02
1.740000e-06	8.331864e-06	1.296357e-08	5.627699e+01	8.522892e+02
1.750000e-06	8.304219e-06	1.292099e-08	5.609026e+01	8.511752e+02
1.760000e-06	8.272709e-06	1.292983e-08	5.587743e+01	8.502583e+02
1.770000e-06	8.238297e-06	1.293980e-08	5.564500e+01	8.494744e+02
1.780000e-06	8.201437e-06	1.294907e-08	5.539603e+01	8.486758e+02
1.790000e-06	8.162276e-06	1.295964e-08	5.513151e+01	8.476973e+02
1.800000e-06	8.121132e-06	1.290579e-08	5.485361e+01	8.464257e+02
1.810000e-06	8.077479e-06	1.285517e-08	5.455877e+01	8.448425e+02
1.820000e-06	8.030818e-06	1.288292e-08	5.424359e+01	8.430212e+02
1.830000e-06	7.981267e-06	1.283486e-08	5.390891e+01	8.410823e+02
1.840000e-06	7.928330e-06	1.285146e-08	5.355135e+01	8.391281e+02
1.850000e-06	7.872286e-06	1.282286e-08	5.317280e+01	8.371892e+02
1.860000e-06	7.813574e-06	1.278942e-08	5.277623e+01	8.352077e+02
1.870000e-06	7.751994e-06	1.279508e-08	5.236029e+01	8.330653e+02
1.880000e-06	7.687726e-06	1.266069e-08	5.192620e+01	8.306436e+02
1.890000e-06	7.620506e-06	1.263941e-08	5.147217e+01	8.278873e+02
1.900000e-06	7.550353e-06	1.258427e-08	5.099833e+01	8.248397e+02
1.910000e-06	7.477317e-06	1.254514e-08	5.050501e+01	8.216318e+02
1.920000e-06	7.401308e-06	1.255455e-08	4.999161e+01	8.184281e+02
1.930000e-06	7.322582e-06	1.248218e-08	4.945986e+01	8.153519e+02
1.940000e-06	7.241344e-06	1.246267e-08	4.891114e+01	8.124244e+02
1.950000e-06	7.157682e-06	1.236921e-08	4.834606e+01	8.095466e+02
1.960000e-06	7.071306e-06	1.231817e-08	4.776264e+01	8.065349e+02
1.970000e-06	6.982353e-06	1.224806e-08	4.716181e+01	8.031971e+02
1.980000e-06	6.890992e-06	1.217768e-08	4.654472e+01	7.994163e+02
1.990000e-06	6.797092e-06	1.216259e-08	4.591048e+01	7.952050e+02
2.000000e-06	6.700789e-06	1.209916e-08	4.526000e+01	7.907050e+02
2.010000e-06	6.602130e-06	1.205034e-08	4.459362e+01	7.861288e+02
2.020000e-06	6.501120e-06	1.195522e-08	4.391135e+01	7.816683e+02
2.030000e-06	6.397643e-06	1.188269e-08	4.321243e+01	7.774088e+02
2.040000e-06	6.291907e-06	1.180801e-08	4.249824e+01	7.732873e+02
2.050000e-06	6.184020e-06	1.174311e-08	4.176953e+01	7.691145e+02
2.060000e-06	6.073957e-06	1.167404e-08	4.102612e+01	7.646537e+02
2.070000e-06	5.961640e-06	1.160058e-08	4.026748e+01	7.597222e+02
2.080000e-06	5.846909e-06	1.152724e-08	3.949254e+01	7.542725e+02
2.090000e-06	5.729846e-06	1.144079e-08	3.870184e+01	7.484146e+02
2.100000e-06	5.610557e-06	1.134324e-08	3.789611e+01	7.423698e+02
2.110000e-06	5.489265e-06	1.123793e-08	3.707685e+01	7.363725e+02
2.120000e-06	5.366080e-06	1.115829e-08	3.624481e+01	7.305634e+02
2.130000e-06	5.240998e-06	1.107144e-08	3.539995e+01	7.249210e+02
2.140000e-06	5.114019e-06	1.099491e-08	3.454228e+01	7.192629e+02
2.150000e-06	4.985215e-06	1.088925e-08	3.367228e+01	7.133198e+02
2.160000e-06	4.854611e-06	1.078688e-08	3.279013e+01	7.068504e+02
2.170000e-06	4.722293e-06	1.067297e-08	3.189639e+01	6.997479e+02
2.180000e-06	4.588289e-06	1.055755e-08	3.099127e+01	6.920910e+02
2.190000e-06	4.452607e-06	1.044687e-08	3.007482e+01	6.841124e+02
2.200000e-06	4.315286e-06	1.033722e-08	2.914730e+01	6.760978e+02
2.210000e-06	4.176309e-06	1.023521e-08	2.820858e+01	6.682566e+02
2.220000e-06	4.035737e-06	1.011276e-08	2.725910e+01	6.606214e+02
2.230000e-06	3.893627e-06	9.977390e-09	2.629923e+01	6.530222e+02
2.240000e-06	3.750094e-06	9.833440e-09	2.532975e+01	6.451510e+02
2.250000e-06	3.605287e-06	9.698802e-09	2.435166e+01	6.366899e+02
2.260000e-06	3.459218e-06	9.563606e-09	2.336504e+01	6.274495e+02
2.270000e-06	3.311850e-06	9.427895e-09	2.236966e+01	6.174549e+02
2.280000e-06	3.163377e-06	9.286363e-09	2.136681e+01	6.069376e+02
2.290000e-06	3.013780e-06	9.140392e-09	2.035636e+01	5.962328e+02
2.300000e-06	2.863047e-06	8.981302e-09	1.933825e+01	5.856234e+02
2.310000e-06	2.711354e-06	8.810398e-09	1.831365e+01	5.751979e+02
2.320000e-06	2.558715e-06	8.631113e-09	1.728266e+01	5.647888e+02
2.330000e-06	2.405124e-06	8.450801e-09	1.624524e+01	5.540238e+02
2.340000e-06	2.250596e-06	8.272395e-09	1.520149e+01	5.424731e+02
2.350000e-06	2.095207e-06	8.087497e-09	1.415193e+01	5.298333e+02
2.360000e-06	1.939143e-06	7.893149e-09	1.309781e+01	5.160651e+02
2.370000e-06	1.782523e-06	7.687478e-09	1.203992e+01	5.014182e+02
2.380000e-06	1.625283e-06	7.472861e-09	1.097786e+01	4.863217e+02
2.390000e-06	1.467350e-06	7.241895e-09	9.911110e+00	4.711791e+02
2.400000e-06	1.308784e-06	6.997880e-09	8.840086e+00	4.561525e+02
2.410000e-06	1.149732e-06	6.745485e-09	7.765783e+00	4.410335e+02
2.420000e-06	9.902888e-07	6.486568e-09	6.688836e+00	4.252699e+02
2.430000e-06	8.304870e-07	6.212558e-09	5.609466e+00	4.081505e+02
2.440000e-06	6.704158e-07	5.921355e-09	4.528276e+00	3.890835e+02
2.450000e-06	5.101512e-07	5.617356e-09	3.445780e+00	3.678461e+02
2.460000e-06	3.496645e-07	5.298382e-09	2.361784e+00	3.446863e+02
2.470000e-06	1.890190e-07	4.953590e-09	1.276716e+00	3.202018e+02
2.480000e-06	2.839046e-08	4.573961e-09	1.917613e-01	2.950089e+02
2.490000e-06	-1.322199e-07	4.159964e-09	-8.930702e-01	2.693102e+02
2.500000e-06	-2.928285e-07	3.711724e-09	-1.977889e+00	2.425265e+02
2.510000e-06	-4.532773e-07	3.226391e-09	-3.061629e+00	2.131647e+02
2.520000e-06	-6.135482e-07	2.686413e-09	-4.144168e+00	1.790241e+02
2.530000e-06	-7.736360e-07	2.075426e-09	-5.225469e+00	1.377309e+02
2.540000e-06	-9.334006e-07	1.372327e-09	-6.304589e+00	8.746830e+01
2.550000e-06	-1.092776e-06	5.388477e-10	-7.381080e+00	2.768074e+01
2.560000e-06	-1.251754e-06	-4.665093e-10	-8.454886e+00	-4.048307e+01
2.570000e-06	-1.410279e-06	-1.640248e-09	-9.525628e+00	-1.141578e+02
2.580000e-06	-1.568273e-06	-2.884731e-09	-1.059279e+01	-1.892207e+02
2.590000e-06	-1.725597e-06	-4.048686e-09	-1.165542e+01	-2.611139e+02
2.600000e-06	-1.882235e-06	-5.027690e-09	-1.271342e+01	-3.258020e+02
2.610000e-06	-2.038246e-06	-5.807600e-09	-1.376719e+01	-3.805923e+02
2.620000e-06	-2.193569e-06	-6.426960e-09	-1.481631e+01	-4.245867e+02
2.630000e-06	-2.348107e-06	-6.930044e-09	-1.586012e+01	-4.586538e+02
2.640000e-06	-2.501760e-06	-7.352686e-09	-1.689796e+01	-4.849572e+02
2.650000e-06	-2.654480e-06	-7.720823e-09	-1.792950e+01	-5.062127e+02
2.660000e-06	-2.806205e-06	-8.048735e-09	-1.895431e+01	-5.249169e+02
2.670000e-06	-2.956878e-06	-8.343029e-09	-1.997202e+01	-5.427771e+02
2.680000e-06	-3.106468e-06	-8.609351e-09	-2.098242e+01	-5.604869e+02
2.690000e-06	-3.255011e-06	-8.855577e-09	-2.198574e+01	-5.778623e+02
2.700000e-06	-3.402444e-06	-9.083934e-09	-2.298157e+01	-5.942355e+02
2.710000e-06	-3.548610e-06	-9.292259e-09	-2.396883e+01	-6.089278e+02
2.720000e-06	-3.693483e-06	-9.480513e-09	-2.494737e+01	-6.216211e+02
2.730000e-06	-3.837016e-06	-9.654915e-09	-2.591685e+01	-6.325085e+02
2.740000e-06	-3.979110e-06	-9.822750e-09	-2.687661e+01	-6.422012e+02
2.750000e-06	-4.119739e-06	-9.983869e-09	-2.782649e+01	-6.514644e+02
2.760000e-06	-4.258828e-06	-1.013618e-08	-2.876595e+01	-6.609123e+02
2.770000e-06	-4.396276e-06	-1.028205e-08	-2.969434e+01	-6.707904e+02
2.780000e-06	-4.532059e-06	-1.042600e-08	-3.061147e+01	-6.809289e+02
2.790000e-06	-4.666208e-06	-1.056617e-08	-3.151757e+01	-6.908674e+02
2.800000e-06	-4.798763e-06	-1.069453e-08	-3.241291e+01	-7.000881e+02
2.810000e-06	-4.929606e-06	-1.080832e-08	-3.329667e+01	-7.082492e+02
2.820000e-06	-5.058665e-06	-1.091597e-08	-3.416840e+01	-7.153250e+02
2.830000e-06	-5.185942e-06	-1.102516e-08	-3.502808e+01	-7.216002e+02
2.840000e-06	-5.311386e-06	-1.113251e-08	-3.587538e+01	-7.275346e+02
2.850000e-06	-5.434966e-06	-1.123307e-08	-3.671009e+01	-7.335625e+02
2.860000e-06	-5.556605e-06	-1.132870e-08	-3.753170e+01	-7.399180e+02
2.870000e-06	-5.676203e-06	-1.142457e-08	-3.833952e+01	-7.465561e+02
2.880000e-06	-5.793661e-06	-1.151788e-08	-3.913288e+01	-7.531981e+02
2.890000e-06	-5.908805e-06	-1.160287e-08	-3.991060e+01	-7.594728e+02
2.900000e-06	-6.021561e-06	-1.167964e-08	-4.067221e+01	-7.650892e+02
2.910000e-06	-6.131996e-06	-1.175381e-08	-4.141813e+01	-7.699634e+02
2.920000e-06	-6.240190e-06	-1.182965e-08	-4.214892e+01	-7.742503e+02
2.930000e-06	-6.346271e-06	-1.190365e-08	-4.286544e+01	-7.782694e+02
2.940000e-06	-6.450168e-06	-1.197394e-08	-4.356720e+01	-7.823639e+02
2.950000e-06	-6.551697e-06	-1.204332e-08	-4.425298e+01	-7.867544e+02
2.960000e-06	-6.650815e-06	-1.211366e-08	-4.492246e+01	-7.914523e+02
2.970000e-06	-6.747667e-06	-1.218094e-08	-4.557664e+01	-7.962655e+02
2.980000e-06	-6.842258e-06	-1.223999e-08	-4.621555e+01	-8.008908e+02
2.990000e-06	-6.934394e-06	-1.229272e-08	-4.683787e+01	-8.050496e+02
3.000000e-06	-7.024126e-06	-1.234429e-08	-4.744396e+01	-8.086070e+02
3.010000e-06	-7.111479e-06	-1.239680e-08	-4.803399e+01	-8.116244e+02
3.020000e-06	-7.196249e-06	-1.244910e-08	-4.860655e+01	-8.143259e+02
3.030000e-06	-7.278419e-06	-1.249993e-08	-4.916156e+01	-8.169966e+02
3.040000e-06	-7.358115e-06	-1.254851e-08	-4.969987e+01	-8.198587e+02
3.050000e-06	-7.435101e-06	-1.259249e-08	-5.021987e+01	-8.229804e+02
3.060000e-06	-7.509169e-06	-1.262947e-08	-5.072015e+01	-8.262545e+02
3.070000e-06	-7.580457e-06	-1.266202e-08	-5.120166e+01	-8.294533e+02
3.080000e-06	-7.648979e-06	-1.269459e-08	-5.166449e+01	-8.323333e+02
3.090000e-06	-7.714693e-06	-1.272737e-08	-5.210835e+01	-8.347414e+02
3.100000e-06	-7.777653e-06	-1.275993e-08	-5.253361e+01	-8.366789e+02
3.110000e-06	-7.837850e-06	-1.279271e-08	-5.294020e+01	-8.382946e+02
3.120000e-06	-7.895279e-06	-1.282570e-08	-5.332810e+01	-8.398149e+02
3.130000e-06	-7.949873e-06	-1.285544e-08	-5.369686e+01	-8.414425e+02
3.140000e-06	-8.001411e-06	-1.287888e-08	-5.404497e+01	-8.432694e+02
3.150000e-06	-8.049733e-06	-1.289729e-08	-5.437135e+01	-8.452414e+02
3.160000e-06	-8.095022e-06	-1.291514e-08	-5.467725e+01	-8.471882e+02
3.170000e-06	-8.137637e-06	-1.293419e-08	-5.496510e+01	-8.489034e+02
3.180000e-06	-8.177566e-06	-1.295211e-08	-5.523479e+01	-8.502379e+02
3.190000e-06	-8.214597e-06	-1.296771e-08	-5.548492e+01	-8.511649e+02
3.200000e-06	-8.248806e-06	-1.298375e-08	-5.571598e+01	-8.517897e+02
3.210000e-06	-8.280126e-06	-1.300026e-08	-5.592753e+01	-8.523002e+02
3.220000e-06	-8.308407e-06	-1.301212e-08	-5.611855e+01	-8.528822e+02
3.230000e-06	-8.333837e-06	-1.301796e-08	-5.629032e+01	-8.536385e+02
3.240000e-06	-8.356369e-06	-1.302185e-08	-5.644250e+01	-8.545460e+02
3.250000e-06	-8.375854e-06	-1.302580e-08	-5.657412e+01	-8.554701e+02
3.260000e-06	-8.392452e-06	-1.302980e-08	-5.668622e+01	-8.562286e+02
3.270000e-06	-8.405973e-06	-1.303445e-08	-5.677755e+01	-8.566744e+02
3.280000e-06	-8.416236e-06	-1.304130e-08	-5.684687e+01	-8.567621e+02
3.290000e-06	-8.423474e-06	-1.304774e-08	-5.689576e+01	-8.565666e+02
3.300000e-06	-8.427696e-06	-1.304878e-08	-5.692428e+01	-8.562480e+02
3.310000e-06	-8.429019e-06	-1.304478e-08	-5.693321e+01	-8.559783e+02
