# Temperatura_=_61.0
# Concentracion g/m^3_=_13400.0
# C_Vs_to_Am_M_A/Vsm_=_65563218390.804596
# pendiente_HvsI_1/m_=_3716.3
# ordenada_HvsI_A/m_=_1297.0
# frecuencia_Hz_=_301400.8269308235

Tiempo_(s)	Campo_(V.s)	Magnetizacion_(V.s)	Campo_(kA/m)	Magnetizacion_(A/m)
0.000000e+00	-8.438644e-06	-1.291237e-08	-5.692499e+01	-8.475557e+02
1.000000e-08	-8.434751e-06	-1.290533e-08	-5.689873e+01	-8.475638e+02
2.000000e-08	-8.428154e-06	-1.289713e-08	-5.685423e+01	-8.476654e+02
3.000000e-08	-8.418830e-06	-1.289204e-08	-5.679133e+01	-8.476695e+02
4.000000e-08	-8.406541e-06	-1.288653e-08	-5.670844e+01	-8.473874e+02
5.000000e-08	-8.391189e-06	-1.287795e-08	-5.660487e+01	-8.467141e+02
6.000000e-08	-8.372917e-06	-1.286539e-08	-5.648162e+01	-8.456745e+02
7.000000e-08	-8.352089e-06	-1.284809e-08	-5.634112e+01	-8.444121e+02
8.000000e-08	-8.328559e-06	-1.285860e-08	-5.618239e+01	-8.431276e+02
9.000000e-08	-8.301750e-06	-1.288656e-08	-5.600154e+01	-8.419940e+02
1.000000e-07	-8.271565e-06	-1.287319e-08	-5.579792e+01	-8.410849e+02
1.100000e-07	-8.238251e-06	-1.282786e-08	-5.557319e+01	-8.403469e+02
1.200000e-07	-8.202015e-06	-1.278372e-08	-5.532875e+01	-8.396263e+02
1.300000e-07	-8.163197e-06	-1.275433e-08	-5.506689e+01	-8.387365e+02
1.400000e-07	-8.121966e-06	-1.271324e-08	-5.478876e+01	-8.375359e+02
1.500000e-07	-8.078145e-06	-1.270493e-08	-5.449315e+01	-8.359823e+02
1.600000e-07	-8.031487e-06	-1.270656e-08	-5.417841e+01	-8.341407e+02
1.700000e-07	-7.981943e-06	-1.266419e-08	-5.384420e+01	-8.321432e+02
1.800000e-07	-7.929326e-06	-1.267902e-08	-5.348926e+01	-8.301213e+02
1.900000e-07	-7.873627e-06	-1.263351e-08	-5.311353e+01	-8.281425e+02
2.000000e-07	-7.815141e-06	-1.255166e-08	-5.271900e+01	-8.261805e+02
2.100000e-07	-7.753887e-06	-1.251916e-08	-5.230579e+01	-8.241313e+02
2.200000e-07	-7.689879e-06	-1.248402e-08	-5.187401e+01	-8.218682e+02
2.300000e-07	-7.623075e-06	-1.248608e-08	-5.142337e+01	-8.193072e+02
2.400000e-07	-7.553445e-06	-1.244785e-08	-5.095366e+01	-8.164529e+02
2.500000e-07	-7.480972e-06	-1.239275e-08	-5.046478e+01	-8.134016e+02
2.600000e-07	-7.405528e-06	-1.235674e-08	-4.995585e+01	-8.102995e+02
2.700000e-07	-7.327195e-06	-1.232175e-08	-4.942743e+01	-8.072740e+02
2.800000e-07	-7.246091e-06	-1.225872e-08	-4.888032e+01	-8.043710e+02
2.900000e-07	-7.162364e-06	-1.218098e-08	-4.831552e+01	-8.015264e+02
3.000000e-07	-7.076239e-06	-1.216321e-08	-4.773455e+01	-7.985887e+02
3.100000e-07	-6.987697e-06	-1.213559e-08	-4.713727e+01	-7.953823e+02
3.200000e-07	-6.896653e-06	-1.208175e-08	-4.652311e+01	-7.917856e+02
3.300000e-07	-6.803151e-06	-1.201195e-08	-4.589236e+01	-7.877871e+02
3.400000e-07	-6.707244e-06	-1.192775e-08	-4.524540e+01	-7.834945e+02
3.500000e-07	-6.608941e-06	-1.187094e-08	-4.458227e+01	-7.790891e+02
3.600000e-07	-6.508205e-06	-1.182077e-08	-4.390273e+01	-7.747461e+02
3.700000e-07	-6.405058e-06	-1.175850e-08	-4.320693e+01	-7.705538e+02
3.800000e-07	-6.299537e-06	-1.168556e-08	-4.249511e+01	-7.664701e+02
3.900000e-07	-6.191729e-06	-1.162741e-08	-4.176787e+01	-7.623358e+02
4.000000e-07	-6.081755e-06	-1.156355e-08	-4.102600e+01	-7.579417e+02
4.100000e-07	-5.969605e-06	-1.147529e-08	-4.026947e+01	-7.531205e+02
4.200000e-07	-5.855222e-06	-1.138193e-08	-3.949787e+01	-7.478225e+02
4.300000e-07	-5.738585e-06	-1.130169e-08	-3.871107e+01	-7.421413e+02
4.400000e-07	-5.619750e-06	-1.123670e-08	-3.790943e+01	-7.362746e+02
4.500000e-07	-5.498787e-06	-1.116453e-08	-3.709345e+01	-7.304366e+02
4.600000e-07	-5.375827e-06	-1.107386e-08	-3.626399e+01	-7.247590e+02
4.700000e-07	-5.250942e-06	-1.097533e-08	-3.542155e+01	-7.192255e+02
4.800000e-07	-5.124199e-06	-1.088500e-08	-3.456657e+01	-7.136703e+02
4.900000e-07	-4.995660e-06	-1.079160e-08	-3.369948e+01	-7.078440e+02
5.000000e-07	-4.865283e-06	-1.068848e-08	-3.281999e+01	-7.015202e+02
5.100000e-07	-4.733086e-06	-1.057989e-08	-3.192822e+01	-6.945963e+02
5.200000e-07	-4.599154e-06	-1.047748e-08	-3.102475e+01	-6.871421e+02
5.300000e-07	-4.463641e-06	-1.037779e-08	-3.011061e+01	-6.793731e+02
5.400000e-07	-4.326507e-06	-1.026546e-08	-2.918554e+01	-6.715564e+02
5.500000e-07	-4.187743e-06	-1.014020e-08	-2.824947e+01	-6.638883e+02
5.600000e-07	-4.047323e-06	-1.001580e-08	-2.730224e+01	-6.563986e+02
5.700000e-07	-3.905180e-06	-9.899020e-09	-2.634337e+01	-6.489247e+02
5.800000e-07	-3.761506e-06	-9.776894e-09	-2.537418e+01	-6.411716e+02
5.900000e-07	-3.616503e-06	-9.643149e-09	-2.439603e+01	-6.328345e+02
6.000000e-07	-3.470214e-06	-9.503367e-09	-2.340920e+01	-6.237315e+02
6.100000e-07	-3.322674e-06	-9.363731e-09	-2.241393e+01	-6.138869e+02
6.200000e-07	-3.174020e-06	-9.219299e-09	-2.141115e+01	-6.035256e+02
6.300000e-07	-3.024305e-06	-9.062699e-09	-2.040121e+01	-5.929739e+02
6.400000e-07	-2.873515e-06	-8.897892e-09	-1.938402e+01	-5.825088e+02
6.500000e-07	-2.721731e-06	-8.735432e-09	-1.836012e+01	-5.722190e+02
6.600000e-07	-2.569003e-06	-8.568655e-09	-1.732986e+01	-5.619431e+02
6.700000e-07	-2.415323e-06	-8.391636e-09	-1.629317e+01	-5.513165e+02
6.800000e-07	-2.260719e-06	-8.208783e-09	-1.525024e+01	-5.399156e+02
6.900000e-07	-2.105259e-06	-8.022562e-09	-1.420155e+01	-5.274372e+02
7.000000e-07	-1.949022e-06	-7.829139e-09	-1.314762e+01	-5.138365e+02
7.100000e-07	-1.792110e-06	-7.623162e-09	-1.208913e+01	-4.993545e+02
7.200000e-07	-1.634603e-06	-7.405137e-09	-1.102663e+01	-4.844144e+02
7.300000e-07	-1.476501e-06	-7.176633e-09	-9.960107e+00	-4.694206e+02
7.400000e-07	-1.317842e-06	-6.943506e-09	-8.889832e+00	-4.545444e+02
7.500000e-07	-1.158687e-06	-6.701766e-09	-7.816213e+00	-4.395917e+02
7.600000e-07	-9.990665e-07	-6.445898e-09	-6.739454e+00	-4.240231e+02
7.700000e-07	-8.390836e-07	-6.174693e-09	-5.660249e+00	-4.071319e+02
7.800000e-07	-6.788138e-07	-5.889389e-09	-4.579109e+00	-3.883179e+02
7.900000e-07	-5.183103e-07	-5.587906e-09	-3.496392e+00	-3.673396e+02
8.000000e-07	-3.576660e-07	-5.260672e-09	-2.412726e+00	-3.444252e+02
8.100000e-07	-1.968930e-07	-4.906463e-09	-1.328191e+00	-3.201639e+02
8.200000e-07	-3.605933e-08	-4.529076e-09	-2.432473e-01	-2.951872e+02
8.300000e-07	1.248217e-07	-4.129836e-09	8.420159e-01	-2.697413e+02
8.400000e-07	2.856562e-07	-3.698018e-09	1.926966e+00	-2.433133e+02
8.500000e-07	4.463273e-07	-3.220309e-09	3.010813e+00	-2.144815e+02
8.600000e-07	6.068474e-07	-2.687383e-09	4.093642e+00	-1.810966e+02
8.700000e-07	7.671295e-07	-2.084071e-09	5.174865e+00	-1.407916e+02
8.800000e-07	9.270944e-07	-1.381320e-09	6.253948e+00	-9.169639e+01
8.900000e-07	1.086678e-06	-5.423131e-10	7.330463e+00	-3.314197e+01
9.000000e-07	1.245849e-06	4.600832e-10	8.404188e+00	3.387725e+01
9.100000e-07	1.404636e-06	1.613828e-09	9.475328e+00	1.066577e+02
9.200000e-07	1.563003e-06	2.829234e-09	1.054363e+01	1.812067e+02
9.300000e-07	1.720820e-06	3.968542e-09	1.160822e+01	2.530300e+02
9.400000e-07	1.877987e-06	4.936078e-09	1.266843e+01	3.180723e+02
9.500000e-07	2.034407e-06	5.714148e-09	1.372360e+01	3.735403e+02
9.600000e-07	2.190061e-06	6.333283e-09	1.477361e+01	4.183805e+02
9.700000e-07	2.344958e-06	6.838387e-09	1.581851e+01	4.532895e+02
9.800000e-07	2.499091e-06	7.263166e-09	1.685825e+01	4.802838e+02
9.900000e-07	2.652365e-06	7.627081e-09	1.789219e+01	5.019896e+02
1.000000e-06	2.804560e-06	7.942661e-09	1.891887e+01	5.208855e+02
1.010000e-06	2.955674e-06	8.224256e-09	1.993824e+01	5.387259e+02
1.020000e-06	3.105738e-06	8.484885e-09	2.095054e+01	5.562924e+02
1.030000e-06	3.254629e-06	8.728125e-09	2.195492e+01	5.734984e+02
1.040000e-06	3.402336e-06	8.952327e-09	2.295131e+01	5.897517e+02
1.050000e-06	3.548964e-06	9.157296e-09	2.394043e+01	6.044088e+02
1.060000e-06	3.694350e-06	9.346849e-09	2.492117e+01	6.171429e+02
1.070000e-06	3.838350e-06	9.522885e-09	2.589256e+01	6.281056e+02
1.080000e-06	3.980924e-06	9.687403e-09	2.685432e+01	6.378543e+02
1.090000e-06	4.121909e-06	9.843980e-09	2.780537e+01	6.471103e+02
1.100000e-06	4.261347e-06	9.995617e-09	2.874599e+01	6.564685e+02
1.110000e-06	4.399219e-06	1.014196e-08	2.967604e+01	6.661850e+02
1.120000e-06	4.535405e-06	1.028166e-08	3.059471e+01	6.761231e+02
1.130000e-06	4.669962e-06	1.041595e-08	3.150240e+01	6.858653e+02
1.140000e-06	4.802842e-06	1.054660e-08	3.239878e+01	6.949292e+02
1.150000e-06	4.934006e-06	1.067232e-08	3.328358e+01	7.029900e+02
1.160000e-06	5.063410e-06	1.078743e-08	3.415651e+01	7.100165e+02
1.170000e-06	5.190988e-06	1.089187e-08	3.501712e+01	7.162701e+02
1.180000e-06	5.316810e-06	1.099056e-08	3.586588e+01	7.221795e+02
1.190000e-06	5.440797e-06	1.108650e-08	3.670227e+01	7.281531e+02
1.200000e-06	5.562847e-06	1.118165e-08	3.752558e+01	7.344129e+02
1.210000e-06	5.682826e-06	1.127451e-08	3.833493e+01	7.409201e+02
1.220000e-06	5.800649e-06	1.136384e-08	3.912974e+01	7.474166e+02
1.230000e-06	5.916247e-06	1.145025e-08	3.990953e+01	7.535592e+02
1.240000e-06	6.029509e-06	1.153357e-08	4.067357e+01	7.590813e+02
1.250000e-06	6.140574e-06	1.161126e-08	4.142278e+01	7.639127e+02
1.260000e-06	6.249546e-06	1.168170e-08	4.215788e+01	7.682067e+02
1.270000e-06	6.356332e-06	1.174966e-08	4.287823e+01	7.722673e+02
1.280000e-06	6.460818e-06	1.181892e-08	4.358307e+01	7.764137e+02
1.290000e-06	6.562979e-06	1.188838e-08	4.427222e+01	7.808422e+02
1.300000e-06	6.662743e-06	1.195438e-08	4.494521e+01	7.855466e+02
1.310000e-06	6.760023e-06	1.201442e-08	4.560143e+01	7.903284e+02
1.320000e-06	6.854962e-06	1.207255e-08	4.624187e+01	7.948903e+02
1.330000e-06	6.947569e-06	1.213142e-08	4.686657e+01	7.989681e+02
1.340000e-06	7.037650e-06	1.218933e-08	4.747424e+01	8.024452e+02
1.350000e-06	7.125230e-06	1.224488e-08	4.806503e+01	8.053983e+02
1.360000e-06	7.210399e-06	1.229640e-08	4.863956e+01	8.080590e+02
1.370000e-06	7.293007e-06	1.234300e-08	4.919681e+01	8.107099e+02
1.380000e-06	7.373008e-06	1.238538e-08	4.973648e+01	8.135627e+02
1.390000e-06	7.450356e-06	1.242620e-08	5.025825e+01	8.166702e+02
1.400000e-06	7.524871e-06	1.246924e-08	5.076091e+01	8.199114e+02
1.410000e-06	7.596591e-06	1.251525e-08	5.124471e+01	8.230507e+02
1.420000e-06	7.665642e-06	1.256107e-08	5.171051e+01	8.258462e+02
1.430000e-06	7.731931e-06	1.260219e-08	5.215768e+01	8.281563e+02
1.440000e-06	7.795505e-06	1.263728e-08	5.258654e+01	8.299993e+02
1.450000e-06	7.856468e-06	1.266742e-08	5.299778e+01	8.315423e+02
1.460000e-06	7.914622e-06	1.269348e-08	5.339007e+01	8.330241e+02
1.470000e-06	7.969890e-06	1.271793e-08	5.376289e+01	8.346498e+02
1.480000e-06	8.022045e-06	1.274291e-08	5.411472e+01	8.365026e+02
1.490000e-06	8.070960e-06	1.276865e-08	5.444469e+01	8.385106e+02
1.500000e-06	8.116989e-06	1.279549e-08	5.475519e+01	8.404826e+02
1.510000e-06	8.160198e-06	1.282419e-08	5.504667e+01	8.421957e+02
1.520000e-06	8.200445e-06	1.284940e-08	5.531816e+01	8.434941e+02
1.530000e-06	8.237851e-06	1.286722e-08	5.557049e+01	8.443576e+02
1.540000e-06	8.272403e-06	1.288042e-08	5.580358e+01	8.449086e+02
1.550000e-06	8.304051e-06	1.289296e-08	5.601706e+01	8.453568e+02
1.560000e-06	8.332832e-06	1.290555e-08	5.621121e+01	8.459069e+02
1.570000e-06	8.358591e-06	1.291549e-08	5.638497e+01	8.466697e+02
1.580000e-06	8.381360e-06	1.292447e-08	5.653857e+01	8.476159e+02
1.590000e-06	8.401318e-06	1.293801e-08	5.667320e+01	8.485918e+02
1.600000e-06	8.418277e-06	1.295291e-08	5.678760e+01	8.493900e+02
1.610000e-06	8.432019e-06	1.296225e-08	5.688030e+01	8.498410e+02
1.620000e-06	8.442501e-06	1.296360e-08	5.695101e+01	8.498885e+02
1.630000e-06	8.449887e-06	1.296227e-08	5.700084e+01	8.496127e+02
1.640000e-06	8.454394e-06	1.296142e-08	5.703124e+01	8.491939e+02
1.650000e-06	8.455915e-06	1.295813e-08	5.704150e+01	8.488326e+02
1.660000e-06	8.454568e-06	1.295225e-08	5.703241e+01	8.486611e+02
1.670000e-06	8.450431e-06	1.294969e-08	5.700451e+01	8.486862e+02
1.680000e-06	8.443390e-06	1.295211e-08	5.695701e+01	8.487869e+02
1.690000e-06	8.433511e-06	1.295060e-08	5.689037e+01	8.487684e+02
1.700000e-06	8.420590e-06	1.294357e-08	5.680321e+01	8.484470e+02
1.710000e-06	8.404842e-06	1.293547e-08	5.669697e+01	8.477306e+02
1.720000e-06	8.386737e-06	1.293053e-08	5.657484e+01	8.466584e+02
1.730000e-06	8.366011e-06	1.290505e-08	5.643503e+01	8.453836e+02
1.740000e-06	8.342085e-06	1.283803e-08	5.627363e+01	8.441081e+02
1.750000e-06	8.314367e-06	1.280162e-08	5.608665e+01	8.429970e+02
1.760000e-06	8.282879e-06	1.280495e-08	5.587424e+01	8.421107e+02
1.770000e-06	8.248446e-06	1.281484e-08	5.564197e+01	8.413830e+02
1.780000e-06	8.211492e-06	1.282719e-08	5.539268e+01	8.406528e+02
1.790000e-06	8.172233e-06	1.283494e-08	5.512785e+01	8.397348e+02
1.800000e-06	8.131053e-06	1.277122e-08	5.485006e+01	8.384961e+02
1.810000e-06	8.087398e-06	1.274458e-08	5.455557e+01	8.369067e+02
1.820000e-06	8.040705e-06	1.276069e-08	5.424059e+01	8.350413e+02
1.830000e-06	7.991096e-06	1.271851e-08	5.390595e+01	8.330353e+02
1.840000e-06	7.938159e-06	1.272985e-08	5.354885e+01	8.310161e+02
1.850000e-06	7.882122e-06	1.268409e-08	5.317084e+01	8.290418e+02
1.860000e-06	7.823336e-06	1.266618e-08	5.277428e+01	8.270761e+02
1.870000e-06	7.761616e-06	1.265360e-08	5.235793e+01	8.250097e+02
1.880000e-06	7.697120e-06	1.255356e-08	5.192286e+01	8.227172e+02
1.890000e-06	7.629709e-06	1.252794e-08	5.146812e+01	8.201225e+02
1.900000e-06	7.559464e-06	1.246615e-08	5.099426e+01	8.172409e+02
1.910000e-06	7.486329e-06	1.243689e-08	5.050091e+01	8.141767e+02
1.920000e-06	7.410249e-06	1.242036e-08	4.998770e+01	8.110774e+02
1.930000e-06	7.331471e-06	1.236468e-08	4.945628e+01	8.080646e+02
1.940000e-06	7.250122e-06	1.234211e-08	4.890752e+01	8.051725e+02
1.950000e-06	7.166264e-06	1.225901e-08	4.834184e+01	8.023261e+02
1.960000e-06	7.079644e-06	1.220422e-08	4.775752e+01	7.993674e+02
1.970000e-06	6.990448e-06	1.213263e-08	4.715582e+01	7.961232e+02
1.980000e-06	6.898877e-06	1.207156e-08	4.653811e+01	7.924815e+02
1.990000e-06	6.804856e-06	1.204806e-08	4.590386e+01	7.884443e+02
2.000000e-06	6.708419e-06	1.199562e-08	4.525333e+01	7.841301e+02
2.010000e-06	6.609537e-06	1.194253e-08	4.458630e+01	7.797238e+02
2.020000e-06	6.508326e-06	1.185633e-08	4.390355e+01	7.753946e+02
2.030000e-06	6.404733e-06	1.177891e-08	4.320474e+01	7.712181e+02
2.040000e-06	6.298883e-06	1.170825e-08	4.249070e+01	7.671379e+02
2.050000e-06	6.190836e-06	1.164327e-08	4.176184e+01	7.629856e+02
2.060000e-06	6.080568e-06	1.157379e-08	4.101800e+01	7.585520e+02
2.070000e-06	5.968008e-06	1.150375e-08	4.025870e+01	7.536793e+02
2.080000e-06	5.853051e-06	1.142902e-08	3.948323e+01	7.483332e+02
2.090000e-06	5.735834e-06	1.134683e-08	3.869251e+01	7.426213e+02
2.100000e-06	5.616385e-06	1.125107e-08	3.788673e+01	7.367478e+02
2.110000e-06	5.494915e-06	1.115749e-08	3.706733e+01	7.309227e+02
2.120000e-06	5.371525e-06	1.107585e-08	3.623497e+01	7.252640e+02
2.130000e-06	5.246241e-06	1.098692e-08	3.538984e+01	7.197382e+02
2.140000e-06	5.119083e-06	1.090591e-08	3.453206e+01	7.141662e+02
2.150000e-06	4.990066e-06	1.080286e-08	3.366175e+01	7.082957e+02
2.160000e-06	4.859243e-06	1.070245e-08	3.277925e+01	7.019095e+02
2.170000e-06	4.726660e-06	1.059192e-08	3.188487e+01	6.949221e+02
2.180000e-06	4.592404e-06	1.048272e-08	3.097922e+01	6.874217e+02
2.190000e-06	4.456532e-06	1.037854e-08	3.006266e+01	6.796348e+02
2.200000e-06	4.318927e-06	1.027122e-08	2.913441e+01	6.718268e+02
2.210000e-06	4.179630e-06	1.016176e-08	2.819475e+01	6.641796e+02
2.220000e-06	4.038809e-06	1.003558e-08	2.724480e+01	6.567023e+02
2.230000e-06	3.896531e-06	9.904207e-09	2.628503e+01	6.492137e+02
2.240000e-06	3.752917e-06	9.770507e-09	2.531625e+01	6.414113e+02
2.250000e-06	3.607944e-06	9.640422e-09	2.433829e+01	6.329974e+02
2.260000e-06	3.461649e-06	9.504478e-09	2.335142e+01	6.238095e+02
2.270000e-06	3.314072e-06	9.363708e-09	2.235590e+01	6.138957e+02
2.280000e-06	3.165287e-06	9.220459e-09	2.135224e+01	6.034977e+02
2.290000e-06	3.015449e-06	9.075139e-09	2.034147e+01	5.929441e+02
2.300000e-06	2.864599e-06	8.918647e-09	1.932387e+01	5.824976e+02
2.310000e-06	2.712748e-06	8.752834e-09	1.829952e+01	5.722213e+02
2.320000e-06	2.559926e-06	8.578669e-09	1.726862e+01	5.619274e+02
2.330000e-06	2.406119e-06	8.403733e-09	1.623108e+01	5.512373e+02
2.340000e-06	2.251378e-06	8.225517e-09	1.518723e+01	5.397315e+02
2.350000e-06	2.095795e-06	8.038167e-09	1.413771e+01	5.271295e+02
2.360000e-06	1.939440e-06	7.841391e-09	1.308298e+01	5.134181e+02
2.370000e-06	1.782397e-06	7.633998e-09	1.202361e+01	4.988650e+02
2.380000e-06	1.624735e-06	7.421295e-09	1.096006e+01	4.839020e+02
2.390000e-06	1.466490e-06	7.196957e-09	9.892580e+00	4.689182e+02
2.400000e-06	1.307729e-06	6.959222e-09	8.821614e+00	4.540497e+02
2.410000e-06	1.148523e-06	6.707201e-09	7.747650e+00	4.390616e+02
2.420000e-06	9.889066e-07	6.447415e-09	6.670918e+00	4.233854e+02
2.430000e-06	8.289230e-07	6.178382e-09	5.591708e+00	4.063122e+02
2.440000e-06	6.686409e-07	5.893463e-09	4.510485e+00	3.872695e+02
2.450000e-06	5.081233e-07	5.588888e-09	3.427673e+00	3.660645e+02
2.460000e-06	3.474439e-07	5.265910e-09	2.343770e+00	3.429734e+02
2.470000e-06	1.866556e-07	4.922236e-09	1.259132e+00	3.186081e+02
2.480000e-06	2.578942e-08	4.549515e-09	1.739690e-01	2.935799e+02
2.490000e-06	-1.350856e-07	4.140078e-09	-9.112539e-01	2.680690e+02
2.500000e-06	-2.958558e-07	3.690752e-09	-1.995770e+00	2.414669e+02
2.510000e-06	-4.565093e-07	3.206890e-09	-3.079498e+00	2.122589e+02
2.520000e-06	-6.169942e-07	2.675463e-09	-4.162089e+00	1.782431e+02
2.530000e-06	-7.772557e-07	2.071905e-09	-5.243174e+00	1.370698e+02
2.540000e-06	-9.372533e-07	1.369171e-09	-6.322477e+00	8.696609e+01
2.550000e-06	-1.096880e-06	5.331733e-10	-7.399277e+00	2.742548e+01
2.560000e-06	-1.256006e-06	-4.691980e-10	-8.472705e+00	-4.036839e+01
2.570000e-06	-1.414618e-06	-1.633061e-09	-9.542660e+00	-1.135460e+02
2.580000e-06	-1.572807e-06	-2.866447e-09	-1.060977e+01	-1.880182e+02
2.590000e-06	-1.730464e-06	-4.021436e-09	-1.167328e+01	-2.592929e+02
2.600000e-06	-1.887507e-06	-4.991000e-09	-1.273265e+01	-3.234149e+02
2.610000e-06	-2.043891e-06	-5.760888e-09	-1.378758e+01	-3.777623e+02
2.620000e-06	-2.199439e-06	-6.374715e-09	-1.483687e+01	-4.214772e+02
2.630000e-06	-2.354077e-06	-6.877702e-09	-1.588002e+01	-4.554247e+02
2.640000e-06	-2.507858e-06	-7.301724e-09	-1.691738e+01	-4.817235e+02
2.650000e-06	-2.660732e-06	-7.670117e-09	-1.794863e+01	-5.030188e+02
2.660000e-06	-2.812650e-06	-7.996407e-09	-1.897344e+01	-5.217343e+02
2.670000e-06	-2.963499e-06	-8.288207e-09	-1.999103e+01	-5.395256e+02
2.680000e-06	-3.113253e-06	-8.552383e-09	-2.100123e+01	-5.570705e+02
2.690000e-06	-3.262003e-06	-8.795024e-09	-2.200466e+01	-5.742076e+02
2.700000e-06	-3.409597e-06	-9.017940e-09	-2.300029e+01	-5.903177e+02
2.710000e-06	-3.555906e-06	-9.220870e-09	-2.398726e+01	-6.047767e+02
2.720000e-06	-3.700902e-06	-9.407893e-09	-2.496536e+01	-6.173055e+02
2.730000e-06	-3.844526e-06	-9.581853e-09	-2.593422e+01	-6.281064e+02
2.740000e-06	-3.986754e-06	-9.747077e-09	-2.689365e+01	-6.377679e+02
2.750000e-06	-4.127546e-06	-9.908377e-09	-2.784340e+01	-6.470113e+02
2.760000e-06	-4.266701e-06	-1.006389e-08	-2.878210e+01	-6.564029e+02
2.770000e-06	-4.404231e-06	-1.021052e-08	-2.970985e+01	-6.661563e+02
2.780000e-06	-4.540211e-06	-1.034683e-08	-3.062713e+01	-6.760969e+02
2.790000e-06	-4.674554e-06	-1.047561e-08	-3.153338e+01	-6.857886e+02
2.800000e-06	-4.807236e-06	-1.059901e-08	-3.242842e+01	-6.947562e+02
2.810000e-06	-4.938174e-06	-1.071550e-08	-3.331169e+01	-7.027023e+02
2.820000e-06	-5.067349e-06	-1.082556e-08	-3.418307e+01	-7.096294e+02
2.830000e-06	-5.194752e-06	-1.093165e-08	-3.504250e+01	-7.158245e+02
2.840000e-06	-5.320359e-06	-1.103552e-08	-3.588982e+01	-7.217236e+02
2.850000e-06	-5.444052e-06	-1.113662e-08	-3.672422e+01	-7.277218e+02
2.860000e-06	-5.565830e-06	-1.123222e-08	-3.754570e+01	-7.340148e+02
2.870000e-06	-5.685617e-06	-1.132165e-08	-3.835376e+01	-7.405363e+02
2.880000e-06	-5.803261e-06	-1.140618e-08	-3.914735e+01	-7.470115e+02
2.890000e-06	-5.918605e-06	-1.148939e-08	-3.992544e+01	-7.530978e+02
2.900000e-06	-6.031478e-06	-1.157031e-08	-4.068685e+01	-7.585454e+02
2.910000e-06	-6.141967e-06	-1.164683e-08	-4.143218e+01	-7.633086e+02
2.920000e-06	-6.250214e-06	-1.172153e-08	-4.216239e+01	-7.675617e+02
2.930000e-06	-6.356352e-06	-1.179349e-08	-4.287837e+01	-7.716176e+02
2.940000e-06	-6.460294e-06	-1.186380e-08	-4.357954e+01	-7.757882e+02
2.950000e-06	-6.561907e-06	-1.193496e-08	-4.426499e+01	-7.802507e+02
2.960000e-06	-6.661187e-06	-1.200320e-08	-4.493471e+01	-7.849758e+02
2.970000e-06	-6.758190e-06	-1.206603e-08	-4.558907e+01	-7.897491e+02
2.980000e-06	-6.852880e-06	-1.212633e-08	-4.622782e+01	-7.942701e+02
2.990000e-06	-6.945085e-06	-1.218435e-08	-4.684982e+01	-7.982860e+02
3.000000e-06	-7.034830e-06	-1.223891e-08	-4.745521e+01	-8.017002e+02
3.010000e-06	-7.122176e-06	-1.228817e-08	-4.804443e+01	-8.046092e+02
3.020000e-06	-7.206948e-06	-1.233442e-08	-4.861628e+01	-8.072558e+02
3.030000e-06	-7.289138e-06	-1.238345e-08	-4.917071e+01	-8.099208e+02
3.040000e-06	-7.368833e-06	-1.243326e-08	-4.970832e+01	-8.128017e+02
3.050000e-06	-7.445819e-06	-1.247587e-08	-5.022764e+01	-8.159324e+02
3.060000e-06	-7.519944e-06	-1.251037e-08	-5.072767e+01	-8.191752e+02
3.070000e-06	-7.591275e-06	-1.254481e-08	-5.120885e+01	-8.222885e+02
3.080000e-06	-7.659832e-06	-1.258070e-08	-5.167132e+01	-8.250364e+02
3.090000e-06	-7.725653e-06	-1.261420e-08	-5.211533e+01	-8.272928e+02
3.100000e-06	-7.788736e-06	-1.264311e-08	-5.254087e+01	-8.290939e+02
3.110000e-06	-7.849017e-06	-1.267057e-08	-5.294752e+01	-8.306187e+02
3.120000e-06	-7.906601e-06	-1.270058e-08	-5.333596e+01	-8.321079e+02
3.130000e-06	-7.961309e-06	-1.273013e-08	-5.370501e+01	-8.337570e+02
3.140000e-06	-8.012840e-06	-1.275526e-08	-5.405263e+01	-8.356327e+02
3.150000e-06	-8.061120e-06	-1.277731e-08	-5.437831e+01	-8.376476e+02
3.160000e-06	-8.106360e-06	-1.279828e-08	-5.468349e+01	-8.396024e+02
3.170000e-06	-8.148961e-06	-1.281752e-08	-5.497086e+01	-8.412767e+02
3.180000e-06	-8.188940e-06	-1.283326e-08	-5.524055e+01	-8.425270e+02
3.190000e-06	-8.226049e-06	-1.284412e-08	-5.549088e+01	-8.433492e+02
3.200000e-06	-8.260296e-06	-1.285451e-08	-5.572190e+01	-8.438786e+02
3.210000e-06	-8.291650e-06	-1.286830e-08	-5.593341e+01	-8.443292e+02
3.220000e-06	-8.319940e-06	-1.288286e-08	-5.612424e+01	-8.448993e+02
3.230000e-06	-8.345296e-06	-1.289392e-08	-5.629529e+01	-8.456859e+02
3.240000e-06	-8.367747e-06	-1.290061e-08	-5.644674e+01	-8.466445e+02
3.250000e-06	-8.387216e-06	-1.290407e-08	-5.657807e+01	-8.476117e+02
3.260000e-06	-8.403807e-06	-1.290679e-08	-5.668999e+01	-8.483794e+02
3.270000e-06	-8.417252e-06	-1.291009e-08	-5.678069e+01	-8.487877e+02
3.280000e-06	-8.427412e-06	-1.291338e-08	-5.684922e+01	-8.487947e+02
3.290000e-06	-8.434551e-06	-1.291474e-08	-5.689738e+01	-8.484940e+02
3.300000e-06	-8.438715e-06	-1.291505e-08	-5.692547e+01	-8.480726e+02
3.310000e-06	-8.439959e-06	-1.291496e-08	-5.693386e+01	-8.477274e+02
