# Temperatura_=_39.61
# Concentracion g/m^3_=_13400.0
# C_Vs_to_Am_M_A/Vsm_=_65563218390.804596
# pendiente_HvsI_1/m_=_3716.3
# ordenada_HvsI_A/m_=_1297.0
# frecuencia_Hz_=_300800.41314876574

Tiempo_(s)	Campo_(V.s)	Magnetizacion_(V.s)	Campo_(kA/m)	Magnetizacion_(A/m)
0.000000e+00	-5.504576e-06	-1.393881e-08	-3.831080e+01	-9.138626e+02
1.000000e-08	-5.502667e-06	-1.393479e-08	-3.829751e+01	-9.135966e+02
2.000000e-08	-5.498789e-06	-1.392796e-08	-3.827052e+01	-9.132646e+02
3.000000e-08	-5.493157e-06	-1.392213e-08	-3.823133e+01	-9.128677e+02
4.000000e-08	-5.485908e-06	-1.391653e-08	-3.818088e+01	-9.123962e+02
5.000000e-08	-5.477035e-06	-1.390826e-08	-3.811912e+01	-9.118279e+02
6.000000e-08	-5.466202e-06	-1.389560e-08	-3.804372e+01	-9.111311e+02
7.000000e-08	-5.453263e-06	-1.387281e-08	-3.795367e+01	-9.102723e+02
8.000000e-08	-5.438264e-06	-1.386385e-08	-3.784928e+01	-9.092283e+02
9.000000e-08	-5.420878e-06	-1.388660e-08	-3.772828e+01	-9.079988e+02
1.000000e-07	-5.401165e-06	-1.386659e-08	-3.759108e+01	-9.066131e+02
1.100000e-07	-5.379487e-06	-1.382134e-08	-3.744021e+01	-9.051268e+02
1.200000e-07	-5.356045e-06	-1.378813e-08	-3.727705e+01	-9.036084e+02
1.300000e-07	-5.331174e-06	-1.371084e-08	-3.710396e+01	-9.021173e+02
1.400000e-07	-5.304770e-06	-1.371846e-08	-3.692019e+01	-9.006821e+02
1.500000e-07	-5.276498e-06	-1.374300e-08	-3.672342e+01	-8.992863e+02
1.600000e-07	-5.246554e-06	-1.364195e-08	-3.651501e+01	-8.978693e+02
1.700000e-07	-5.215004e-06	-1.365749e-08	-3.629544e+01	-8.963425e+02
1.800000e-07	-5.181459e-06	-1.367193e-08	-3.606197e+01	-8.946158e+02
1.900000e-07	-5.145981e-06	-1.358331e-08	-3.581505e+01	-8.926259e+02
2.000000e-07	-5.108937e-06	-1.358581e-08	-3.555723e+01	-8.903556e+02
2.100000e-07	-5.070188e-06	-1.351204e-08	-3.528755e+01	-8.878357e+02
2.200000e-07	-5.029595e-06	-1.342472e-08	-3.500502e+01	-8.851301e+02
2.300000e-07	-4.987034e-06	-1.343814e-08	-3.470881e+01	-8.823095e+02
2.400000e-07	-4.942524e-06	-1.340024e-08	-3.439902e+01	-8.794237e+02
2.500000e-07	-4.896314e-06	-1.337537e-08	-3.407741e+01	-8.764850e+02
2.600000e-07	-4.848265e-06	-1.333760e-08	-3.374300e+01	-8.734674e+02
2.700000e-07	-4.798144e-06	-1.326931e-08	-3.339416e+01	-8.703233e+02
2.800000e-07	-4.745967e-06	-1.322544e-08	-3.303103e+01	-8.670089e+02
2.900000e-07	-4.691843e-06	-1.314685e-08	-3.265433e+01	-8.635072e+02
3.000000e-07	-4.636006e-06	-1.307532e-08	-3.226572e+01	-8.598382e+02
3.100000e-07	-4.578524e-06	-1.302472e-08	-3.186565e+01	-8.560502e+02
3.200000e-07	-4.519258e-06	-1.300301e-08	-3.145318e+01	-8.521982e+02
3.300000e-07	-4.458353e-06	-1.297045e-08	-3.102929e+01	-8.483153e+02
3.400000e-07	-4.395985e-06	-1.288778e-08	-3.059522e+01	-8.443933e+02
3.500000e-07	-4.332182e-06	-1.282279e-08	-3.015116e+01	-8.403802e+02
3.600000e-07	-4.266862e-06	-1.273885e-08	-2.969655e+01	-8.361976e+02
3.700000e-07	-4.199828e-06	-1.266358e-08	-2.923000e+01	-8.317716e+02
3.800000e-07	-4.131127e-06	-1.260211e-08	-2.875186e+01	-8.270646e+02
3.900000e-07	-4.061006e-06	-1.251598e-08	-2.826383e+01	-8.220938e+02
4.000000e-07	-3.989613e-06	-1.245148e-08	-2.776695e+01	-8.169271e+02
4.100000e-07	-3.916920e-06	-1.238360e-08	-2.726101e+01	-8.116569e+02
4.200000e-07	-3.842755e-06	-1.231026e-08	-2.674484e+01	-8.063619e+02
4.300000e-07	-3.766901e-06	-1.221839e-08	-2.621691e+01	-8.010716e+02
4.400000e-07	-3.689444e-06	-1.212693e-08	-2.567783e+01	-7.957498e+02
4.500000e-07	-3.610531e-06	-1.205054e-08	-2.512860e+01	-7.903046e+02
4.600000e-07	-3.530120e-06	-1.196109e-08	-2.456896e+01	-7.846216e+02
4.700000e-07	-3.448348e-06	-1.186789e-08	-2.399985e+01	-7.786092e+02
4.800000e-07	-3.365371e-06	-1.176387e-08	-2.342234e+01	-7.722346e+02
4.900000e-07	-3.281330e-06	-1.166718e-08	-2.283743e+01	-7.655386e+02
5.000000e-07	-3.196339e-06	-1.157350e-08	-2.224591e+01	-7.586191e+02
5.100000e-07	-3.110352e-06	-1.146490e-08	-2.164745e+01	-7.515909e+02
5.200000e-07	-3.023362e-06	-1.135119e-08	-2.104202e+01	-7.445374e+02
5.300000e-07	-2.935420e-06	-1.124031e-08	-2.042997e+01	-7.374738e+02
5.400000e-07	-2.846557e-06	-1.113422e-08	-1.981150e+01	-7.303376e+02
5.500000e-07	-2.756626e-06	-1.102359e-08	-1.918560e+01	-7.230112e+02
5.600000e-07	-2.665455e-06	-1.090403e-08	-1.855106e+01	-7.153682e+02
5.700000e-07	-2.573203e-06	-1.077789e-08	-1.790901e+01	-7.073235e+02
5.800000e-07	-2.480091e-06	-1.065145e-08	-1.726096e+01	-6.988665e+02
5.900000e-07	-2.386156e-06	-1.052270e-08	-1.660719e+01	-6.900639e+02
6.000000e-07	-2.291399e-06	-1.038487e-08	-1.594770e+01	-6.810282e+02
6.100000e-07	-2.195890e-06	-1.024222e-08	-1.528298e+01	-6.718661e+02
6.200000e-07	-2.099673e-06	-1.009982e-08	-1.461332e+01	-6.626274e+02
6.300000e-07	-2.002750e-06	-9.958559e-09	-1.393876e+01	-6.532773e+02
6.400000e-07	-1.905044e-06	-9.814396e-09	-1.325874e+01	-6.437031e+02
6.500000e-07	-1.806464e-06	-9.657482e-09	-1.257265e+01	-6.337555e+02
6.600000e-07	-1.707078e-06	-9.490196e-09	-1.188094e+01	-6.233068e+02
6.700000e-07	-1.607007e-06	-9.321100e-09	-1.118446e+01	-6.123003e+02
6.800000e-07	-1.506386e-06	-9.149330e-09	-1.048416e+01	-6.007721e+02
6.900000e-07	-1.405350e-06	-8.970366e-09	-9.780968e+00	-5.888317e+02
7.000000e-07	-1.303918e-06	-8.786286e-09	-9.075018e+00	-5.766100e+02
7.100000e-07	-1.202032e-06	-8.599999e-09	-8.365912e+00	-5.641956e+02
7.200000e-07	-1.099657e-06	-8.408949e-09	-7.653403e+00	-5.515860e+02
7.300000e-07	-9.968604e-07	-8.209577e-09	-6.937959e+00	-5.386763e+02
7.400000e-07	-8.937286e-07	-7.998193e-09	-6.220181e+00	-5.252912e+02
7.500000e-07	-7.903210e-07	-7.778077e-09	-5.500484e+00	-5.112488e+02
7.600000e-07	-6.866777e-07	-7.552293e-09	-4.779146e+00	-4.964287e+02
7.700000e-07	-5.828128e-07	-7.321239e-09	-4.056266e+00	-4.808161e+02
7.800000e-07	-4.787636e-07	-7.080244e-09	-3.332104e+00	-4.644990e+02
7.900000e-07	-3.745647e-07	-6.827858e-09	-2.606899e+00	-4.476184e+02
8.000000e-07	-2.702539e-07	-6.565249e-09	-1.880916e+00	-4.302895e+02
8.100000e-07	-1.658229e-07	-6.289513e-09	-1.154096e+00	-4.125275e+02
8.200000e-07	-6.128899e-08	-6.001621e-09	-4.265597e-01	-3.942111e+02
8.300000e-07	4.327746e-08	-5.702561e-09	3.012029e-01	-3.751020e+02
8.400000e-07	1.478075e-07	-5.393036e-09	1.028712e+00	-3.549164e+02
8.500000e-07	2.522284e-07	-5.069670e-09	1.755462e+00	-3.334179e+02
8.600000e-07	3.565838e-07	-4.727153e-09	2.481755e+00	-3.104908e+02
8.700000e-07	4.608117e-07	-4.359975e-09	3.207162e+00	-2.861529e+02
8.800000e-07	5.648695e-07	-3.966891e-09	3.931384e+00	-2.604911e+02
8.900000e-07	6.688026e-07	-3.552769e-09	4.654739e+00	-2.335335e+02
9.000000e-07	7.724861e-07	-3.116030e-09	5.376356e+00	-2.051032e+02
9.100000e-07	8.758861e-07	-2.644143e-09	6.096000e+00	-1.747154e+02
9.200000e-07	9.790030e-07	-2.126348e-09	6.813675e+00	-1.415719e+02
9.300000e-07	1.081741e-06	-1.556152e-09	7.528708e+00	-1.046848e+02
9.400000e-07	1.184064e-06	-9.239434e-10	8.240861e+00	-6.311092e+01
9.500000e-07	1.285970e-06	-2.162288e-10	8.950106e+00	-1.624345e+01
9.600000e-07	1.387460e-06	5.766420e-10	9.656461e+00	3.592392e+01
9.700000e-07	1.488525e-06	1.445698e-09	1.035985e+01	9.264446e+01
9.800000e-07	1.589150e-06	2.365554e-09	1.106018e+01	1.524344e+02
9.900000e-07	1.689290e-06	3.302171e-09	1.175714e+01	2.132676e+02
1.000000e-06	1.788761e-06	4.217996e-09	1.244944e+01	2.729050e+02
1.010000e-06	1.887435e-06	5.075636e-09	1.313619e+01	3.292773e+02
1.020000e-06	1.985241e-06	5.844904e-09	1.381690e+01	3.808203e+02
1.030000e-06	2.082212e-06	6.520338e-09	1.449180e+01	4.266808e+02
1.040000e-06	2.178491e-06	7.114729e-09	1.516188e+01	4.667499e+02
1.050000e-06	2.274059e-06	7.640937e-09	1.582702e+01	5.015304e+02
1.060000e-06	2.368863e-06	8.104962e-09	1.648684e+01	5.318934e+02
1.070000e-06	2.462931e-06	8.516627e-09	1.714153e+01	5.588034e+02
1.080000e-06	2.556225e-06	8.888760e-09	1.779084e+01	5.830898e+02
1.090000e-06	2.648746e-06	9.229497e-09	1.843477e+01	6.053201e+02
1.100000e-06	2.740332e-06	9.538311e-09	1.907219e+01	6.257886e+02
1.110000e-06	2.830661e-06	9.814510e-09	1.970086e+01	6.445965e+02
1.120000e-06	2.919795e-06	1.006675e-08	2.032122e+01	6.617736e+02
1.130000e-06	3.007970e-06	1.030011e-08	2.093490e+01	6.773886e+02
1.140000e-06	3.095157e-06	1.051710e-08	2.154171e+01	6.916061e+02
1.150000e-06	3.181318e-06	1.071990e-08	2.214137e+01	7.046800e+02
1.160000e-06	3.266505e-06	1.090917e-08	2.273425e+01	7.168953e+02
1.170000e-06	3.350683e-06	1.108800e-08	2.332011e+01	7.284927e+02
1.180000e-06	3.433670e-06	1.125842e-08	2.389769e+01	7.396105e+02
1.190000e-06	3.515349e-06	1.141909e-08	2.446616e+01	7.502683e+02
1.200000e-06	3.595717e-06	1.156995e-08	2.502550e+01	7.603967e+02
1.210000e-06	3.674751e-06	1.171132e-08	2.557557e+01	7.698975e+02
1.220000e-06	3.752489e-06	1.184333e-08	2.611661e+01	7.787072e+02
1.230000e-06	3.828922e-06	1.196721e-08	2.664857e+01	7.868391e+02
1.240000e-06	3.903785e-06	1.208537e-08	2.716960e+01	7.943880e+02
1.250000e-06	3.977021e-06	1.219837e-08	2.767931e+01	8.014991e+02
1.260000e-06	4.048807e-06	1.230472e-08	2.817893e+01	8.083180e+02
1.270000e-06	4.119194e-06	1.240522e-08	2.866881e+01	8.149425e+02
1.280000e-06	4.188265e-06	1.250193e-08	2.914952e+01	8.213979e+02
1.290000e-06	4.255879e-06	1.259438e-08	2.962010e+01	8.276429e+02
1.300000e-06	4.321783e-06	1.268135e-08	3.007879e+01	8.336026e+02
1.310000e-06	4.386096e-06	1.276383e-08	3.052639e+01	8.392117e+02
1.320000e-06	4.448986e-06	1.284552e-08	3.096410e+01	8.444499e+02
1.330000e-06	4.510454e-06	1.292602e-08	3.139190e+01	8.493548e+02
1.340000e-06	4.570489e-06	1.300072e-08	3.180973e+01	8.540085e+02
1.350000e-06	4.628792e-06	1.306936e-08	3.221551e+01	8.585045e+02
1.360000e-06	4.685280e-06	1.313611e-08	3.260866e+01	8.629109e+02
1.370000e-06	4.740136e-06	1.320303e-08	3.299044e+01	8.672451e+02
1.380000e-06	4.793219e-06	1.326609e-08	3.335989e+01	8.714695e+02
1.390000e-06	4.844286e-06	1.332302e-08	3.371530e+01	8.755104e+02
1.400000e-06	4.893348e-06	1.337589e-08	3.405677e+01	8.792901e+02
1.410000e-06	4.940610e-06	1.342791e-08	3.438571e+01	8.827591e+02
1.420000e-06	4.986275e-06	1.347803e-08	3.470352e+01	8.859153e+02
1.430000e-06	5.030292e-06	1.352509e-08	3.500987e+01	8.888033e+02
1.440000e-06	5.072320e-06	1.356937e-08	3.530238e+01	8.914957e+02
1.450000e-06	5.112522e-06	1.361174e-08	3.558218e+01	8.940643e+02
1.460000e-06	5.151077e-06	1.365034e-08	3.585051e+01	8.965548e+02
1.470000e-06	5.187934e-06	1.368418e-08	3.610703e+01	8.989726e+02
1.480000e-06	5.222956e-06	1.371619e-08	3.635078e+01	9.012867e+02
1.490000e-06	5.256006e-06	1.374782e-08	3.658080e+01	9.034468e+02
1.500000e-06	5.287257e-06	1.377928e-08	3.679830e+01	9.054064e+02
1.510000e-06	5.316817e-06	1.380792e-08	3.700403e+01	9.071418e+02
1.520000e-06	5.344554e-06	1.383297e-08	3.719708e+01	9.086606e+02
1.530000e-06	5.370160e-06	1.385613e-08	3.737529e+01	9.099966e+02
1.540000e-06	5.393737e-06	1.387754e-08	3.753938e+01	9.111956e+02
1.550000e-06	5.415553e-06	1.389560e-08	3.769122e+01	9.122980e+02
1.560000e-06	5.435624e-06	1.391094e-08	3.783091e+01	9.133259e+02
1.570000e-06	5.453759e-06	1.392623e-08	3.795712e+01	9.142787e+02
1.580000e-06	5.469861e-06	1.394112e-08	3.806919e+01	9.151378e+02
1.590000e-06	5.484023e-06	1.395321e-08	3.816776e+01	9.158772e+02
1.600000e-06	5.496104e-06	1.396300e-08	3.825184e+01	9.164739e+02
1.610000e-06	5.505973e-06	1.397122e-08	3.832052e+01	9.169161e+02
1.620000e-06	5.513777e-06	1.397732e-08	3.837484e+01	9.172051e+02
1.630000e-06	5.519735e-06	1.398063e-08	3.841630e+01	9.173521e+02
1.640000e-06	5.523860e-06	1.398194e-08	3.844502e+01	9.173742e+02
1.650000e-06	5.525928e-06	1.398273e-08	3.845940e+01	9.172894e+02
1.660000e-06	5.526013e-06	1.398240e-08	3.846000e+01	9.171143e+02
1.670000e-06	5.524402e-06	1.397720e-08	3.844879e+01	9.168625e+02
1.680000e-06	5.521114e-06	1.397378e-08	3.842590e+01	9.165435e+02
1.690000e-06	5.515905e-06	1.397085e-08	3.838965e+01	9.161602e+02
1.700000e-06	5.508745e-06	1.396616e-08	3.833982e+01	9.157054e+02
1.710000e-06	5.499909e-06	1.395976e-08	3.827832e+01	9.151595e+02
1.720000e-06	5.489406e-06	1.395255e-08	3.820522e+01	9.144924e+02
1.730000e-06	5.476955e-06	1.395156e-08	3.811856e+01	9.136701e+02
1.740000e-06	5.462503e-06	1.389959e-08	3.801798e+01	9.126660e+02
1.750000e-06	5.445950e-06	1.384208e-08	3.790277e+01	9.114741e+02
1.760000e-06	5.426777e-06	1.384075e-08	3.776934e+01	9.101172e+02
1.770000e-06	5.404888e-06	1.383471e-08	3.761699e+01	9.086461e+02
1.780000e-06	5.381009e-06	1.387890e-08	3.745080e+01	9.071282e+02
1.790000e-06	5.356124e-06	1.385052e-08	3.727760e+01	9.056267e+02
1.800000e-06	5.330372e-06	1.373743e-08	3.709837e+01	9.041785e+02
1.810000e-06	5.302638e-06	1.379862e-08	3.690535e+01	9.027772e+02
1.820000e-06	5.272625e-06	1.377442e-08	3.669647e+01	9.013710e+02
1.830000e-06	5.241079e-06	1.369465e-08	3.647691e+01	8.998749e+02
1.840000e-06	5.207804e-06	1.376238e-08	3.624532e+01	8.981969e+02
1.850000e-06	5.172756e-06	1.366082e-08	3.600140e+01	8.962659e+02
1.860000e-06	5.135978e-06	1.362130e-08	3.574543e+01	8.940539e+02
1.870000e-06	5.097050e-06	1.369780e-08	3.547450e+01	8.915821e+02
1.880000e-06	5.056366e-06	1.357357e-08	3.519134e+01	8.889093e+02
1.890000e-06	5.014097e-06	1.355918e-08	3.489716e+01	8.861074e+02
1.900000e-06	4.969921e-06	1.350716e-08	3.458970e+01	8.832324e+02
1.910000e-06	4.923999e-06	1.337762e-08	3.427010e+01	8.803054e+02
1.920000e-06	4.876231e-06	1.342386e-08	3.393764e+01	8.773075e+02
1.930000e-06	4.826636e-06	1.332528e-08	3.359247e+01	8.741940e+02
1.940000e-06	4.775234e-06	1.328564e-08	3.323472e+01	8.709179e+02
1.950000e-06	4.721696e-06	1.329890e-08	3.286210e+01	8.674553e+02
1.960000e-06	4.666367e-06	1.319596e-08	3.247703e+01	8.638179e+02
1.970000e-06	4.609396e-06	1.314873e-08	3.208051e+01	8.600499e+02
1.980000e-06	4.550841e-06	1.303690e-08	3.167298e+01	8.562069e+02
1.990000e-06	4.490714e-06	1.299824e-08	3.125451e+01	8.523290e+02
2.000000e-06	4.428750e-06	1.295569e-08	3.082326e+01	8.484177e+02
2.010000e-06	4.365238e-06	1.288090e-08	3.038122e+01	8.444295e+02
2.020000e-06	4.300242e-06	1.286616e-08	2.992886e+01	8.402894e+02
2.030000e-06	4.233812e-06	1.275179e-08	2.946653e+01	8.359196e+02
2.040000e-06	4.165886e-06	1.270461e-08	2.899377e+01	8.312726e+02
2.050000e-06	4.096154e-06	1.262651e-08	2.850845e+01	8.263533e+02
2.060000e-06	4.024887e-06	1.252460e-08	2.801245e+01	8.212204e+02
2.070000e-06	3.952305e-06	1.246550e-08	2.750729e+01	8.159639e+02
2.080000e-06	3.878394e-06	1.236152e-08	2.699288e+01	8.106689e+02
2.090000e-06	3.802848e-06	1.231223e-08	2.646710e+01	8.053776e+02
2.100000e-06	3.725513e-06	1.221464e-08	2.592886e+01	8.000680e+02
2.110000e-06	3.646708e-06	1.212775e-08	2.538039e+01	7.946580e+02
2.120000e-06	3.566672e-06	1.204831e-08	2.482336e+01	7.890345e+02
2.130000e-06	3.485496e-06	1.195105e-08	2.425839e+01	7.830970e+02
2.140000e-06	3.403175e-06	1.186824e-08	2.368545e+01	7.767984e+02
2.150000e-06	3.319807e-06	1.175127e-08	2.310523e+01	7.701637e+02
2.160000e-06	3.235132e-06	1.165502e-08	2.251590e+01	7.632815e+02
2.170000e-06	3.148999e-06	1.154541e-08	2.191643e+01	7.562670e+02
2.180000e-06	3.061792e-06	1.144401e-08	2.130949e+01	7.492143e+02
2.190000e-06	2.973676e-06	1.133886e-08	2.069622e+01	7.421549e+02
2.200000e-06	2.884624e-06	1.122261e-08	2.007643e+01	7.350420e+02
2.210000e-06	2.794605e-06	1.110961e-08	1.944992e+01	7.277668e+02
2.220000e-06	2.703686e-06	1.099414e-08	1.881714e+01	7.202002e+02
2.230000e-06	2.611834e-06	1.087987e-08	1.817786e+01	7.122445e+02
2.240000e-06	2.518979e-06	1.074551e-08	1.753161e+01	7.038719e+02
2.250000e-06	2.425037e-06	1.061459e-08	1.687780e+01	6.951340e+02
2.260000e-06	2.330129e-06	1.047624e-08	1.621725e+01	6.861374e+02
2.270000e-06	2.234523e-06	1.034142e-08	1.555185e+01	6.769949e+02
2.280000e-06	2.138179e-06	1.019929e-08	1.488132e+01	6.677718e+02
2.290000e-06	2.041076e-06	1.005393e-08	1.420550e+01	6.584521e+02
2.300000e-06	1.943300e-06	9.912923e-09	1.352500e+01	6.489373e+02
2.310000e-06	1.844937e-06	9.761936e-09	1.284041e+01	6.390814e+02
2.320000e-06	1.746074e-06	9.605151e-09	1.215234e+01	6.287471e+02
2.330000e-06	1.646709e-06	9.432941e-09	1.146078e+01	6.178595e+02
2.340000e-06	1.546797e-06	9.263932e-09	1.076541e+01	6.064350e+02
2.350000e-06	1.446232e-06	9.087649e-09	1.006550e+01	5.945709e+02
2.360000e-06	1.344924e-06	8.900463e-09	9.360414e+00	5.823989e+02
2.370000e-06	1.243012e-06	8.709381e-09	8.651129e+00	5.700217e+02
2.380000e-06	1.140603e-06	8.515781e-09	7.938377e+00	5.574587e+02
2.390000e-06	1.037716e-06	8.323166e-09	7.222302e+00	5.446258e+02
2.400000e-06	9.344319e-07	8.119370e-09	6.503468e+00	5.313580e+02
2.410000e-06	8.308551e-07	7.904045e-09	5.782593e+00	5.174689e+02
2.420000e-06	7.270751e-07	7.677870e-09	5.060304e+00	5.028198e+02
2.430000e-06	6.231220e-07	7.440820e-09	4.336810e+00	4.873719e+02
2.440000e-06	5.189846e-07	7.195900e-09	3.612034e+00	4.711939e+02
2.450000e-06	4.146409e-07	6.944134e-09	2.885822e+00	4.544214e+02
2.460000e-06	3.101216e-07	6.683482e-09	2.158388e+00	4.371822e+02
2.470000e-06	2.054766e-07	6.414608e-09	1.430078e+00	4.195178e+02
2.480000e-06	1.007613e-07	6.135325e-09	7.012794e-01	4.013364e+02
2.490000e-06	-3.988647e-09	5.842729e-09	-2.776022e-02	3.824201e+02
2.500000e-06	-1.087385e-07	5.533417e-09	-7.567994e-01	3.624873e+02
2.510000e-06	-2.134179e-07	5.206824e-09	-1.485348e+00	3.412839e+02
2.520000e-06	-3.179469e-07	4.866242e-09	-2.212850e+00	3.186649e+02
2.530000e-06	-4.223468e-07	4.509797e-09	-2.939454e+00	2.946220e+02
2.540000e-06	-5.265952e-07	4.133103e-09	-3.665002e+00	2.692365e+02
2.550000e-06	-6.305947e-07	3.729053e-09	-4.388819e+00	2.425616e+02
2.560000e-06	-7.343890e-07	3.294547e-09	-5.111208e+00	2.144756e+02
2.570000e-06	-8.380012e-07	2.830151e-09	-5.832329e+00	1.845640e+02
2.580000e-06	-9.413525e-07	2.331271e-09	-6.551634e+00	1.520899e+02
2.590000e-06	-1.044317e-06	1.785747e-09	-7.268248e+00	1.160895e+02
2.600000e-06	-1.146833e-06	1.176704e-09	-7.981736e+00	7.558622e+01
2.610000e-06	-1.248941e-06	4.941746e-10	-8.692393e+00	2.987665e+01
2.620000e-06	-1.350509e-06	-2.672832e-10	-9.399286e+00	-2.119198e+01
2.630000e-06	-1.451381e-06	-1.110195e-09	-1.010134e+01	-7.703919e+01
2.640000e-06	-1.551603e-06	-2.021498e-09	-1.079886e+01	-1.363286e+02
2.650000e-06	-1.651225e-06	-2.965902e-09	-1.149221e+01	-1.971259e+02
2.660000e-06	-1.750267e-06	-3.895781e-09	-1.218153e+01	-2.572060e+02
2.670000e-06	-1.848767e-06	-4.773088e-09	-1.286707e+01	-3.144319e+02
2.680000e-06	-1.946678e-06	-5.573966e-09	-1.354851e+01	-3.671082e+02
2.690000e-06	-2.043896e-06	-6.288954e-09	-1.422513e+01	-4.142207e+02
2.700000e-06	-2.140451e-06	-6.921495e-09	-1.489713e+01	-4.555068e+02
2.710000e-06	-2.236321e-06	-7.478056e-09	-1.556437e+01	-4.913563e+02
2.720000e-06	-2.331535e-06	-7.968068e-09	-1.622704e+01	-5.225847e+02
2.730000e-06	-2.426125e-06	-8.401684e-09	-1.688536e+01	-5.501582e+02
2.740000e-06	-2.519858e-06	-8.787782e-09	-1.753773e+01	-5.749499e+02
2.750000e-06	-2.612416e-06	-9.133937e-09	-1.818192e+01	-5.975881e+02
2.760000e-06	-2.703819e-06	-9.448068e-09	-1.881807e+01	-6.184216e+02
2.770000e-06	-2.794322e-06	-9.737543e-09	-1.944795e+01	-6.375831e+02
2.780000e-06	-2.883877e-06	-1.000259e-08	-2.007124e+01	-6.551073e+02
2.790000e-06	-2.972351e-06	-1.024628e-08	-2.068699e+01	-6.710474e+02
2.800000e-06	-3.059789e-06	-1.047220e-08	-2.129555e+01	-6.855462e+02
2.810000e-06	-3.146299e-06	-1.068201e-08	-2.189764e+01	-6.988418e+02
2.820000e-06	-3.231652e-06	-1.087599e-08	-2.249169e+01	-7.112190e+02
2.830000e-06	-3.315574e-06	-1.105605e-08	-2.307576e+01	-7.229338e+02
2.840000e-06	-3.398283e-06	-1.122635e-08	-2.365140e+01	-7.341496e+02
2.850000e-06	-3.479954e-06	-1.138799e-08	-2.421982e+01	-7.449103e+02
2.860000e-06	-3.560495e-06	-1.154153e-08	-2.478037e+01	-7.551612e+02
2.870000e-06	-3.639858e-06	-1.168565e-08	-2.533272e+01	-7.648047e+02
2.880000e-06	-3.717835e-06	-1.182070e-08	-2.587542e+01	-7.737650e+02
2.890000e-06	-3.794239e-06	-1.194904e-08	-2.640718e+01	-7.820375e+02
2.900000e-06	-3.869136e-06	-1.207114e-08	-2.692845e+01	-7.897008e+02
2.910000e-06	-3.942598e-06	-1.218370e-08	-2.743973e+01	-7.968934e+02
2.920000e-06	-4.014729e-06	-1.228679e-08	-2.794175e+01	-8.037652e+02
2.930000e-06	-4.085561e-06	-1.238604e-08	-2.843472e+01	-8.104274e+02
2.940000e-06	-4.154779e-06	-1.248368e-08	-2.891647e+01	-8.169213e+02
2.950000e-06	-4.222331e-06	-1.257827e-08	-2.938662e+01	-8.232180e+02
2.960000e-06	-4.288452e-06	-1.266801e-08	-2.984681e+01	-8.292460e+02
2.970000e-06	-4.353160e-06	-1.275450e-08	-3.029717e+01	-8.349346e+02
2.980000e-06	-4.416493e-06	-1.283872e-08	-3.073795e+01	-8.402518e+02
2.990000e-06	-4.478222e-06	-1.291699e-08	-3.116757e+01	-8.452231e+02
3.000000e-06	-4.538133e-06	-1.298854e-08	-3.158454e+01	-8.499233e+02
3.010000e-06	-4.596456e-06	-1.305521e-08	-3.199046e+01	-8.544467e+02
3.020000e-06	-4.653289e-06	-1.312054e-08	-3.238601e+01	-8.588696e+02
3.030000e-06	-4.708506e-06	-1.318713e-08	-3.277031e+01	-8.632214e+02
3.040000e-06	-4.761853e-06	-1.325237e-08	-3.314159e+01	-8.674755e+02
3.050000e-06	-4.813197e-06	-1.331422e-08	-3.349894e+01	-8.715634e+02
3.060000e-06	-4.862627e-06	-1.337335e-08	-3.384296e+01	-8.754054e+02
3.070000e-06	-4.910009e-06	-1.342998e-08	-3.417273e+01	-8.789436e+02
3.080000e-06	-4.955470e-06	-1.347928e-08	-3.448913e+01	-8.821652e+02
3.090000e-06	-4.999341e-06	-1.352470e-08	-3.479446e+01	-8.851059e+02
3.100000e-06	-5.041645e-06	-1.356779e-08	-3.508889e+01	-8.878344e+02
3.110000e-06	-5.082393e-06	-1.360606e-08	-3.537249e+01	-8.904253e+02
3.120000e-06	-5.121515e-06	-1.364073e-08	-3.564477e+01	-8.929314e+02
3.130000e-06	-5.158719e-06	-1.367591e-08	-3.590370e+01	-8.953670e+02
3.140000e-06	-5.193966e-06	-1.371403e-08	-3.614901e+01	-8.977080e+02
3.150000e-06	-5.227448e-06	-1.374901e-08	-3.638204e+01	-8.999063e+02
3.160000e-06	-5.259222e-06	-1.377716e-08	-3.660318e+01	-9.019126e+02
3.170000e-06	-5.289098e-06	-1.380207e-08	-3.681112e+01	-9.036972e+02
3.180000e-06	-5.316951e-06	-1.382776e-08	-3.700497e+01	-9.052610e+02
3.190000e-06	-5.342924e-06	-1.385107e-08	-3.718573e+01	-9.066332e+02
3.200000e-06	-5.367092e-06	-1.386710e-08	-3.735394e+01	-9.078585e+02
3.210000e-06	-5.389415e-06	-1.387822e-08	-3.750930e+01	-9.089797e+02
3.220000e-06	-5.409748e-06	-1.389251e-08	-3.765081e+01	-9.100236e+02
3.230000e-06	-5.428158e-06	-1.390877e-08	-3.777894e+01	-9.109943e+02
3.240000e-06	-5.444794e-06	-1.392236e-08	-3.789473e+01	-9.118764e+02
3.250000e-06	-5.459508e-06	-1.393169e-08	-3.799714e+01	-9.126443e+02
3.260000e-06	-5.471972e-06	-1.393933e-08	-3.808388e+01	-9.132738e+02
3.270000e-06	-5.482208e-06	-1.394805e-08	-3.815512e+01	-9.137502e+02
3.280000e-06	-5.490592e-06	-1.395468e-08	-3.821347e+01	-9.140721e+02
3.290000e-06	-5.497166e-06	-1.395364e-08	-3.825923e+01	-9.142489e+02
3.300000e-06	-5.501694e-06	-1.394721e-08	-3.829074e+01	-9.142970e+02
3.310000e-06	-5.504268e-06	-1.394311e-08	-3.830866e+01	-9.142344e+02
3.320000e-06	-5.505068e-06	-1.394121e-08	-3.831422e+01	-9.140781e+02
