# Temperatura_=_25.12
# Concentracion g/m^3_=_13400.0
# C_Vs_to_Am_M_A/Vsm_=_65563218390.804596
# pendiente_HvsI_1/m_=_3716.3
# ordenada_HvsI_A/m_=_1297.0
# frecuencia_Hz_=_300802.7241928764

Tiempo_(s)	Campo_(V.s)	Magnetizacion_(V.s)	Campo_(kA/m)	Magnetizacion_(A/m)
0.000000e+00	-5.503993e-06	-1.444867e-08	-3.831114e+01	-9.483692e+02
1.000000e-08	-5.502301e-06	-1.444592e-08	-3.829936e+01	-9.481481e+02
2.000000e-08	-5.498611e-06	-1.444289e-08	-3.827368e+01	-9.478495e+02
3.000000e-08	-5.493178e-06	-1.444116e-08	-3.823586e+01	-9.474600e+02
4.000000e-08	-5.486152e-06	-1.443606e-08	-3.818695e+01	-9.469646e+02
5.000000e-08	-5.477486e-06	-1.442526e-08	-3.812663e+01	-9.463500e+02
6.000000e-08	-5.466879e-06	-1.441065e-08	-3.805280e+01	-9.456055e+02
7.000000e-08	-5.454162e-06	-1.438527e-08	-3.796429e+01	-9.447225e+02
8.000000e-08	-5.439477e-06	-1.436138e-08	-3.786207e+01	-9.436956e+02
9.000000e-08	-5.422413e-06	-1.440604e-08	-3.774329e+01	-9.425250e+02
1.000000e-07	-5.402961e-06	-1.441726e-08	-3.760790e+01	-9.412205e+02
1.100000e-07	-5.381595e-06	-1.435174e-08	-3.745918e+01	-9.398036e+02
1.200000e-07	-5.358441e-06	-1.431740e-08	-3.729801e+01	-9.383063e+02
1.300000e-07	-5.333789e-06	-1.422548e-08	-3.712642e+01	-9.367641e+02
1.400000e-07	-5.307640e-06	-1.417608e-08	-3.694440e+01	-9.352045e+02
1.500000e-07	-5.279649e-06	-1.429938e-08	-3.674956e+01	-9.336342e+02
1.600000e-07	-5.249919e-06	-1.417443e-08	-3.654263e+01	-9.320313e+02
1.700000e-07	-5.218653e-06	-1.411918e-08	-3.632500e+01	-9.303459e+02
1.800000e-07	-5.185454e-06	-1.424940e-08	-3.609392e+01	-9.285110e+02
1.900000e-07	-5.150140e-06	-1.410067e-08	-3.584810e+01	-9.264614e+02
2.000000e-07	-5.113290e-06	-1.406879e-08	-3.559161e+01	-9.241538e+02
2.100000e-07	-5.074770e-06	-1.405762e-08	-3.532349e+01	-9.215814e+02
2.200000e-07	-5.034424e-06	-1.390774e-08	-3.504265e+01	-9.187766e+02
2.300000e-07	-4.992236e-06	-1.394767e-08	-3.474900e+01	-9.157997e+02
2.400000e-07	-4.948037e-06	-1.394598e-08	-3.444135e+01	-9.127179e+02
2.500000e-07	-4.902053e-06	-1.387307e-08	-3.412127e+01	-9.095825e+02
2.600000e-07	-4.854223e-06	-1.386240e-08	-3.378835e+01	-9.064113e+02
2.700000e-07	-4.804291e-06	-1.375119e-08	-3.344079e+01	-9.031854e+02
2.800000e-07	-4.752300e-06	-1.370158e-08	-3.307890e+01	-8.998589e+02
2.900000e-07	-4.698456e-06	-1.365579e-08	-3.270411e+01	-8.963795e+02
3.000000e-07	-4.642966e-06	-1.357739e-08	-3.231786e+01	-8.927099e+02
3.100000e-07	-4.585870e-06	-1.353023e-08	-3.192045e+01	-8.888427e+02
3.200000e-07	-4.526953e-06	-1.350250e-08	-3.151035e+01	-8.848009e+02
3.300000e-07	-4.466398e-06	-1.348045e-08	-3.108885e+01	-8.806258e+02
3.400000e-07	-4.404349e-06	-1.336337e-08	-3.065695e+01	-8.763567e+02
3.500000e-07	-4.340745e-06	-1.328677e-08	-3.021422e+01	-8.720117e+02
3.600000e-07	-4.275657e-06	-1.321965e-08	-2.976117e+01	-8.675782e+02
3.700000e-07	-4.208939e-06	-1.313179e-08	-2.929677e+01	-8.630175e+02
3.800000e-07	-4.140531e-06	-1.309292e-08	-2.882061e+01	-8.582809e+02
3.900000e-07	-4.070606e-06	-1.301161e-08	-2.833390e+01	-8.533314e+02
4.000000e-07	-3.999410e-06	-1.293387e-08	-2.783832e+01	-8.481606e+02
4.100000e-07	-3.926954e-06	-1.286534e-08	-2.733399e+01	-8.427926e+02
4.200000e-07	-3.852942e-06	-1.277484e-08	-2.681882e+01	-8.372736e+02
4.300000e-07	-3.777226e-06	-1.267963e-08	-2.629179e+01	-8.316511e+02
4.400000e-07	-3.699929e-06	-1.257876e-08	-2.575375e+01	-8.259506e+02
4.500000e-07	-3.621157e-06	-1.250938e-08	-2.520545e+01	-8.201609e+02
4.600000e-07	-3.540827e-06	-1.242836e-08	-2.464631e+01	-8.142356e+02
4.700000e-07	-3.459099e-06	-1.233354e-08	-2.407743e+01	-8.081088e+02
4.800000e-07	-3.376222e-06	-1.222871e-08	-2.350056e+01	-8.017205e+02
4.900000e-07	-3.292276e-06	-1.211534e-08	-2.291624e+01	-7.950410e+02
5.000000e-07	-3.207409e-06	-1.201787e-08	-2.232552e+01	-7.880821e+02
5.100000e-07	-3.121563e-06	-1.190384e-08	-2.172798e+01	-7.808916e+02
5.200000e-07	-3.034725e-06	-1.179392e-08	-2.112353e+01	-7.735322e+02
5.300000e-07	-2.946960e-06	-1.168696e-08	-2.051263e+01	-7.660526e+02
5.400000e-07	-2.858232e-06	-1.157607e-08	-1.989503e+01	-7.584649e+02
5.500000e-07	-2.768468e-06	-1.145877e-08	-1.927022e+01	-7.507365e+02
5.600000e-07	-2.677505e-06	-1.132800e-08	-1.863706e+01	-7.428010e+02
5.700000e-07	-2.585438e-06	-1.119822e-08	-1.799622e+01	-7.345841e+02
5.800000e-07	-2.492519e-06	-1.106754e-08	-1.734945e+01	-7.260328e+02
5.900000e-07	-2.398812e-06	-1.094114e-08	-1.669719e+01	-7.171356e+02
6.000000e-07	-2.304278e-06	-1.080533e-08	-1.603917e+01	-7.079247e+02
6.100000e-07	-2.208951e-06	-1.066106e-08	-1.537564e+01	-6.984579e+02
6.200000e-07	-2.112846e-06	-1.051190e-08	-1.470669e+01	-6.887885e+02
6.300000e-07	-2.015945e-06	-1.035803e-08	-1.403221e+01	-6.789360e+02
6.400000e-07	-1.918268e-06	-1.020639e-08	-1.335232e+01	-6.688697e+02
6.500000e-07	-1.819770e-06	-1.004610e-08	-1.266671e+01	-6.585150e+02
6.600000e-07	-1.720453e-06	-9.877769e-09	-1.197540e+01	-6.477785e+02
6.700000e-07	-1.620444e-06	-9.705438e-09	-1.127927e+01	-6.365827e+02
6.800000e-07	-1.519960e-06	-9.530201e-09	-1.057984e+01	-6.248952e+02
6.900000e-07	-1.419049e-06	-9.346100e-09	-9.877441e+00	-6.127380e+02
7.000000e-07	-1.317611e-06	-9.156244e-09	-9.171374e+00	-6.001731e+02
7.100000e-07	-1.215712e-06	-8.963173e-09	-8.462094e+00	-5.872686e+02
7.200000e-07	-1.113397e-06	-8.765181e-09	-7.749919e+00	-5.740602e+02
7.300000e-07	-1.010747e-06	-8.560864e-09	-7.035413e+00	-5.605239e+02
7.400000e-07	-9.077724e-07	-8.345402e-09	-6.318648e+00	-5.465745e+02
7.500000e-07	-8.044337e-07	-8.119934e-09	-5.599347e+00	-5.320908e+02
7.600000e-07	-7.008135e-07	-7.885877e-09	-4.878088e+00	-5.169572e+02
7.700000e-07	-5.969334e-07	-7.646953e-09	-4.155019e+00	-5.011058e+02
7.800000e-07	-4.929054e-07	-7.398278e-09	-3.430921e+00	-4.845370e+02
7.900000e-07	-3.887745e-07	-7.139660e-09	-2.706107e+00	-4.673094e+02
8.000000e-07	-2.845066e-07	-6.873344e-09	-1.980339e+00	-4.495004e+02
8.100000e-07	-1.801639e-07	-6.595758e-09	-1.254051e+00	-4.311526e+02
8.200000e-07	-7.572064e-08	-6.302979e-09	-5.270617e-01	-4.122301e+02
8.300000e-07	2.877704e-08	-5.996166e-09	2.003057e-01	-3.926048e+02
8.400000e-07	1.332170e-07	-5.677488e-09	9.272710e-01	-3.720827e+02
8.500000e-07	2.375958e-07	-5.346277e-09	1.653812e+00	-3.504596e+02
8.600000e-07	3.419328e-07	-4.999962e-09	2.380060e+00	-3.275846e+02
8.700000e-07	4.461666e-07	-4.633052e-09	3.105591e+00	-3.033969e+02
8.800000e-07	5.502296e-07	-4.246636e-09	3.829933e+00	-2.779134e+02
8.900000e-07	6.541372e-07	-3.841775e-09	4.553193e+00	-2.511592e+02
9.000000e-07	7.578372e-07	-3.414564e-09	5.275007e+00	-2.230603e+02
9.100000e-07	8.612626e-07	-2.954330e-09	5.994912e+00	-1.933362e+02
9.200000e-07	9.643894e-07	-2.455039e-09	6.712737e+00	-1.614428e+02
9.300000e-07	1.067175e-06	-1.911720e-09	7.428184e+00	-1.266034e+02
9.400000e-07	1.169575e-06	-1.317089e-09	8.140951e+00	-8.794226e+01
9.500000e-07	1.271553e-06	-6.610983e-10	8.850784e+00	-4.470089e+01
9.600000e-07	1.373060e-06	6.959129e-11	9.557335e+00	3.516404e+00
9.700000e-07	1.474119e-06	8.771361e-10	1.026077e+01	5.653706e+01
9.800000e-07	1.574785e-06	1.750199e-09	1.096146e+01	1.135211e+02
9.900000e-07	1.675039e-06	2.663493e-09	1.165929e+01	1.730084e+02
1.000000e-06	1.774744e-06	3.588569e-09	1.235330e+01	2.331122e+02
1.010000e-06	1.873656e-06	4.488715e-09	1.304178e+01	2.918159e+02
1.020000e-06	1.971666e-06	5.326170e-09	1.372399e+01	3.473001e+02
1.030000e-06	2.068814e-06	6.082448e-09	1.440020e+01	3.982189e+02
1.040000e-06	2.165181e-06	6.758627e-09	1.507098e+01	4.438583e+02
1.050000e-06	2.260803e-06	7.364222e-09	1.573656e+01	4.841470e+02
1.060000e-06	2.355620e-06	7.902621e-09	1.639655e+01	5.195317e+02
1.070000e-06	2.449663e-06	8.378942e-09	1.705114e+01	5.507639e+02
1.080000e-06	2.542998e-06	8.803332e-09	1.770081e+01	5.786680e+02
1.090000e-06	2.635569e-06	9.189722e-09	1.834516e+01	6.039537e+02
1.100000e-06	2.727218e-06	9.543667e-09	1.898309e+01	6.271146e+02
1.110000e-06	2.817722e-06	9.864016e-09	1.961306e+01	6.484231e+02
1.120000e-06	2.907026e-06	1.015398e-08	2.023467e+01	6.679991e+02
1.130000e-06	2.995314e-06	1.041886e-08	2.084921e+01	6.859094e+02
1.140000e-06	3.082668e-06	1.066414e-08	2.145725e+01	7.022550e+02
1.150000e-06	3.169002e-06	1.089282e-08	2.205818e+01	7.172135e+02
1.160000e-06	3.254277e-06	1.110503e-08	2.265175e+01	7.310288e+02
1.170000e-06	3.338559e-06	1.130227e-08	2.323840e+01	7.439612e+02
1.180000e-06	3.421702e-06	1.149002e-08	2.381713e+01	7.562249e+02
1.190000e-06	3.503505e-06	1.166941e-08	2.438652e+01	7.679430e+02
1.200000e-06	3.583992e-06	1.183902e-08	2.494676e+01	7.791378e+02
1.210000e-06	3.663160e-06	1.199792e-08	2.549782e+01	7.897575e+02
1.220000e-06	3.741012e-06	1.214867e-08	2.603972e+01	7.997282e+02
1.230000e-06	3.817612e-06	1.228952e-08	2.657290e+01	8.090059e+02
1.240000e-06	3.892731e-06	1.242061e-08	2.709578e+01	8.176093e+02
1.250000e-06	3.966167e-06	1.254513e-08	2.760693e+01	8.256224e+02
1.260000e-06	4.038110e-06	1.266338e-08	2.810770e+01	8.331677e+02
1.270000e-06	4.108643e-06	1.277621e-08	2.859865e+01	8.403652e+02
1.280000e-06	4.177858e-06	1.288280e-08	2.908043e+01	8.472949e+02
1.290000e-06	4.245751e-06	1.298370e-08	2.955301e+01	8.539793e+02
1.300000e-06	4.311988e-06	1.307952e-08	3.001406e+01	8.603913e+02
1.310000e-06	4.376548e-06	1.317069e-08	3.046344e+01	8.664817e+02
1.320000e-06	4.439625e-06	1.325670e-08	3.090249e+01	8.722141e+02
1.330000e-06	4.501263e-06	1.333780e-08	3.133152e+01	8.775911e+02
1.340000e-06	4.561563e-06	1.341584e-08	3.175125e+01	8.826603e+02
1.350000e-06	4.620165e-06	1.349322e-08	3.215916e+01	8.874993e+02
1.360000e-06	4.676853e-06	1.356801e-08	3.255374e+01	8.921864e+02
1.370000e-06	4.731901e-06	1.363851e-08	3.293691e+01	8.967706e+02
1.380000e-06	4.785295e-06	1.370508e-08	3.330856e+01	9.012536e+02
1.390000e-06	4.836721e-06	1.376868e-08	3.366652e+01	9.055912e+02
1.400000e-06	4.886013e-06	1.382969e-08	3.400962e+01	9.097138e+02
1.410000e-06	4.933495e-06	1.388552e-08	3.434013e+01	9.135559e+02
1.420000e-06	4.979389e-06	1.393541e-08	3.465958e+01	9.170832e+02
1.430000e-06	5.023707e-06	1.398418e-08	3.496806e+01	9.203062e+02
1.440000e-06	5.066132e-06	1.403498e-08	3.526336e+01	9.232750e+02
1.450000e-06	5.106615e-06	1.408432e-08	3.554515e+01	9.260590e+02
1.460000e-06	5.145427e-06	1.412700e-08	3.581530e+01	9.287201e+02
1.470000e-06	5.182578e-06	1.416423e-08	3.607390e+01	9.312906e+02
1.480000e-06	5.217939e-06	1.419976e-08	3.632003e+01	9.337646e+02
1.490000e-06	5.251267e-06	1.423401e-08	3.655201e+01	9.361054e+02
1.500000e-06	5.282681e-06	1.426386e-08	3.677067e+01	9.382650e+02
1.510000e-06	5.312434e-06	1.429002e-08	3.697777e+01	9.402062e+02
1.520000e-06	5.340430e-06	1.431815e-08	3.717264e+01	9.419195e+02
1.530000e-06	5.366284e-06	1.434802e-08	3.735260e+01	9.434268e+02
1.540000e-06	5.390065e-06	1.437432e-08	3.751813e+01	9.447722e+02
1.550000e-06	5.412074e-06	1.439452e-08	3.767133e+01	9.460038e+02
1.560000e-06	5.432393e-06	1.441267e-08	3.781276e+01	9.471559e+02
1.570000e-06	5.450859e-06	1.443135e-08	3.794129e+01	9.482369e+02
1.580000e-06	5.467246e-06	1.444725e-08	3.805536e+01	9.492289e+02
1.590000e-06	5.481633e-06	1.445730e-08	3.815550e+01	9.500974e+02
1.600000e-06	5.493958e-06	1.446657e-08	3.824129e+01	9.508067e+02
1.610000e-06	5.504005e-06	1.447807e-08	3.831122e+01	9.513344e+02
1.620000e-06	5.511994e-06	1.448914e-08	3.836683e+01	9.516791e+02
1.630000e-06	5.518220e-06	1.449671e-08	3.841016e+01	9.518597e+02
1.640000e-06	5.522673e-06	1.449925e-08	3.844116e+01	9.519067e+02
1.650000e-06	5.525063e-06	1.450027e-08	3.845780e+01	9.518516e+02
1.660000e-06	5.525379e-06	1.450266e-08	3.846000e+01	9.517167e+02
1.670000e-06	5.523965e-06	1.449756e-08	3.845016e+01	9.515105e+02
1.680000e-06	5.520928e-06	1.448985e-08	3.842902e+01	9.512288e+02
1.690000e-06	5.516010e-06	1.448345e-08	3.839479e+01	9.508595e+02
1.700000e-06	5.509076e-06	1.447835e-08	3.834652e+01	9.503874e+02
1.710000e-06	5.500438e-06	1.447505e-08	3.828639e+01	9.497988e+02
1.720000e-06	5.490209e-06	1.446974e-08	3.821519e+01	9.490823e+02
1.730000e-06	5.478097e-06	1.447311e-08	3.813088e+01	9.482289e+02
1.740000e-06	5.463923e-06	1.444456e-08	3.803223e+01	9.472325e+02
1.750000e-06	5.447710e-06	1.434240e-08	3.791938e+01	9.460917e+02
1.760000e-06	5.428965e-06	1.433789e-08	3.778890e+01	9.448139e+02
1.770000e-06	5.407365e-06	1.434852e-08	3.763855e+01	9.434181e+02
1.780000e-06	5.383670e-06	1.437178e-08	3.747362e+01	9.419344e+02
1.790000e-06	5.358863e-06	1.443651e-08	3.730095e+01	9.403985e+02
1.800000e-06	5.333289e-06	1.424118e-08	3.712294e+01	9.388406e+02
1.810000e-06	5.305971e-06	1.425396e-08	3.693279e+01	9.372728e+02
1.820000e-06	5.276209e-06	1.437032e-08	3.672562e+01	9.356797e+02
1.830000e-06	5.244834e-06	1.417691e-08	3.650724e+01	9.340166e+02
1.840000e-06	5.211742e-06	1.426845e-08	3.627690e+01	9.322191e+02
1.850000e-06	5.176814e-06	1.429665e-08	3.603377e+01	9.302195e+02
1.860000e-06	5.140302e-06	1.411549e-08	3.577963e+01	9.279686e+02
1.870000e-06	5.101640e-06	1.425212e-08	3.551052e+01	9.254509e+02
1.880000e-06	5.061110e-06	1.415343e-08	3.522841e+01	9.226910e+02
1.890000e-06	5.019041e-06	1.402260e-08	3.493557e+01	9.197445e+02
1.900000e-06	4.975067e-06	1.406507e-08	3.462949e+01	9.166795e+02
1.910000e-06	4.929369e-06	1.387813e-08	3.431141e+01	9.135521e+02
1.920000e-06	4.881802e-06	1.394597e-08	3.398031e+01	9.103885e+02
1.930000e-06	4.832380e-06	1.392267e-08	3.363630e+01	9.071769e+02
1.940000e-06	4.781342e-06	1.376999e-08	3.328105e+01	9.038759e+02
1.950000e-06	4.728119e-06	1.383708e-08	3.291058e+01	9.004326e+02
1.960000e-06	4.672994e-06	1.370323e-08	3.252688e+01	8.968049e+02
1.970000e-06	4.616294e-06	1.364416e-08	3.213222e+01	8.929785e+02
1.980000e-06	4.557934e-06	1.355702e-08	3.172599e+01	8.889704e+02
1.990000e-06	4.498052e-06	1.347840e-08	3.130918e+01	8.848196e+02
2.000000e-06	4.436412e-06	1.350884e-08	3.088013e+01	8.805675e+02
2.010000e-06	4.373154e-06	1.337368e-08	3.043981e+01	8.762382e+02
2.020000e-06	4.308373e-06	1.337901e-08	2.998889e+01	8.718256e+02
2.030000e-06	4.242091e-06	1.326957e-08	2.952753e+01	8.672956e+02
2.040000e-06	4.174409e-06	1.316604e-08	2.905642e+01	8.626000e+02
2.050000e-06	4.104924e-06	1.313783e-08	2.857276e+01	8.576974e+02
2.060000e-06	4.033820e-06	1.298585e-08	2.807784e+01	8.525725e+02
2.070000e-06	3.961423e-06	1.296598e-08	2.757391e+01	8.472427e+02
2.080000e-06	3.887691e-06	1.286112e-08	2.706070e+01	8.417512e+02
2.090000e-06	3.812429e-06	1.280005e-08	2.653682e+01	8.361471e+02
2.100000e-06	3.735418e-06	1.272042e-08	2.600078e+01	8.304622e+02
2.110000e-06	3.656883e-06	1.258645e-08	2.545413e+01	8.246940e+02
2.120000e-06	3.577045e-06	1.252637e-08	2.489841e+01	8.188024e+02
2.130000e-06	3.496095e-06	1.240016e-08	2.433495e+01	8.127238e+02
2.140000e-06	3.413992e-06	1.233476e-08	2.376346e+01	8.063948e+02
2.150000e-06	3.330753e-06	1.222492e-08	2.318406e+01	7.997776e+02
2.160000e-06	3.246294e-06	1.212537e-08	2.259618e+01	7.928749e+02
2.170000e-06	3.160452e-06	1.202740e-08	2.199867e+01	7.857283e+02
2.180000e-06	3.073457e-06	1.189331e-08	2.139313e+01	7.783995e+02
2.190000e-06	2.985466e-06	1.179137e-08	2.078066e+01	7.709425e+02
2.200000e-06	2.896511e-06	1.166322e-08	2.016148e+01	7.633787e+02
2.210000e-06	2.806584e-06	1.155526e-08	1.953553e+01	7.556846e+02
2.220000e-06	2.715760e-06	1.143567e-08	1.890334e+01	7.477993e+02
2.230000e-06	2.624080e-06	1.131501e-08	1.826520e+01	7.396477e+02
2.240000e-06	2.531392e-06	1.118127e-08	1.762003e+01	7.311700e+02
2.250000e-06	2.437608e-06	1.103869e-08	1.696723e+01	7.223450e+02
2.260000e-06	2.342881e-06	1.090033e-08	1.630788e+01	7.131964e+02
2.270000e-06	2.247406e-06	1.075937e-08	1.564331e+01	7.037787e+02
2.280000e-06	2.151173e-06	1.061808e-08	1.497347e+01	6.941490e+02
2.290000e-06	2.054224e-06	1.046351e-08	1.429865e+01	6.843359e+02
2.300000e-06	1.956611e-06	1.031051e-08	1.361920e+01	6.743199e+02
2.310000e-06	1.858367e-06	1.015298e-08	1.293536e+01	6.640341e+02
2.320000e-06	1.759586e-06	9.994905e-09	1.224779e+01	6.533864e+02
2.330000e-06	1.660296e-06	9.823066e-09	1.155667e+01	6.422931e+02
2.340000e-06	1.560501e-06	9.648200e-09	1.086204e+01	6.307103e+02
2.350000e-06	1.460047e-06	9.466425e-09	1.016281e+01	6.186489e+02
2.360000e-06	1.358844e-06	9.273117e-09	9.458382e+00	6.061646e+02
2.370000e-06	1.257037e-06	9.076981e-09	8.749743e+00	5.933277e+02
2.380000e-06	1.154724e-06	8.874352e-09	8.037580e+00	5.801836e+02
2.390000e-06	1.051956e-06	8.671886e-09	7.322251e+00	5.667222e+02
2.400000e-06	9.487978e-07	8.459376e-09	6.604210e+00	5.528703e+02
2.410000e-06	8.453284e-07	8.237507e-09	5.884000e+00	5.385111e+02
2.420000e-06	7.415871e-07	8.005274e-09	5.161897e+00	5.235241e+02
2.430000e-06	6.376014e-07	7.760089e-09	4.438094e+00	5.078283e+02
2.440000e-06	5.334215e-07	7.507841e-09	3.712938e+00	4.914092e+02
2.450000e-06	4.290706e-07	7.250968e-09	2.986592e+00	4.743156e+02
2.460000e-06	3.245835e-07	6.987308e-09	2.259298e+00	4.566250e+02
2.470000e-06	2.199707e-07	6.713826e-09	1.531130e+00	4.383919e+02
2.480000e-06	1.152492e-07	6.427294e-09	8.022048e-01	4.195998e+02
2.490000e-06	1.053094e-08	6.126426e-09	7.330175e-02	4.001393e+02
2.500000e-06	-9.414251e-08	5.809364e-09	-6.552891e-01	3.798266e+02
2.510000e-06	-1.987533e-07	5.477091e-09	-1.383443e+00	3.584542e+02
2.520000e-06	-3.032681e-07	5.132868e-09	-2.110930e+00	3.358553e+02
2.530000e-06	-4.076732e-07	4.775979e-09	-2.837654e+00	3.119488e+02
2.540000e-06	-5.119396e-07	4.402855e-09	-3.563411e+00	2.867391e+02
2.550000e-06	-6.160537e-07	4.007559e-09	-4.288108e+00	2.602577e+02
2.560000e-06	-7.199206e-07	3.586496e-09	-5.011085e+00	2.324616e+02
2.570000e-06	-8.235067e-07	3.134855e-09	-5.732108e+00	2.031218e+02
2.580000e-06	-9.268116e-07	2.649508e-09	-6.451172e+00	1.717515e+02
2.590000e-06	-1.029777e-06	2.124140e-09	-7.167875e+00	1.376159e+02
2.600000e-06	-1.132405e-06	1.548017e-09	-7.882230e+00	9.984474e+01
2.610000e-06	-1.234593e-06	9.124126e-10	-8.593517e+00	5.763356e+01
2.620000e-06	-1.336183e-06	2.105194e-10	-9.300644e+00	1.048919e+01
2.630000e-06	-1.437095e-06	-5.651726e-10	-1.000305e+01	-4.155041e+01
2.640000e-06	-1.537332e-06	-1.415435e-09	-1.070077e+01	-9.778956e+01
2.650000e-06	-1.636988e-06	-2.323549e-09	-1.139443e+01	-1.568894e+02
2.660000e-06	-1.736154e-06	-3.256307e-09	-1.208468e+01	-2.170320e+02
2.670000e-06	-1.834779e-06	-4.174275e-09	-1.277117e+01	-2.762009e+02
2.680000e-06	-1.932767e-06	-5.043731e-09	-1.345323e+01	-3.325084e+02
2.690000e-06	-2.030094e-06	-5.838589e-09	-1.413069e+01	-3.844889e+02
2.700000e-06	-2.126743e-06	-6.549777e-09	-1.480343e+01	-4.312870e+02
2.710000e-06	-2.222739e-06	-7.181810e-09	-1.547162e+01	-4.727001e+02
2.720000e-06	-2.318090e-06	-7.743160e-09	-1.613531e+01	-5.090797e+02
2.730000e-06	-2.412805e-06	-8.241689e-09	-1.679459e+01	-5.411321e+02
2.740000e-06	-2.506629e-06	-8.687062e-09	-1.744766e+01	-5.696841e+02
2.750000e-06	-2.599288e-06	-9.089635e-09	-1.809263e+01	-5.954819e+02
2.760000e-06	-2.690860e-06	-9.454439e-09	-1.873002e+01	-6.190689e+02
2.770000e-06	-2.781450e-06	-9.786614e-09	-1.936058e+01	-6.407611e+02
2.780000e-06	-2.871029e-06	-1.008969e-08	-1.998411e+01	-6.607030e+02
2.790000e-06	-2.959552e-06	-1.036512e-08	-2.060028e+01	-6.789645e+02
2.800000e-06	-3.047142e-06	-1.061664e-08	-2.120996e+01	-6.956338e+02
2.810000e-06	-3.133868e-06	-1.085077e-08	-2.181363e+01	-7.108713e+02
2.820000e-06	-3.219371e-06	-1.107136e-08	-2.240878e+01	-7.249099e+02
2.830000e-06	-3.303436e-06	-1.127806e-08	-2.299392e+01	-7.380115e+02
2.840000e-06	-3.386314e-06	-1.146965e-08	-2.357080e+01	-7.504052e+02
2.850000e-06	-3.468145e-06	-1.164947e-08	-2.414040e+01	-7.622357e+02
2.860000e-06	-3.548866e-06	-1.182196e-08	-2.470227e+01	-7.735457e+02
2.870000e-06	-3.628448e-06	-1.198519e-08	-2.525620e+01	-7.842956e+02
2.880000e-06	-3.706636e-06	-1.213557e-08	-2.580044e+01	-7.944114e+02
2.890000e-06	-3.783128e-06	-1.227419e-08	-2.633287e+01	-8.038389e+02
2.900000e-06	-3.858116e-06	-1.240665e-08	-2.685483e+01	-8.125823e+02
2.910000e-06	-3.931797e-06	-1.253302e-08	-2.736770e+01	-8.207129e+02
2.920000e-06	-4.004113e-06	-1.264970e-08	-2.787106e+01	-8.283483e+02
2.930000e-06	-4.075076e-06	-1.275928e-08	-2.836501e+01	-8.356123e+02
2.940000e-06	-4.144516e-06	-1.286712e-08	-2.884835e+01	-8.425960e+02
2.950000e-06	-4.212334e-06	-1.297230e-08	-2.932040e+01	-8.493345e+02
2.960000e-06	-4.278693e-06	-1.306958e-08	-2.978231e+01	-8.558094e+02
2.970000e-06	-4.343644e-06	-1.315876e-08	-3.023441e+01	-8.619733e+02
2.980000e-06	-4.407206e-06	-1.324410e-08	-3.067683e+01	-8.677844e+02
2.990000e-06	-4.469220e-06	-1.332824e-08	-3.110849e+01	-8.732355e+02
3.000000e-06	-4.529411e-06	-1.340864e-08	-3.152746e+01	-8.783654e+02
3.010000e-06	-4.587906e-06	-1.348360e-08	-3.193462e+01	-8.832472e+02
3.020000e-06	-4.644955e-06	-1.355544e-08	-3.233171e+01	-8.879620e+02
3.030000e-06	-4.700504e-06	-1.362833e-08	-3.271836e+01	-8.925670e+02
3.040000e-06	-4.754128e-06	-1.369961e-08	-3.309162e+01	-8.970745e+02
3.050000e-06	-4.805625e-06	-1.376467e-08	-3.345007e+01	-9.014493e+02
3.060000e-06	-4.855207e-06	-1.382361e-08	-3.379519e+01	-9.056247e+02
3.070000e-06	-4.902774e-06	-1.388253e-08	-3.412629e+01	-9.095317e+02
3.080000e-06	-4.948446e-06	-1.393878e-08	-3.444420e+01	-9.131278e+02
3.090000e-06	-4.992560e-06	-1.398956e-08	-3.475126e+01	-9.164135e+02
3.100000e-06	-5.035151e-06	-1.403605e-08	-3.504772e+01	-9.194318e+02
3.110000e-06	-5.076129e-06	-1.407949e-08	-3.533295e+01	-9.222501e+02
3.120000e-06	-5.115500e-06	-1.412148e-08	-3.560699e+01	-9.249341e+02
3.130000e-06	-5.153009e-06	-1.416107e-08	-3.586807e+01	-9.275238e+02
3.140000e-06	-5.188506e-06	-1.419994e-08	-3.611516e+01	-9.300213e+02
3.150000e-06	-5.222211e-06	-1.423524e-08	-3.634976e+01	-9.323953e+02
3.160000e-06	-5.254201e-06	-1.426631e-08	-3.657243e+01	-9.345981e+02
3.170000e-06	-5.284327e-06	-1.429482e-08	-3.678213e+01	-9.365886e+02
3.180000e-06	-5.312428e-06	-1.432263e-08	-3.697773e+01	-9.383505e+02
3.190000e-06	-5.338699e-06	-1.434767e-08	-3.716059e+01	-9.398994e+02
3.200000e-06	-5.363214e-06	-1.436734e-08	-3.733123e+01	-9.412758e+02
3.210000e-06	-5.385820e-06	-1.438447e-08	-3.748858e+01	-9.425288e+02
3.220000e-06	-5.406370e-06	-1.440167e-08	-3.763162e+01	-9.436968e+02
3.230000e-06	-5.425006e-06	-1.441839e-08	-3.776134e+01	-9.447944e+02
3.240000e-06	-5.441885e-06	-1.443138e-08	-3.787883e+01	-9.458086e+02
3.250000e-06	-5.456863e-06	-1.444054e-08	-3.798309e+01	-9.467073e+02
3.260000e-06	-5.469577e-06	-1.444911e-08	-3.807158e+01	-9.474538e+02
3.270000e-06	-5.480069e-06	-1.445778e-08	-3.814461e+01	-9.480219e+02
3.280000e-06	-5.488761e-06	-1.446437e-08	-3.820512e+01	-9.484055e+02
3.290000e-06	-5.495623e-06	-1.446555e-08	-3.825288e+01	-9.486194e+02
3.300000e-06	-5.500386e-06	-1.446418e-08	-3.828603e+01	-9.486929e+02
3.310000e-06	-5.503188e-06	-1.446134e-08	-3.830553e+01	-9.486579e+02
3.320000e-06	-5.504254e-06	-1.445536e-08	-3.831296e+01	-9.485395e+02
