# Temperatura_=_25.68
# Concentracion g/m^3_=_13400.0
# C_Vs_to_Am_M_A/Vsm_=_65563218390.804596
# pendiente_HvsI_1/m_=_3716.3
# ordenada_HvsI_A/m_=_1297.0
# frecuencia_Hz_=_300845.41804632434

Tiempo_(s)	Campo_(V.s)	Magnetizacion_(V.s)	Campo_(kA/m)	Magnetizacion_(A/m)
0.000000e+00	-2.854355e-06	-5.707323e-09	-1.979787e+01	-3.736647e+02
1.000000e-08	-2.853292e-06	-5.708221e-09	-1.979050e+01	-3.735347e+02
2.000000e-08	-2.851128e-06	-5.709080e-09	-1.977549e+01	-3.733388e+02
3.000000e-08	-2.847774e-06	-5.706297e-09	-1.975223e+01	-3.730853e+02
4.000000e-08	-2.843485e-06	-5.699337e-09	-1.972248e+01	-3.727792e+02
5.000000e-08	-2.838379e-06	-5.688357e-09	-1.968706e+01	-3.724200e+02
6.000000e-08	-2.832390e-06	-5.667146e-09	-1.964553e+01	-3.720026e+02
7.000000e-08	-2.825430e-06	-5.649883e-09	-1.959725e+01	-3.715199e+02
8.000000e-08	-2.817391e-06	-5.701285e-09	-1.954149e+01	-3.709674e+02
9.000000e-08	-2.808107e-06	-5.770690e-09	-1.947709e+01	-3.703473e+02
1.000000e-07	-2.797426e-06	-5.703222e-09	-1.940301e+01	-3.696701e+02
1.100000e-07	-2.785602e-06	-5.501889e-09	-1.932100e+01	-3.689528e+02
1.200000e-07	-2.773050e-06	-5.559236e-09	-1.923394e+01	-3.682154e+02
1.300000e-07	-2.759619e-06	-5.758439e-09	-1.914078e+01	-3.674743e+02
1.400000e-07	-2.745150e-06	-5.636092e-09	-1.904042e+01	-3.667376e+02
1.500000e-07	-2.729721e-06	-5.451640e-09	-1.893341e+01	-3.660018e+02
1.600000e-07	-2.712971e-06	-5.659514e-09	-1.881723e+01	-3.652519e+02
1.700000e-07	-2.694925e-06	-5.733447e-09	-1.869206e+01	-3.644649e+02
1.800000e-07	-2.676160e-06	-5.456397e-09	-1.856191e+01	-3.636151e+02
1.900000e-07	-2.656709e-06	-5.525337e-09	-1.842699e+01	-3.626796e+02
2.000000e-07	-2.636314e-06	-5.638022e-09	-1.828554e+01	-3.616437e+02
2.100000e-07	-2.615071e-06	-5.419678e-09	-1.813819e+01	-3.605026e+02
2.200000e-07	-2.593088e-06	-5.440129e-09	-1.798572e+01	-3.592609e+02
2.300000e-07	-2.570163e-06	-5.627127e-09	-1.782671e+01	-3.579306e+02
2.400000e-07	-2.546283e-06	-5.472160e-09	-1.766108e+01	-3.565260e+02
2.500000e-07	-2.521638e-06	-5.367922e-09	-1.749014e+01	-3.550604e+02
2.600000e-07	-2.496057e-06	-5.430137e-09	-1.731271e+01	-3.535422e+02
2.700000e-07	-2.469364e-06	-5.392456e-09	-1.712757e+01	-3.519736e+02
2.800000e-07	-2.441654e-06	-5.350272e-09	-1.693537e+01	-3.503507e+02
2.900000e-07	-2.413023e-06	-5.334870e-09	-1.673678e+01	-3.486653e+02
3.000000e-07	-2.383594e-06	-5.297721e-09	-1.653267e+01	-3.469080e+02
3.100000e-07	-2.353485e-06	-5.346843e-09	-1.632383e+01	-3.450718e+02
3.200000e-07	-2.322669e-06	-5.309530e-09	-1.611009e+01	-3.431543e+02
3.300000e-07	-2.291052e-06	-5.167218e-09	-1.589079e+01	-3.411601e+02
3.400000e-07	-2.258726e-06	-5.208256e-09	-1.566658e+01	-3.390995e+02
3.500000e-07	-2.225789e-06	-5.183155e-09	-1.543813e+01	-3.369868e+02
3.600000e-07	-2.192055e-06	-5.090936e-09	-1.520414e+01	-3.348357e+02
3.700000e-07	-2.157227e-06	-5.144020e-09	-1.496258e+01	-3.326558e+02
3.800000e-07	-2.121349e-06	-5.100659e-09	-1.471372e+01	-3.304483e+02
3.900000e-07	-2.084807e-06	-4.981087e-09	-1.446027e+01	-3.282055e+02
4.000000e-07	-2.047684e-06	-5.024483e-09	-1.420278e+01	-3.259126e+02
4.100000e-07	-2.009787e-06	-5.008515e-09	-1.393993e+01	-3.235515e+02
4.200000e-07	-1.971090e-06	-4.881092e-09	-1.367153e+01	-3.211067e+02
4.300000e-07	-1.931644e-06	-4.867191e-09	-1.339793e+01	-3.185707e+02
4.400000e-07	-1.891573e-06	-4.865833e-09	-1.311999e+01	-3.159463e+02
4.500000e-07	-1.851086e-06	-4.814348e-09	-1.283918e+01	-3.132454e+02
4.600000e-07	-1.810222e-06	-4.764682e-09	-1.255574e+01	-3.104850e+02
4.700000e-07	-1.768621e-06	-4.716909e-09	-1.226719e+01	-3.076797e+02
4.800000e-07	-1.725922e-06	-4.668347e-09	-1.197104e+01	-3.048360e+02
4.900000e-07	-1.682246e-06	-4.638985e-09	-1.166810e+01	-3.019487e+02
5.000000e-07	-1.637970e-06	-4.590755e-09	-1.136100e+01	-2.990015e+02
5.100000e-07	-1.593313e-06	-4.528753e-09	-1.105125e+01	-2.959728e+02
5.200000e-07	-1.548191e-06	-4.490559e-09	-1.073829e+01	-2.928434e+02
5.300000e-07	-1.502498e-06	-4.446517e-09	-1.042136e+01	-2.896043e+02
5.400000e-07	-1.456233e-06	-4.400737e-09	-1.010047e+01	-2.862604e+02
5.500000e-07	-1.409435e-06	-4.340970e-09	-9.775872e+00	-2.828296e+02
5.600000e-07	-1.362174e-06	-4.269972e-09	-9.448073e+00	-2.793360e+02
5.700000e-07	-1.314429e-06	-4.216555e-09	-9.116909e+00	-2.758004e+02
5.800000e-07	-1.266230e-06	-4.187354e-09	-8.782604e+00	-2.722313e+02
5.900000e-07	-1.217721e-06	-4.127217e-09	-8.446141e+00	-2.686200e+02
6.000000e-07	-1.168845e-06	-4.050173e-09	-8.107136e+00	-2.649422e+02
6.100000e-07	-1.119432e-06	-3.997221e-09	-7.764405e+00	-2.611663e+02
6.200000e-07	-1.069346e-06	-3.944549e-09	-7.417006e+00	-2.572650e+02
6.300000e-07	-1.018585e-06	-3.881248e-09	-7.064929e+00	-2.532254e+02
6.400000e-07	-9.672982e-07	-3.806411e-09	-6.709203e+00	-2.490558e+02
6.500000e-07	-9.155746e-07	-3.739035e-09	-6.350447e+00	-2.447831e+02
6.600000e-07	-8.634992e-07	-3.682125e-09	-5.989250e+00	-2.404437e+02
6.700000e-07	-8.111445e-07	-3.625963e-09	-5.626117e+00	-2.360699e+02
6.800000e-07	-7.585080e-07	-3.552882e-09	-5.261029e+00	-2.316773e+02
6.900000e-07	-7.055930e-07	-3.473242e-09	-4.894010e+00	-2.272570e+02
7.000000e-07	-6.523941e-07	-3.402131e-09	-4.525021e+00	-2.227779e+02
7.100000e-07	-5.989572e-07	-3.334488e-09	-4.154381e+00	-2.181958e+02
7.200000e-07	-5.453951e-07	-3.263517e-09	-3.782873e+00	-2.134691e+02
7.300000e-07	-4.916797e-07	-3.184748e-09	-3.410302e+00	-2.085721e+02
7.400000e-07	-4.377462e-07	-3.108787e-09	-3.036218e+00	-2.035042e+02
7.500000e-07	-3.836279e-07	-3.034168e-09	-2.660852e+00	-1.982882e+02
7.600000e-07	-3.293578e-07	-2.954811e-09	-2.284433e+00	-1.929607e+02
7.700000e-07	-2.750082e-07	-2.863986e-09	-1.907463e+00	-1.875561e+02
7.800000e-07	-2.205898e-07	-2.773071e-09	-1.530016e+00	-1.820918e+02
7.900000e-07	-1.660997e-07	-2.691299e-09	-1.152071e+00	-1.765594e+02
8.000000e-07	-1.116040e-07	-2.607888e-09	-7.740880e-01	-1.709255e+02
8.100000e-07	-5.709568e-08	-2.517305e-09	-3.960169e-01	-1.651427e+02
8.200000e-07	-2.563820e-09	-2.422725e-09	-1.778272e-02	-1.591651e+02
8.300000e-07	5.200154e-08	-2.329304e-09	3.606839e-01	-1.529643e+02
8.400000e-07	1.065651e-07	-2.231561e-09	7.391383e-01	-1.465378e+02
8.500000e-07	1.610786e-07	-2.128042e-09	1.117245e+00	-1.399082e+02
8.600000e-07	2.155567e-07	-2.019283e-09	1.495106e+00	-1.331114e+02
8.700000e-07	2.699598e-07	-1.911667e-09	1.872448e+00	-1.261799e+02
8.800000e-07	3.242820e-07	-1.806178e-09	2.249227e+00	-1.191267e+02
8.900000e-07	3.785540e-07	-1.695927e-09	2.625659e+00	-1.119357e+02
9.000000e-07	4.327474e-07	-1.578448e-09	3.001546e+00	-1.045628e+02
9.100000e-07	4.867879e-07	-1.457821e-09	3.376372e+00	-9.694737e+01
9.200000e-07	5.406196e-07	-1.339073e-09	3.749750e+00	-8.902917e+01
9.300000e-07	5.942560e-07	-1.213018e-09	4.121773e+00	-8.076491e+01
9.400000e-07	6.476530e-07	-1.078217e-09	4.492136e+00	-7.213766e+01
9.500000e-07	7.007373e-07	-9.382118e-10	4.860330e+00	-6.315588e+01
9.600000e-07	7.535003e-07	-7.971294e-10	5.226296e+00	-5.384216e+01
9.700000e-07	8.060046e-07	-6.521380e-10	5.590467e+00	-4.421628e+01
9.800000e-07	8.583086e-07	-4.980645e-10	5.953248e+00	-3.427892e+01
9.900000e-07	9.103527e-07	-3.351414e-10	6.314228e+00	-2.400241e+01
1.000000e-06	9.620066e-07	-1.669233e-10	6.672500e+00	-1.333226e+01
1.010000e-06	1.013090e-06	2.453952e-12	7.026817e+00	-2.199164e+00
1.020000e-06	1.063454e-06	1.763837e-10	7.376141e+00	9.462472e+00
1.030000e-06	1.113075e-06	3.601823e-10	7.720315e+00	2.169568e+01
1.040000e-06	1.162158e-06	5.586646e-10	8.060752e+00	3.450775e+01
1.050000e-06	1.210892e-06	7.643909e-10	8.398775e+00	4.786630e+01
1.060000e-06	1.259333e-06	9.751927e-10	8.734764e+00	6.170481e+01
1.070000e-06	1.307469e-06	1.194154e-09	9.068635e+00	7.593421e+01
1.080000e-06	1.355161e-06	1.419472e-09	9.399425e+00	9.045546e+01
1.090000e-06	1.402349e-06	1.644762e-09	9.726722e+00	1.051684e+02
1.100000e-06	1.449081e-06	1.865360e-09	1.005086e+01	1.199744e+02
1.110000e-06	1.495302e-06	2.085259e-09	1.037145e+01	1.347728e+02
1.120000e-06	1.540930e-06	2.305704e-09	1.068792e+01	1.494552e+02
1.130000e-06	1.585984e-06	2.526145e-09	1.100042e+01	1.639019e+02
1.140000e-06	1.630613e-06	2.740536e-09	1.130997e+01	1.779827e+02
1.150000e-06	1.674973e-06	2.946542e-09	1.161765e+01	1.915663e+02
1.160000e-06	1.718913e-06	3.142910e-09	1.192242e+01	2.045330e+02
1.170000e-06	1.762065e-06	3.329218e-09	1.222172e+01	2.167897e+02
1.180000e-06	1.804200e-06	3.503310e-09	1.251397e+01	2.282799e+02
1.190000e-06	1.845388e-06	3.663485e-09	1.279965e+01	2.389877e+02
1.200000e-06	1.885962e-06	3.814452e-09	1.308108e+01	2.489317e+02
1.210000e-06	1.926088e-06	3.955888e-09	1.335939e+01	2.581537e+02
1.220000e-06	1.965574e-06	4.084610e-09	1.363327e+01	2.667047e+02
1.230000e-06	2.004358e-06	4.201665e-09	1.390227e+01	2.746333e+02
1.240000e-06	2.042528e-06	4.310023e-09	1.416702e+01	2.819800e+02
1.250000e-06	2.079952e-06	4.410865e-09	1.442660e+01	2.887780e+02
1.260000e-06	2.116698e-06	4.507329e-09	1.468146e+01	2.950596e+02
1.270000e-06	2.153005e-06	4.597209e-09	1.493329e+01	3.008623e+02
1.280000e-06	2.188657e-06	4.677353e-09	1.518057e+01	3.062336e+02
1.290000e-06	2.223213e-06	4.749502e-09	1.542026e+01	3.112294e+02
1.300000e-06	2.256647e-06	4.818322e-09	1.565216e+01	3.159077e+02
1.310000e-06	2.289299e-06	4.884889e-09	1.587863e+01	3.203189e+02
1.320000e-06	2.321341e-06	4.946309e-09	1.610088e+01	3.244974e+02
1.330000e-06	2.352647e-06	5.003789e-09	1.631802e+01	3.284574e+02
1.340000e-06	2.383127e-06	5.058696e-09	1.652942e+01	3.321956e+02
1.350000e-06	2.412789e-06	5.108868e-09	1.673516e+01	3.356984e+02
1.360000e-06	2.441676e-06	5.155057e-09	1.693552e+01	3.389537e+02
1.370000e-06	2.469900e-06	5.199845e-09	1.713128e+01	3.419598e+02
1.380000e-06	2.497284e-06	5.241934e-09	1.732122e+01	3.447312e+02
1.390000e-06	2.523433e-06	5.279395e-09	1.750259e+01	3.472965e+02
1.400000e-06	2.548408e-06	5.312068e-09	1.767581e+01	3.496923e+02
1.410000e-06	2.572553e-06	5.342423e-09	1.784329e+01	3.519526e+02
1.420000e-06	2.595906e-06	5.373680e-09	1.800527e+01	3.541008e+02
1.430000e-06	2.618359e-06	5.404683e-09	1.816100e+01	3.561449e+02
1.440000e-06	2.639886e-06	5.432427e-09	1.831031e+01	3.580791e+02
1.450000e-06	2.660642e-06	5.456888e-09	1.845428e+01	3.598897e+02
1.460000e-06	2.680685e-06	5.481501e-09	1.859329e+01	3.615640e+02
1.470000e-06	2.699814e-06	5.506844e-09	1.872597e+01	3.630973e+02
1.480000e-06	2.717916e-06	5.528841e-09	1.885153e+01	3.644962e+02
1.490000e-06	2.735029e-06	5.546051e-09	1.897023e+01	3.657771e+02
1.500000e-06	2.751106e-06	5.562537e-09	1.908174e+01	3.669608e+02
1.510000e-06	2.766091e-06	5.579702e-09	1.918567e+01	3.680652e+02
1.520000e-06	2.780057e-06	5.594732e-09	1.928254e+01	3.691001e+02
1.530000e-06	2.793026e-06	5.606389e-09	1.937249e+01	3.700649e+02
1.540000e-06	2.804926e-06	5.617763e-09	1.945503e+01	3.709511e+02
1.550000e-06	2.815480e-06	5.632053e-09	1.952823e+01	3.717472e+02
1.560000e-06	2.824729e-06	5.645860e-09	1.959239e+01	3.724448e+02
1.570000e-06	2.833087e-06	5.656388e-09	1.965036e+01	3.730427e+02
1.580000e-06	2.840603e-06	5.664528e-09	1.970249e+01	3.735476e+02
1.590000e-06	2.847161e-06	5.671959e-09	1.974798e+01	3.739718e+02
1.600000e-06	2.852754e-06	5.677103e-09	1.978677e+01	3.743282e+02
1.610000e-06	2.857509e-06	5.678773e-09	1.981975e+01	3.746259e+02
1.620000e-06	2.861425e-06	5.680181e-09	1.984691e+01	3.748670e+02
1.630000e-06	2.864143e-06	5.684054e-09	1.986576e+01	3.750472e+02
1.640000e-06	2.865546e-06	5.688946e-09	1.987550e+01	3.751587e+02
1.650000e-06	2.865979e-06	5.693912e-09	1.987850e+01	3.751945e+02
1.660000e-06	2.865556e-06	5.696364e-09	1.987556e+01	3.751521e+02
1.670000e-06	2.864179e-06	5.691995e-09	1.986601e+01	3.750345e+02
1.680000e-06	2.861843e-06	5.686206e-09	1.984981e+01	3.748494e+02
1.690000e-06	2.858702e-06	5.681179e-09	1.982803e+01	3.746054e+02
1.700000e-06	2.854839e-06	5.674070e-09	1.980123e+01	3.743082e+02
1.710000e-06	2.849971e-06	5.670668e-09	1.976747e+01	3.739585e+02
1.720000e-06	2.843858e-06	5.685931e-09	1.972507e+01	3.735517e+02
1.730000e-06	2.836735e-06	5.689243e-09	1.967566e+01	3.730808e+02
1.740000e-06	2.828773e-06	5.589673e-09	1.962044e+01	3.725405e+02
1.750000e-06	2.819454e-06	5.520053e-09	1.955580e+01	3.719316e+02
1.760000e-06	2.808505e-06	5.640890e-09	1.947985e+01	3.712632e+02
1.770000e-06	2.796703e-06	5.768824e-09	1.939800e+01	3.705513e+02
1.780000e-06	2.784829e-06	5.602793e-09	1.931564e+01	3.698158e+02
1.790000e-06	2.772190e-06	5.432390e-09	1.922797e+01	3.690741e+02
1.800000e-06	2.757801e-06	5.648853e-09	1.912817e+01	3.683362e+02
1.810000e-06	2.742275e-06	5.688146e-09	1.902048e+01	3.676007e+02
1.820000e-06	2.726239e-06	5.430317e-09	1.890925e+01	3.668546e+02
1.830000e-06	2.709004e-06	5.532556e-09	1.878971e+01	3.660758e+02
1.840000e-06	2.690428e-06	5.753393e-09	1.866087e+01	3.652387e+02
1.850000e-06	2.671232e-06	5.518275e-09	1.852773e+01	3.643196e+02
1.860000e-06	2.651353e-06	5.434442e-09	1.838984e+01	3.633019e+02
1.870000e-06	2.630295e-06	5.693717e-09	1.824379e+01	3.621792e+02
1.880000e-06	2.608168e-06	5.502781e-09	1.809031e+01	3.609545e+02
1.890000e-06	2.585028e-06	5.302792e-09	1.792981e+01	3.596386e+02
1.900000e-06	2.560828e-06	5.540505e-09	1.776196e+01	3.582459e+02
1.910000e-06	2.535932e-06	5.513420e-09	1.758929e+01	3.567901e+02
1.920000e-06	2.510286e-06	5.371063e-09	1.741140e+01	3.552806e+02
1.930000e-06	2.483641e-06	5.433619e-09	1.722659e+01	3.537208e+02
1.940000e-06	2.456292e-06	5.365727e-09	1.703690e+01	3.521078e+02
1.950000e-06	2.428133e-06	5.342072e-09	1.684159e+01	3.504340e+02
1.960000e-06	2.398728e-06	5.347886e-09	1.663763e+01	3.486899e+02
1.970000e-06	2.368301e-06	5.197892e-09	1.642659e+01	3.468677e+02
1.980000e-06	2.337136e-06	5.264065e-09	1.621043e+01	3.449643e+02
1.990000e-06	2.305272e-06	5.330625e-09	1.598942e+01	3.429829e+02
2.000000e-06	2.272708e-06	5.135391e-09	1.576355e+01	3.409328e+02
2.010000e-06	2.239250e-06	5.172167e-09	1.553149e+01	3.388280e+02
2.020000e-06	2.204962e-06	5.194391e-09	1.529367e+01	3.366826e+02
2.030000e-06	2.170131e-06	5.009441e-09	1.505208e+01	3.345072e+02
2.040000e-06	2.134667e-06	5.075033e-09	1.480610e+01	3.323046e+02
2.050000e-06	2.098455e-06	5.086394e-09	1.455493e+01	3.300688e+02
2.060000e-06	2.061368e-06	4.931151e-09	1.429770e+01	3.277858e+02
2.070000e-06	2.023154e-06	4.967721e-09	1.403264e+01	3.254378e+02
2.080000e-06	1.984062e-06	4.965215e-09	1.376150e+01	3.230085e+02
2.090000e-06	1.944471e-06	4.866776e-09	1.348690e+01	3.204886e+02
2.100000e-06	1.904299e-06	4.843331e-09	1.320826e+01	3.178789e+02
2.110000e-06	1.863483e-06	4.787710e-09	1.292516e+01	3.151903e+02
2.120000e-06	1.822106e-06	4.758876e-09	1.263817e+01	3.124389e+02
2.130000e-06	1.780140e-06	4.737926e-09	1.234710e+01	3.096405e+02
2.140000e-06	1.737553e-06	4.666693e-09	1.205171e+01	3.068034e+02
2.150000e-06	1.694416e-06	4.637006e-09	1.175251e+01	3.039245e+02
2.160000e-06	1.650866e-06	4.597277e-09	1.145045e+01	3.009892e+02
2.170000e-06	1.606810e-06	4.546019e-09	1.114487e+01	2.979763e+02
2.180000e-06	1.562096e-06	4.497441e-09	1.083473e+01	2.948657e+02
2.190000e-06	1.516781e-06	4.441815e-09	1.052043e+01	2.916459e+02
2.200000e-06	1.470949e-06	4.392490e-09	1.020253e+01	2.883194e+02
2.210000e-06	1.424750e-06	4.346315e-09	9.882098e+00	2.849021e+02
2.220000e-06	1.378091e-06	4.308757e-09	9.558468e+00	2.814176e+02
2.230000e-06	1.330826e-06	4.248665e-09	9.230639e+00	2.778882e+02
2.240000e-06	1.283003e-06	4.173004e-09	8.898939e+00	2.743249e+02
2.250000e-06	1.234643e-06	4.136933e-09	8.563511e+00	2.707221e+02
2.260000e-06	1.185828e-06	4.088829e-09	8.224933e+00	2.670581e+02
2.270000e-06	1.136590e-06	4.014451e-09	7.883416e+00	2.633018e+02
2.280000e-06	1.086917e-06	3.961815e-09	7.538882e+00	2.594240e+02
2.290000e-06	1.036791e-06	3.905073e-09	7.191207e+00	2.554088e+02
2.300000e-06	9.862192e-07	3.851893e-09	6.840439e+00	2.512606e+02
2.310000e-06	9.352876e-07	3.787335e-09	6.487176e+00	2.470034e+02
2.320000e-06	8.841028e-07	3.708320e-09	6.132157e+00	2.426729e+02
2.330000e-06	8.326742e-07	3.643172e-09	5.775447e+00	2.383032e+02
2.340000e-06	7.809444e-07	3.577318e-09	5.416648e+00	2.339135e+02
2.350000e-06	7.288461e-07	3.513679e-09	5.055294e+00	2.294996e+02
2.360000e-06	6.763673e-07	3.446188e-09	4.691299e+00	2.250337e+02
2.370000e-06	6.234537e-07	3.375549e-09	4.324289e+00	2.204731e+02
2.380000e-06	5.701030e-07	3.310179e-09	3.954248e+00	2.157744e+02
2.390000e-06	5.164180e-07	3.237954e-09	3.581887e+00	2.109083e+02
2.400000e-06	4.624694e-07	3.159106e-09	3.207698e+00	2.058695e+02
2.410000e-06	4.083166e-07	3.078788e-09	2.832094e+00	2.006772e+02
2.420000e-06	3.538731e-07	2.997783e-09	2.454472e+00	1.953665e+02
2.430000e-06	2.991574e-07	2.920247e-09	2.074962e+00	1.899734e+02
2.440000e-06	2.443613e-07	2.835808e-09	1.694896e+00	1.845193e+02
2.450000e-06	1.895099e-07	2.747665e-09	1.314445e+00	1.790005e+02
2.460000e-06	1.346004e-07	2.667107e-09	9.335916e-01	1.733877e+02
2.470000e-06	7.964116e-08	2.585309e-09	5.523929e-01	1.676348e+02
2.480000e-06	2.462269e-08	2.497823e-09	1.707835e-01	1.616944e+02
2.490000e-06	-3.040468e-08	2.400925e-09	-2.108876e-01	1.555341e+02
2.500000e-06	-8.539937e-08	2.304166e-09	-5.923320e-01	1.491466e+02
2.510000e-06	-1.403600e-07	2.210708e-09	-9.735403e-01	1.425505e+02
2.520000e-06	-1.952758e-07	2.108349e-09	-1.354437e+00	1.357805e+02
2.530000e-06	-2.501001e-07	1.997869e-09	-1.734700e+00	1.288711e+02
2.540000e-06	-3.048694e-07	1.888088e-09	-2.114581e+00	1.218396e+02
2.550000e-06	-3.595276e-07	1.784935e-09	-2.493692e+00	1.146754e+02
2.560000e-06	-4.139706e-07	1.680354e-09	-2.871310e+00	1.073388e+02
2.570000e-06	-4.681433e-07	1.565355e-09	-3.247053e+00	9.977107e+01
2.580000e-06	-5.220220e-07	1.444126e-09	-3.620757e+00	9.191046e+01
2.590000e-06	-5.756290e-07	1.322097e-09	-3.992576e+00	8.370973e+01
2.600000e-06	-6.288872e-07	1.193720e-09	-4.361976e+00	7.514701e+01
2.610000e-06	-6.816759e-07	1.054685e-09	-4.728120e+00	6.622676e+01
2.620000e-06	-7.340299e-07	9.100882e-10	-5.091248e+00	5.697024e+01
2.630000e-06	-7.860308e-07	7.660140e-10	-5.451928e+00	4.739901e+01
2.640000e-06	-8.376989e-07	6.226149e-10	-5.810299e+00	3.751812e+01
2.650000e-06	-8.891100e-07	4.706766e-10	-6.166888e+00	2.730519e+01
2.660000e-06	-9.402868e-07	3.085735e-10	-6.521851e+00	1.670989e+01
2.670000e-06	-9.911737e-07	1.411278e-10	-6.874803e+00	5.664332e+00
2.680000e-06	-1.041648e-06	-3.213336e-11	-7.224892e+00	-5.899211e+00
2.690000e-06	-1.091670e-06	-2.178263e-10	-7.571852e+00	-1.802900e+01
2.700000e-06	-1.141276e-06	-4.162292e-10	-7.915917e+00	-3.073926e+01
2.710000e-06	-1.190486e-06	-6.211754e-10	-8.257242e+00	-4.400457e+01
2.720000e-06	-1.239204e-06	-8.286949e-10	-8.595149e+00	-5.776375e+01
2.730000e-06	-1.287228e-06	-1.039892e-09	-8.928246e+00	-7.193078e+01
2.740000e-06	-1.334408e-06	-1.259222e-09	-9.255484e+00	-8.640761e+01
2.750000e-06	-1.380901e-06	-1.485106e-09	-9.577959e+00	-1.010939e+02
2.760000e-06	-1.426956e-06	-1.711522e-09	-9.897402e+00	-1.158908e+02
2.770000e-06	-1.472659e-06	-1.935967e-09	-1.021440e+01	-1.306985e+02
2.780000e-06	-1.518069e-06	-2.163845e-09	-1.052937e+01	-1.454105e+02
2.790000e-06	-1.563058e-06	-2.392772e-09	-1.084141e+01	-1.599088e+02
2.800000e-06	-1.607469e-06	-2.612617e-09	-1.114944e+01	-1.740651e+02
2.810000e-06	-1.651280e-06	-2.819866e-09	-1.145332e+01	-1.877471e+02
2.820000e-06	-1.694669e-06	-3.018625e-09	-1.175426e+01	-2.008321e+02
2.830000e-06	-1.737666e-06	-3.208782e-09	-1.205249e+01	-2.132211e+02
2.840000e-06	-1.780098e-06	-3.385898e-09	-1.234680e+01	-2.248508e+02
2.850000e-06	-1.821940e-06	-3.549376e-09	-1.263702e+01	-2.356981e+02
2.860000e-06	-1.863215e-06	-3.703027e-09	-1.292330e+01	-2.457762e+02
2.870000e-06	-1.903859e-06	-3.851124e-09	-1.320521e+01	-2.551238e+02
2.880000e-06	-1.943794e-06	-3.991525e-09	-1.348220e+01	-2.637913e+02
2.890000e-06	-1.983147e-06	-4.120078e-09	-1.375515e+01	-2.718281e+02
2.900000e-06	-2.021989e-06	-4.234449e-09	-1.402457e+01	-2.792764e+02
2.910000e-06	-2.060036e-06	-4.337009e-09	-1.428846e+01	-2.861704e+02
2.920000e-06	-2.097034e-06	-4.431634e-09	-1.454508e+01	-2.925420e+02
2.930000e-06	-2.133062e-06	-4.520709e-09	-1.479497e+01	-2.984273e+02
2.940000e-06	-2.168444e-06	-4.605706e-09	-1.504038e+01	-3.038721e+02
2.950000e-06	-2.203253e-06	-4.687108e-09	-1.528181e+01	-3.089310e+02
2.960000e-06	-2.237258e-06	-4.764156e-09	-1.551767e+01	-3.136623e+02
2.970000e-06	-2.270435e-06	-4.835715e-09	-1.574779e+01	-3.181184e+02
2.980000e-06	-2.302809e-06	-4.902041e-09	-1.597234e+01	-3.223371e+02
2.990000e-06	-2.334436e-06	-4.964471e-09	-1.619170e+01	-3.263363e+02
3.000000e-06	-2.365414e-06	-5.023541e-09	-1.640657e+01	-3.301152e+02
3.010000e-06	-2.395455e-06	-5.078431e-09	-1.661493e+01	-3.336614e+02
3.020000e-06	-2.424235e-06	-5.129462e-09	-1.681455e+01	-3.369618e+02
3.030000e-06	-2.451991e-06	-5.180014e-09	-1.700707e+01	-3.400121e+02
3.040000e-06	-2.479101e-06	-5.227801e-09	-1.719510e+01	-3.428240e+02
3.050000e-06	-2.505461e-06	-5.271557e-09	-1.737794e+01	-3.454239e+02
3.060000e-06	-2.530879e-06	-5.311046e-09	-1.755424e+01	-3.478475e+02
3.070000e-06	-2.555403e-06	-5.346373e-09	-1.772433e+01	-3.501302e+02
3.080000e-06	-2.579171e-06	-5.379412e-09	-1.788919e+01	-3.522977e+02
3.090000e-06	-2.602262e-06	-5.412004e-09	-1.804935e+01	-3.543608e+02
3.100000e-06	-2.624367e-06	-5.443880e-09	-1.820267e+01	-3.563158e+02
3.110000e-06	-2.645197e-06	-5.472486e-09	-1.834715e+01	-3.581499e+02
3.120000e-06	-2.664950e-06	-5.499403e-09	-1.848415e+01	-3.598495e+02
3.130000e-06	-2.683902e-06	-5.524675e-09	-1.861560e+01	-3.614082e+02
3.140000e-06	-2.701977e-06	-5.548482e-09	-1.874098e+01	-3.628304e+02
3.150000e-06	-2.719097e-06	-5.570003e-09	-1.885972e+01	-3.641312e+02
3.160000e-06	-2.735368e-06	-5.589150e-09	-1.897258e+01	-3.653310e+02
3.170000e-06	-2.750811e-06	-5.605957e-09	-1.907969e+01	-3.664489e+02
3.180000e-06	-2.765255e-06	-5.621361e-09	-1.917988e+01	-3.674963e+02
3.190000e-06	-2.778384e-06	-5.636838e-09	-1.927094e+01	-3.684744e+02
3.200000e-06	-2.790205e-06	-5.652269e-09	-1.935293e+01	-3.693758e+02
3.210000e-06	-2.800975e-06	-5.665663e-09	-1.942763e+01	-3.701891e+02
3.220000e-06	-2.810777e-06	-5.675835e-09	-1.949562e+01	-3.709049e+02
3.230000e-06	-2.819632e-06	-5.682845e-09	-1.955703e+01	-3.715206e+02
3.240000e-06	-2.827593e-06	-5.689430e-09	-1.961225e+01	-3.720416e+02
3.250000e-06	-2.834734e-06	-5.697203e-09	-1.966178e+01	-3.724795e+02
3.260000e-06	-2.840792e-06	-5.702269e-09	-1.970380e+01	-3.728476e+02
3.270000e-06	-2.845521e-06	-5.705474e-09	-1.973660e+01	-3.731557e+02
3.280000e-06	-2.849180e-06	-5.709791e-09	-1.976198e+01	-3.734074e+02
3.290000e-06	-2.851959e-06	-5.713094e-09	-1.978125e+01	-3.735992e+02
3.300000e-06	-2.853836e-06	-5.713896e-09	-1.979427e+01	-3.737239e+02
3.310000e-06	-2.854782e-06	-5.712356e-09	-1.980083e+01	-3.737740e+02
3.320000e-06	-2.854836e-06	-5.709618e-09	-1.980121e+01	-3.737458e+02
