# Temperatura_=_23.96
# Concentracion g/m^3_=_13400.0
# C_Vs_to_Am_M_A/Vsm_=_65563218390.804596
# pendiente_HvsI_1/m_=_3716.3
# ordenada_HvsI_A/m_=_1297.0
# frecuencia_Hz_=_300839.3674790757

Tiempo_(s)	Campo_(V.s)	Magnetizacion_(V.s)	Campo_(kA/m)	Magnetizacion_(A/m)
0.000000e+00	-2.852243e-06	-5.660816e-09	-1.980546e+01	-3.688197e+02
1.000000e-08	-2.851928e-06	-5.658908e-09	-1.980327e+01	-3.688172e+02
2.000000e-08	-2.850834e-06	-5.656152e-09	-1.979568e+01	-3.687720e+02
3.000000e-08	-2.848615e-06	-5.653415e-09	-1.978027e+01	-3.686654e+02
4.000000e-08	-2.845143e-06	-5.651828e-09	-1.975616e+01	-3.684747e+02
5.000000e-08	-2.840713e-06	-5.648184e-09	-1.972540e+01	-3.681816e+02
6.000000e-08	-2.835494e-06	-5.639882e-09	-1.968916e+01	-3.677780e+02
7.000000e-08	-2.829413e-06	-5.620487e-09	-1.964693e+01	-3.672707e+02
8.000000e-08	-2.822395e-06	-5.619841e-09	-1.959820e+01	-3.666808e+02
9.000000e-08	-2.814367e-06	-5.668837e-09	-1.954246e+01	-3.660387e+02
1.000000e-07	-2.805036e-06	-5.683332e-09	-1.947766e+01	-3.653759e+02
1.100000e-07	-2.794237e-06	-5.565887e-09	-1.940268e+01	-3.647166e+02
1.200000e-07	-2.782411e-06	-5.486532e-09	-1.932056e+01	-3.640710e+02
1.300000e-07	-2.769816e-06	-5.602140e-09	-1.923310e+01	-3.634333e+02
1.400000e-07	-2.756222e-06	-5.669933e-09	-1.913870e+01	-3.627846e+02
1.500000e-07	-2.741665e-06	-5.463128e-09	-1.903762e+01	-3.620987e+02
1.600000e-07	-2.726178e-06	-5.498445e-09	-1.893009e+01	-3.613504e+02
1.700000e-07	-2.709333e-06	-5.651585e-09	-1.881312e+01	-3.605222e+02
1.800000e-07	-2.691259e-06	-5.484907e-09	-1.868762e+01	-3.596071e+02
1.900000e-07	-2.672522e-06	-5.397231e-09	-1.855751e+01	-3.586081e+02
2.000000e-07	-2.653020e-06	-5.520882e-09	-1.842209e+01	-3.575339e+02
2.100000e-07	-2.632590e-06	-5.456950e-09	-1.828023e+01	-3.563935e+02
2.200000e-07	-2.611366e-06	-5.322934e-09	-1.813285e+01	-3.551918e+02
2.300000e-07	-2.589300e-06	-5.476149e-09	-1.797963e+01	-3.539280e+02
2.400000e-07	-2.566264e-06	-5.479004e-09	-1.781967e+01	-3.525972e+02
2.500000e-07	-2.542351e-06	-5.305921e-09	-1.765362e+01	-3.511942e+02
2.600000e-07	-2.517696e-06	-5.324141e-09	-1.748243e+01	-3.497169e+02
2.700000e-07	-2.492107e-06	-5.348198e-09	-1.730474e+01	-3.481691e+02
2.800000e-07	-2.465429e-06	-5.261400e-09	-1.711949e+01	-3.465589e+02
2.900000e-07	-2.437679e-06	-5.275186e-09	-1.692680e+01	-3.448961e+02
3.000000e-07	-2.408972e-06	-5.235998e-09	-1.672747e+01	-3.431874e+02
3.100000e-07	-2.379516e-06	-5.217206e-09	-1.652293e+01	-3.414330e+02
3.200000e-07	-2.349391e-06	-5.244126e-09	-1.631374e+01	-3.396260e+02
3.300000e-07	-2.318508e-06	-5.143657e-09	-1.609930e+01	-3.377554e+02
3.400000e-07	-2.286778e-06	-5.097356e-09	-1.587897e+01	-3.358110e+02
3.500000e-07	-2.254354e-06	-5.113515e-09	-1.565383e+01	-3.337891e+02
3.600000e-07	-2.221325e-06	-5.051341e-09	-1.542448e+01	-3.316955e+02
3.700000e-07	-2.187454e-06	-5.022458e-09	-1.518929e+01	-3.295449e+02
3.800000e-07	-2.152453e-06	-5.044677e-09	-1.494624e+01	-3.273556e+02
3.900000e-07	-2.116470e-06	-4.943856e-09	-1.469639e+01	-3.251427e+02
4.000000e-07	-2.079847e-06	-4.911707e-09	-1.444208e+01	-3.229108e+02
4.100000e-07	-2.042543e-06	-4.934970e-09	-1.418305e+01	-3.206506e+02
4.200000e-07	-2.004512e-06	-4.861462e-09	-1.391897e+01	-3.183407e+02
4.300000e-07	-1.965798e-06	-4.792467e-09	-1.365015e+01	-3.159540e+02
4.400000e-07	-1.926319e-06	-4.784933e-09	-1.337601e+01	-3.134677e+02
4.500000e-07	-1.886226e-06	-4.757611e-09	-1.309761e+01	-3.108710e+02
4.600000e-07	-1.845732e-06	-4.707501e-09	-1.281643e+01	-3.081699e+02
4.700000e-07	-1.804765e-06	-4.665454e-09	-1.253196e+01	-3.053849e+02
4.800000e-07	-1.763007e-06	-4.606575e-09	-1.224200e+01	-3.025436e+02
4.900000e-07	-1.720222e-06	-4.573499e-09	-1.194491e+01	-2.996699e+02
5.000000e-07	-1.676520e-06	-4.535782e-09	-1.164145e+01	-2.967748e+02
5.100000e-07	-1.632241e-06	-4.483936e-09	-1.133399e+01	-2.938512e+02
5.200000e-07	-1.587570e-06	-4.431927e-09	-1.102380e+01	-2.908770e+02
5.300000e-07	-1.542437e-06	-4.394770e-09	-1.071040e+01	-2.878227e+02
5.400000e-07	-1.496795e-06	-4.346875e-09	-1.039348e+01	-2.846634e+02
5.500000e-07	-1.450614e-06	-4.292471e-09	-1.007280e+01	-2.813880e+02
5.600000e-07	-1.403875e-06	-4.237934e-09	-9.748255e+00	-2.780037e+02
5.700000e-07	-1.356584e-06	-4.173127e-09	-9.419875e+00	-2.745331e+02
5.800000e-07	-1.308775e-06	-4.133413e-09	-9.087898e+00	-2.710040e+02
5.900000e-07	-1.260582e-06	-4.087230e-09	-8.753256e+00	-2.674377e+02
6.000000e-07	-1.212090e-06	-4.025184e-09	-8.416537e+00	-2.638390e+02
6.100000e-07	-1.163281e-06	-3.963038e-09	-8.077610e+00	-2.601923e+02
6.200000e-07	-1.113902e-06	-3.910503e-09	-7.734732e+00	-2.564662e+02
6.300000e-07	-1.063846e-06	-3.848832e-09	-7.387156e+00	-2.526248e+02
6.400000e-07	-1.013265e-06	-3.780312e-09	-7.035932e+00	-2.486413e+02
6.500000e-07	-9.621228e-07	-3.715227e-09	-6.680807e+00	-2.445088e+02
6.600000e-07	-9.104105e-07	-3.653058e-09	-6.321726e+00	-2.402437e+02
6.700000e-07	-8.583148e-07	-3.596840e-09	-5.959983e+00	-2.358806e+02
6.800000e-07	-8.059378e-07	-3.529407e-09	-5.596286e+00	-2.314590e+02
6.900000e-07	-7.533217e-07	-3.455826e-09	-5.230929e+00	-2.270087e+02
7.000000e-07	-7.004651e-07	-3.381642e-09	-4.863903e+00	-2.225372e+02
7.100000e-07	-6.473551e-07	-3.314311e-09	-4.495117e+00	-2.180258e+02
7.200000e-07	-5.940032e-07	-3.243507e-09	-4.124651e+00	-2.134352e+02
7.300000e-07	-5.404243e-07	-3.168452e-09	-3.752609e+00	-2.087190e+02
7.400000e-07	-4.866582e-07	-3.092175e-09	-3.379267e+00	-2.038394e+02
7.500000e-07	-4.326916e-07	-3.016042e-09	-3.004533e+00	-1.987805e+02
7.600000e-07	-3.785586e-07	-2.939899e-09	-2.628642e+00	-1.935530e+02
7.700000e-07	-3.243238e-07	-2.853869e-09	-2.252046e+00	-1.881887e+02
7.800000e-07	-2.700182e-07	-2.764731e-09	-1.874958e+00	-1.827273e+02
7.900000e-07	-2.156450e-07	-2.678070e-09	-1.497400e+00	-1.772002e+02
8.000000e-07	-1.612193e-07	-2.598487e-09	-1.119478e+00	-1.716170e+02
8.100000e-07	-1.067416e-07	-2.513376e-09	-7.411946e-01	-1.659607e+02
8.200000e-07	-5.222112e-08	-2.421079e-09	-3.626140e-01	-1.601928e+02
8.300000e-07	2.296990e-09	-2.326474e-09	1.594988e-02	-1.542662e+02
8.400000e-07	5.680412e-08	-2.231903e-09	3.944376e-01	-1.481409e+02
8.500000e-07	1.112688e-07	-2.136413e-09	7.726308e-01	-1.417975e+02
8.600000e-07	1.656823e-07	-2.035439e-09	1.150468e+00	-1.352412e+02
8.700000e-07	2.201080e-07	-1.932645e-09	1.528390e+00	-1.284972e+02
8.800000e-07	2.744771e-07	-1.826210e-09	1.905920e+00	-1.215974e+02
8.900000e-07	3.287618e-07	-1.717547e-09	2.282862e+00	-1.145643e+02
9.000000e-07	3.829724e-07	-1.603426e-09	2.659291e+00	-1.073991e+02
9.100000e-07	4.370207e-07	-1.487841e-09	3.034593e+00	-1.000761e+02
9.200000e-07	4.908652e-07	-1.372139e-09	3.408479e+00	-9.254806e+01
9.300000e-07	5.445444e-07	-1.255163e-09	3.781218e+00	-8.475894e+01
9.400000e-07	5.980211e-07	-1.135190e-09	4.152551e+00	-7.665916e+01
9.500000e-07	6.512442e-07	-1.006801e-09	4.522122e+00	-6.821809e+01
9.600000e-07	7.042243e-07	-8.692459e-10	4.890006e+00	-5.942876e+01
9.700000e-07	7.569852e-07	-7.256132e-10	5.256369e+00	-5.030317e+01
9.800000e-07	8.095213e-07	-5.814593e-10	5.621170e+00	-4.086025e+01
9.900000e-07	8.617473e-07	-4.317703e-10	5.983818e+00	-3.111098e+01
1.000000e-06	9.136833e-07	-2.757859e-10	6.344452e+00	-2.104662e+01
1.010000e-06	9.651929e-07	-1.148576e-10	6.702125e+00	-1.063428e+01
1.020000e-06	1.016032e-06	4.912823e-11	7.055142e+00	1.779522e-01
1.030000e-06	1.066154e-06	2.187438e-10	7.403181e+00	1.144822e+01
1.040000e-06	1.115635e-06	3.986783e-10	7.746769e+00	2.322443e+01
1.050000e-06	1.164617e-06	5.889617e-10	8.086889e+00	3.552935e+01
1.060000e-06	1.213275e-06	7.874383e-10	8.424761e+00	4.835165e+01
1.070000e-06	1.261703e-06	9.899883e-10	8.761036e+00	6.164494e+01
1.080000e-06	1.309768e-06	1.198931e-09	9.094790e+00	7.533388e+01
1.090000e-06	1.357345e-06	1.412311e-09	9.425161e+00	8.932423e+01
1.100000e-06	1.404397e-06	1.627035e-09	9.751876e+00	1.035131e+02
1.110000e-06	1.450954e-06	1.841603e-09	1.007516e+01	1.177959e+02
1.120000e-06	1.497012e-06	2.056920e-09	1.039498e+01	1.320686e+02
1.130000e-06	1.542532e-06	2.270900e-09	1.071106e+01	1.462269e+02
1.140000e-06	1.587583e-06	2.480622e-09	1.102389e+01	1.601632e+02
1.150000e-06	1.632231e-06	2.685657e-09	1.133392e+01	1.737668e+02
1.160000e-06	1.676542e-06	2.884328e-09	1.164160e+01	1.869266e+02
1.170000e-06	1.720386e-06	3.075728e-09	1.194605e+01	1.995388e+02
1.180000e-06	1.763347e-06	3.256564e-09	1.224436e+01	2.115163e+02
1.190000e-06	1.805259e-06	3.426938e-09	1.253539e+01	2.227981e+02
1.200000e-06	1.846399e-06	3.587455e-09	1.282106e+01	2.333544e+02
1.210000e-06	1.887024e-06	3.739483e-09	1.310315e+01	2.431867e+02
1.220000e-06	1.927130e-06	3.880014e-09	1.338164e+01	2.523220e+02
1.230000e-06	1.966628e-06	4.005669e-09	1.365591e+01	2.608035e+02
1.240000e-06	2.005498e-06	4.118550e-09	1.392582e+01	2.686801e+02
1.250000e-06	2.043624e-06	4.224451e-09	1.419055e+01	2.759981e+02
1.260000e-06	2.080964e-06	4.327200e-09	1.444984e+01	2.827977e+02
1.270000e-06	2.117727e-06	4.424077e-09	1.470512e+01	2.891125e+02
1.280000e-06	2.153953e-06	4.513081e-09	1.495666e+01	2.949732e+02
1.290000e-06	2.189403e-06	4.593900e-09	1.520282e+01	3.004124e+02
1.300000e-06	2.223781e-06	4.670963e-09	1.544153e+01	3.054665e+02
1.310000e-06	2.257110e-06	4.741340e-09	1.567296e+01	3.101766e+02
1.320000e-06	2.289731e-06	4.803609e-09	1.589948e+01	3.145847e+02
1.330000e-06	2.321656e-06	4.861370e-09	1.612116e+01	3.187290e+02
1.340000e-06	2.352815e-06	4.919164e-09	1.633753e+01	3.226395e+02
1.350000e-06	2.383215e-06	4.975282e-09	1.654861e+01	3.263345e+02
1.360000e-06	2.412762e-06	5.023391e-09	1.675378e+01	3.298216e+02
1.370000e-06	2.441601e-06	5.067406e-09	1.695404e+01	3.331006e+02
1.380000e-06	2.469762e-06	5.113902e-09	1.714958e+01	3.361688e+02
1.390000e-06	2.496915e-06	5.161067e-09	1.733813e+01	3.390264e+02
1.400000e-06	2.522886e-06	5.201280e-09	1.751846e+01	3.416806e+02
1.410000e-06	2.547804e-06	5.234823e-09	1.769149e+01	3.441458e+02
1.420000e-06	2.571800e-06	5.265753e-09	1.785811e+01	3.464426e+02
1.430000e-06	2.594954e-06	5.295866e-09	1.801889e+01	3.485936e+02
1.440000e-06	2.617276e-06	5.321880e-09	1.817389e+01	3.506187e+02
1.450000e-06	2.638738e-06	5.344025e-09	1.832292e+01	3.525323e+02
1.460000e-06	2.659457e-06	5.370704e-09	1.846679e+01	3.543405e+02
1.470000e-06	2.679437e-06	5.401951e-09	1.860553e+01	3.560431e+02
1.480000e-06	2.698433e-06	5.429433e-09	1.873743e+01	3.576349e+02
1.490000e-06	2.716386e-06	5.450591e-09	1.886210e+01	3.591106e+02
1.500000e-06	2.733404e-06	5.469629e-09	1.898026e+01	3.604674e+02
1.510000e-06	2.749352e-06	5.488226e-09	1.909100e+01	3.617075e+02
1.520000e-06	2.764194e-06	5.503443e-09	1.919406e+01	3.628391e+02
1.530000e-06	2.778019e-06	5.514566e-09	1.929006e+01	3.638739e+02
1.540000e-06	2.790878e-06	5.526021e-09	1.937935e+01	3.648249e+02
1.550000e-06	2.802627e-06	5.541772e-09	1.946093e+01	3.657028e+02
1.560000e-06	2.813066e-06	5.558784e-09	1.953342e+01	3.665129e+02
1.570000e-06	2.822397e-06	5.571588e-09	1.959822e+01	3.672540e+02
1.580000e-06	2.830827e-06	5.580908e-09	1.965675e+01	3.679189e+02
1.590000e-06	2.838289e-06	5.591382e-09	1.970857e+01	3.684970e+02
1.600000e-06	2.844713e-06	5.601615e-09	1.975317e+01	3.689789e+02
1.610000e-06	2.850185e-06	5.605062e-09	1.979117e+01	3.693596e+02
1.620000e-06	2.854865e-06	5.603286e-09	1.982367e+01	3.696423e+02
1.630000e-06	2.858600e-06	5.605554e-09	1.984960e+01	3.698382e+02
1.640000e-06	2.861066e-06	5.612406e-09	1.986673e+01	3.699646e+02
1.650000e-06	2.862363e-06	5.617594e-09	1.987573e+01	3.700397e+02
1.660000e-06	2.862762e-06	5.617647e-09	1.987850e+01	3.700776e+02
1.670000e-06	2.862226e-06	5.615813e-09	1.987478e+01	3.700827e+02
1.680000e-06	2.860721e-06	5.616154e-09	1.986433e+01	3.700480e+02
1.690000e-06	2.858372e-06	5.619458e-09	1.984802e+01	3.699565e+02
1.700000e-06	2.855284e-06	5.617413e-09	1.982658e+01	3.697857e+02
1.710000e-06	2.851395e-06	5.607896e-09	1.979957e+01	3.695157e+02
1.720000e-06	2.846429e-06	5.602934e-09	1.976509e+01	3.691358e+02
1.730000e-06	2.840358e-06	5.616571e-09	1.972293e+01	3.686495e+02
1.740000e-06	2.833353e-06	5.591765e-09	1.967429e+01	3.680751e+02
1.750000e-06	2.825321e-06	5.507897e-09	1.961852e+01	3.674415e+02
1.760000e-06	2.815847e-06	5.500807e-09	1.955273e+01	3.667808e+02
1.770000e-06	2.804886e-06	5.634906e-09	1.947662e+01	3.661194e+02
1.780000e-06	2.793281e-06	5.611801e-09	1.939604e+01	3.654708e+02
1.790000e-06	2.781500e-06	5.468123e-09	1.931423e+01	3.648328e+02
1.800000e-06	2.768639e-06	5.474236e-09	1.922493e+01	3.641886e+02
1.810000e-06	2.754153e-06	5.609693e-09	1.912434e+01	3.635130e+02
1.820000e-06	2.738760e-06	5.483655e-09	1.901745e+01	3.627799e+02
1.830000e-06	2.722674e-06	5.371217e-09	1.890575e+01	3.619699e+02
1.840000e-06	2.705292e-06	5.591105e-09	1.878506e+01	3.610735e+02
1.850000e-06	2.686765e-06	5.540477e-09	1.865641e+01	3.600920e+02
1.860000e-06	2.667630e-06	5.334100e-09	1.852354e+01	3.590332e+02
1.870000e-06	2.647567e-06	5.489554e-09	1.838423e+01	3.579064e+02
1.880000e-06	2.626323e-06	5.520891e-09	1.823671e+01	3.567178e+02
1.890000e-06	2.604078e-06	5.272960e-09	1.808225e+01	3.554677e+02
1.900000e-06	2.580797e-06	5.351054e-09	1.792059e+01	3.541518e+02
1.910000e-06	2.556591e-06	5.468243e-09	1.775251e+01	3.527647e+02
1.920000e-06	2.531711e-06	5.338856e-09	1.757974e+01	3.513033e+02
1.930000e-06	2.505999e-06	5.306832e-09	1.740120e+01	3.497701e+02
1.940000e-06	2.479378e-06	5.327294e-09	1.721636e+01	3.481725e+02
1.950000e-06	2.452092e-06	5.232841e-09	1.702688e+01	3.465203e+02
1.960000e-06	2.423850e-06	5.266646e-09	1.683078e+01	3.448212e+02
1.970000e-06	2.394402e-06	5.213259e-09	1.662629e+01	3.430770e+02
1.980000e-06	2.363980e-06	5.125518e-09	1.641505e+01	3.412823e+02
1.990000e-06	2.332759e-06	5.227246e-09	1.619826e+01	3.394263e+02
2.000000e-06	2.300874e-06	5.152714e-09	1.597685e+01	3.374984e+02
2.010000e-06	2.268233e-06	5.058806e-09	1.575020e+01	3.354931e+02
2.020000e-06	2.234682e-06	5.122216e-09	1.551723e+01	3.334140e+02
2.030000e-06	2.200394e-06	5.017563e-09	1.527914e+01	3.312741e+02
2.040000e-06	2.165572e-06	4.955409e-09	1.503734e+01	3.290917e+02
2.050000e-06	2.130168e-06	5.033402e-09	1.479150e+01	3.268831e+02
2.060000e-06	2.094026e-06	4.931487e-09	1.454054e+01	3.246557e+02
2.070000e-06	2.056844e-06	4.871101e-09	1.428235e+01	3.224030e+02
2.080000e-06	2.018582e-06	4.904384e-09	1.401667e+01	3.201060e+02
2.090000e-06	1.979599e-06	4.840228e-09	1.374598e+01	3.177381e+02
2.100000e-06	1.940040e-06	4.795910e-09	1.347128e+01	3.152747e+02
2.110000e-06	1.899826e-06	4.752932e-09	1.319205e+01	3.127018e+02
2.120000e-06	1.859007e-06	4.705081e-09	1.290861e+01	3.100218e+02
2.130000e-06	1.817620e-06	4.692719e-09	1.262123e+01	3.072526e+02
2.140000e-06	1.775643e-06	4.639194e-09	1.232975e+01	3.044211e+02
2.150000e-06	1.733036e-06	4.583584e-09	1.203389e+01	3.015530e+02
2.160000e-06	1.689915e-06	4.552177e-09	1.173447e+01	2.986625e+02
2.170000e-06	1.646370e-06	4.507838e-09	1.143209e+01	2.957465e+02
2.180000e-06	1.602260e-06	4.466470e-09	1.112581e+01	2.927856e+02
2.190000e-06	1.557522e-06	4.416041e-09	1.081515e+01	2.897510e+02
2.200000e-06	1.512178e-06	4.363555e-09	1.050029e+01	2.866158e+02
2.210000e-06	1.466343e-06	4.319783e-09	1.018202e+01	2.833654e+02
2.220000e-06	1.420068e-06	4.272393e-09	9.860699e+00	2.800031e+02
2.230000e-06	1.373333e-06	4.232089e-09	9.536179e+00	2.765487e+02
2.240000e-06	1.326114e-06	4.158713e-09	9.208298e+00	2.730299e+02
2.250000e-06	1.278267e-06	4.099708e-09	8.876058e+00	2.694706e+02
2.260000e-06	1.229790e-06	4.063392e-09	8.539439e+00	2.658796e+02
2.270000e-06	1.180837e-06	3.999205e-09	8.199515e+00	2.622455e+02
2.280000e-06	1.131487e-06	3.941755e-09	7.856844e+00	2.585395e+02
2.290000e-06	1.081779e-06	3.887489e-09	7.511679e+00	2.547257e+02
2.300000e-06	1.031668e-06	3.832990e-09	7.163717e+00	2.507741e+02
2.310000e-06	9.811345e-07	3.776656e-09	6.812821e+00	2.466729e+02
2.320000e-06	9.302513e-07	3.702995e-09	6.459497e+00	2.424339e+02
2.330000e-06	8.790874e-07	3.630924e-09	6.104224e+00	2.380885e+02
2.340000e-06	8.276677e-07	3.569275e-09	5.747175e+00	2.336764e+02
2.350000e-06	7.758586e-07	3.504695e-09	5.387422e+00	2.292309e+02
2.360000e-06	7.236457e-07	3.438713e-09	5.024865e+00	2.247646e+02
2.370000e-06	6.710771e-07	3.367529e-09	4.659838e+00	2.202646e+02
2.380000e-06	6.181246e-07	3.300096e-09	4.292146e+00	2.156951e+02
2.390000e-06	5.647908e-07	3.233208e-09	3.921805e+00	2.110095e+02
2.400000e-06	5.110976e-07	3.156298e-09	3.548969e+00	2.061672e+02
2.410000e-06	4.570954e-07	3.079102e-09	3.173988e+00	2.011468e+02
2.420000e-06	4.029104e-07	2.998813e-09	2.797737e+00	1.959534e+02
2.430000e-06	3.485468e-07	2.923415e-09	2.420246e+00	1.906151e+02
2.440000e-06	2.939678e-07	2.846130e-09	2.041259e+00	1.851715e+02
2.450000e-06	2.393002e-07	2.758168e-09	1.661658e+00	1.796568e+02
2.460000e-06	1.845018e-07	2.668840e-09	1.281147e+00	1.740863e+02
2.470000e-06	1.296157e-07	2.583375e-09	9.000280e-01	1.684484e+02
2.480000e-06	7.473951e-08	2.501885e-09	5.189776e-01	1.627084e+02
2.490000e-06	1.980148e-08	2.414004e-09	1.374979e-01	1.568197e+02
2.500000e-06	-3.517280e-08	2.319561e-09	-2.442336e-01	1.507396e+02
2.510000e-06	-9.011588e-08	2.226440e-09	-6.257484e-01	1.444434e+02
2.520000e-06	-1.450372e-07	2.131981e-09	-1.007112e+00	1.379312e+02
2.530000e-06	-1.999407e-07	2.028039e-09	-1.388352e+00	1.312248e+02
2.540000e-06	-2.547448e-07	1.919147e-09	-1.768902e+00	1.243559e+02
2.550000e-06	-3.093962e-07	1.812459e-09	-2.148391e+00	1.173506e+02
2.560000e-06	-3.639084e-07	1.707557e-09	-2.526914e+00	1.102150e+02
2.570000e-06	-4.182695e-07	1.598472e-09	-2.904388e+00	1.029292e+02
2.580000e-06	-4.724160e-07	1.483374e-09	-3.280371e+00	9.544988e+01
2.590000e-06	-5.262269e-07	1.368466e-09	-3.654024e+00	8.772140e+01
2.600000e-06	-5.796667e-07	1.248636e-09	-4.025101e+00	7.969162e+01
2.610000e-06	-6.327644e-07	1.121093e-09	-4.393801e+00	7.132515e+01
2.620000e-06	-6.855397e-07	9.861751e-10	-4.760264e+00	6.261001e+01
2.630000e-06	-7.378984e-07	8.473522e-10	-5.123833e+00	5.355496e+01
2.640000e-06	-7.898575e-07	7.066402e-10	-5.484628e+00	4.417870e+01
2.650000e-06	-8.415316e-07	5.618991e-10	-5.843443e+00	3.449509e+01
2.660000e-06	-8.928913e-07	4.109702e-10	-6.200076e+00	2.450028e+01
2.670000e-06	-9.439746e-07	2.544480e-10	-6.554789e+00	1.416646e+01
2.680000e-06	-9.947371e-07	9.482135e-11	-6.907275e+00	3.444921e+00
2.690000e-06	-1.045116e-06	-7.267241e-11	-7.257096e+00	-7.722491e+00
2.700000e-06	-1.095087e-06	-2.516079e-10	-7.604088e+00	-1.938725e+01
2.710000e-06	-1.144602e-06	-4.421768e-10	-7.947911e+00	-3.157852e+01
2.720000e-06	-1.193660e-06	-6.378489e-10	-8.288560e+00	-4.429264e+01
2.730000e-06	-1.242139e-06	-8.363472e-10	-8.625187e+00	-5.749043e+01
2.740000e-06	-1.289951e-06	-1.041530e-09	-8.957189e+00	-7.110196e+01
2.750000e-06	-1.337097e-06	-1.255567e-09	-9.284559e+00	-8.503615e+01
2.760000e-06	-1.383590e-06	-1.472094e-09	-9.607395e+00	-9.919124e+01
2.770000e-06	-1.429573e-06	-1.686970e-09	-9.926696e+00	-1.134626e+02
2.780000e-06	-1.475188e-06	-1.905325e-09	-1.024344e+01	-1.277462e+02
2.790000e-06	-1.520419e-06	-2.127109e-09	-1.055752e+01	-1.419378e+02
2.800000e-06	-1.565173e-06	-2.346480e-09	-1.086828e+01	-1.559308e+02
2.810000e-06	-1.609370e-06	-2.556410e-09	-1.117517e+01	-1.696150e+02
2.820000e-06	-1.653047e-06	-2.758141e-09	-1.147846e+01	-1.828790e+02
2.830000e-06	-1.696363e-06	-2.953454e-09	-1.177924e+01	-1.956165e+02
2.840000e-06	-1.739279e-06	-3.139359e-09	-1.207724e+01	-2.077361e+02
2.850000e-06	-1.781599e-06	-3.311993e-09	-1.237110e+01	-2.191705e+02
2.860000e-06	-1.823330e-06	-3.472852e-09	-1.266088e+01	-2.298831e+02
2.870000e-06	-1.864473e-06	-3.626845e-09	-1.294656e+01	-2.398690e+02
2.880000e-06	-1.904936e-06	-3.773745e-09	-1.322753e+01	-2.491503e+02
2.890000e-06	-1.944792e-06	-3.910970e-09	-1.350429e+01	-2.577677e+02
2.900000e-06	-1.984139e-06	-4.036856e-09	-1.377750e+01	-2.657697e+02
2.910000e-06	-2.022844e-06	-4.153251e-09	-1.404627e+01	-2.732038e+02
2.920000e-06	-2.060636e-06	-4.259865e-09	-1.430868e+01	-2.801114e+02
2.930000e-06	-2.097451e-06	-4.356620e-09	-1.456432e+01	-2.865273e+02
2.940000e-06	-2.133439e-06	-4.446130e-09	-1.481422e+01	-2.924827e+02
2.950000e-06	-2.168773e-06	-4.531074e-09	-1.505956e+01	-2.980092e+02
2.960000e-06	-2.203448e-06	-4.613335e-09	-1.530034e+01	-3.031425e+02
2.970000e-06	-2.237353e-06	-4.691494e-09	-1.553577e+01	-3.079226e+02
2.980000e-06	-2.270463e-06	-4.763223e-09	-1.576568e+01	-3.123919e+02
2.990000e-06	-2.302760e-06	-4.829606e-09	-1.598995e+01	-3.165898e+02
3.000000e-06	-2.334345e-06	-4.892469e-09	-1.620927e+01	-3.205484e+02
3.010000e-06	-2.365201e-06	-4.951440e-09	-1.642353e+01	-3.242885e+02
3.020000e-06	-2.395096e-06	-5.005797e-09	-1.663111e+01	-3.278200e+02
3.030000e-06	-2.423865e-06	-5.058051e-09	-1.683088e+01	-3.311437e+02
3.040000e-06	-2.451666e-06	-5.109783e-09	-1.702393e+01	-3.342571e+02
3.050000e-06	-2.478737e-06	-5.158870e-09	-1.721190e+01	-3.371595e+02
3.060000e-06	-2.505012e-06	-5.202644e-09	-1.739435e+01	-3.398562e+02
3.070000e-06	-2.530366e-06	-5.242794e-09	-1.757040e+01	-3.423602e+02
3.080000e-06	-2.554777e-06	-5.280660e-09	-1.773991e+01	-3.446912e+02
3.090000e-06	-2.578445e-06	-5.315328e-09	-1.790426e+01	-3.468715e+02
3.100000e-06	-2.601417e-06	-5.347250e-09	-1.806377e+01	-3.489221e+02
3.110000e-06	-2.623275e-06	-5.378480e-09	-1.821555e+01	-3.508586e+02
3.120000e-06	-2.643865e-06	-5.409125e-09	-1.835852e+01	-3.526892e+02
3.130000e-06	-2.663492e-06	-5.438695e-09	-1.849480e+01	-3.544146e+02
3.140000e-06	-2.682318e-06	-5.465162e-09	-1.862553e+01	-3.560306e+02
3.150000e-06	-2.700314e-06	-5.487646e-09	-1.875049e+01	-3.575315e+02
3.160000e-06	-2.717383e-06	-5.508692e-09	-1.886902e+01	-3.589137e+02
3.170000e-06	-2.733531e-06	-5.528376e-09	-1.898115e+01	-3.601783e+02
3.180000e-06	-2.748858e-06	-5.547562e-09	-1.908758e+01	-3.613321e+02
3.190000e-06	-2.763213e-06	-5.565458e-09	-1.918725e+01	-3.623864e+02
3.200000e-06	-2.776267e-06	-5.582517e-09	-1.927790e+01	-3.633543e+02
3.210000e-06	-2.788018e-06	-5.598112e-09	-1.935949e+01	-3.642472e+02
3.220000e-06	-2.798699e-06	-5.612048e-09	-1.943366e+01	-3.650716e+02
3.230000e-06	-2.808426e-06	-5.623321e-09	-1.950120e+01	-3.658279e+02
3.240000e-06	-2.817227e-06	-5.630319e-09	-1.956231e+01	-3.665098e+02
3.250000e-06	-2.825155e-06	-5.635186e-09	-1.961736e+01	-3.671074e+02
3.260000e-06	-2.832227e-06	-5.641250e-09	-1.966647e+01	-3.676104e+02
3.270000e-06	-2.838224e-06	-5.648602e-09	-1.970811e+01	-3.680127e+02
3.280000e-06	-2.842942e-06	-5.654720e-09	-1.974088e+01	-3.683157e+02
3.290000e-06	-2.846614e-06	-5.658306e-09	-1.976637e+01	-3.685288e+02
3.300000e-06	-2.849365e-06	-5.660756e-09	-1.978547e+01	-3.686684e+02
3.310000e-06	-2.851174e-06	-5.663267e-09	-1.979804e+01	-3.687531e+02
3.320000e-06	-2.852053e-06	-5.663340e-09	-1.980414e+01	-3.687981e+02
