# Temperatura_=_21.37
# Concentracion g/m^3_=_13400.0
# C_Vs_to_Am_M_A/Vsm_=_65563218390.804596
# pendiente_HvsI_1/m_=_3716.3
# ordenada_HvsI_A/m_=_1297.0
# frecuencia_Hz_=_300834.41927629744

Tiempo_(s)	Campo_(V.s)	Magnetizacion_(V.s)	Campo_(kA/m)	Magnetizacion_(A/m)
0.000000e+00	-2.849495e-06	-6.224438e-09	-1.979884e+01	-4.058264e+02
1.000000e-08	-2.848458e-06	-6.223974e-09	-1.979163e+01	-4.056666e+02
2.000000e-08	-2.846387e-06	-6.221890e-09	-1.977724e+01	-4.054397e+02
3.000000e-08	-2.843042e-06	-6.217899e-09	-1.975399e+01	-4.051562e+02
4.000000e-08	-2.838683e-06	-6.212008e-09	-1.972371e+01	-4.048178e+02
5.000000e-08	-2.833491e-06	-6.202485e-09	-1.968763e+01	-4.044169e+02
6.000000e-08	-2.827415e-06	-6.182122e-09	-1.964541e+01	-4.039393e+02
7.000000e-08	-2.820400e-06	-6.168332e-09	-1.959668e+01	-4.033713e+02
8.000000e-08	-2.812367e-06	-6.211047e-09	-1.954086e+01	-4.027068e+02
9.000000e-08	-2.803077e-06	-6.262908e-09	-1.947631e+01	-4.019527e+02
1.000000e-07	-2.792321e-06	-6.172213e-09	-1.940158e+01	-4.011302e+02
1.100000e-07	-2.780503e-06	-6.020184e-09	-1.931947e+01	-4.002698e+02
1.200000e-07	-2.767972e-06	-6.080374e-09	-1.923240e+01	-3.994031e+02
1.300000e-07	-2.754498e-06	-6.226611e-09	-1.913878e+01	-3.985527e+02
1.400000e-07	-2.739994e-06	-6.096748e-09	-1.903800e+01	-3.977241e+02
1.500000e-07	-2.724522e-06	-5.965296e-09	-1.893050e+01	-3.969024e+02
1.600000e-07	-2.707719e-06	-6.136848e-09	-1.881375e+01	-3.960556e+02
1.700000e-07	-2.689653e-06	-6.105726e-09	-1.868822e+01	-3.951424e+02
1.800000e-07	-2.670899e-06	-5.903496e-09	-1.855792e+01	-3.941237e+02
1.900000e-07	-2.651466e-06	-5.996054e-09	-1.842289e+01	-3.929724e+02
2.000000e-07	-2.631119e-06	-6.036657e-09	-1.828151e+01	-3.916801e+02
2.100000e-07	-2.609897e-06	-5.858850e-09	-1.813406e+01	-3.902572e+02
2.200000e-07	-2.587870e-06	-5.910118e-09	-1.798102e+01	-3.887281e+02
2.300000e-07	-2.564903e-06	-6.020502e-09	-1.782143e+01	-3.871222e+02
2.400000e-07	-2.541024e-06	-5.866543e-09	-1.765552e+01	-3.854643e+02
2.500000e-07	-2.516404e-06	-5.787811e-09	-1.748446e+01	-3.837679e+02
2.600000e-07	-2.490943e-06	-5.842860e-09	-1.730755e+01	-3.820321e+02
2.700000e-07	-2.464413e-06	-5.803505e-09	-1.712321e+01	-3.802446e+02
2.800000e-07	-2.436779e-06	-5.759607e-09	-1.693120e+01	-3.783875e+02
2.900000e-07	-2.408141e-06	-5.733629e-09	-1.673222e+01	-3.764444e+02
3.000000e-07	-2.378646e-06	-5.694329e-09	-1.652728e+01	-3.744068e+02
3.100000e-07	-2.348468e-06	-5.723908e-09	-1.631760e+01	-3.722764e+02
3.200000e-07	-2.317573e-06	-5.653342e-09	-1.610294e+01	-3.700642e+02
3.300000e-07	-2.285885e-06	-5.547282e-09	-1.588277e+01	-3.677857e+02
3.400000e-07	-2.253532e-06	-5.579721e-09	-1.565797e+01	-3.654559e+02
3.500000e-07	-2.220605e-06	-5.541196e-09	-1.542919e+01	-3.630833e+02
3.600000e-07	-2.186910e-06	-5.468296e-09	-1.519507e+01	-3.606681e+02
3.700000e-07	-2.152052e-06	-5.496397e-09	-1.495287e+01	-3.582024e+02
3.800000e-07	-2.116087e-06	-5.429060e-09	-1.470298e+01	-3.556733e+02
3.900000e-07	-2.079472e-06	-5.328350e-09	-1.444857e+01	-3.530677e+02
4.000000e-07	-2.042288e-06	-5.361231e-09	-1.419021e+01	-3.503765e+02
4.100000e-07	-2.004385e-06	-5.323761e-09	-1.392685e+01	-3.475972e+02
4.200000e-07	-1.965717e-06	-5.214953e-09	-1.365818e+01	-3.447339e+02
4.300000e-07	-1.926301e-06	-5.194191e-09	-1.338431e+01	-3.417953e+02
4.400000e-07	-1.886256e-06	-5.181955e-09	-1.310607e+01	-3.387905e+02
4.500000e-07	-1.845784e-06	-5.123357e-09	-1.282486e+01	-3.357260e+02
4.600000e-07	-1.804932e-06	-5.065394e-09	-1.254101e+01	-3.326027e+02
4.700000e-07	-1.763353e-06	-5.008165e-09	-1.225211e+01	-3.294157e+02
4.800000e-07	-1.720714e-06	-4.960647e-09	-1.195585e+01	-3.261559e+02
4.900000e-07	-1.677165e-06	-4.926422e-09	-1.165326e+01	-3.228128e+02
5.000000e-07	-1.632981e-06	-4.867606e-09	-1.134627e+01	-3.193783e+02
5.100000e-07	-1.588338e-06	-4.804188e-09	-1.103607e+01	-3.158488e+02
5.200000e-07	-1.543309e-06	-4.755593e-09	-1.072321e+01	-3.122265e+02
5.300000e-07	-1.497731e-06	-4.703149e-09	-1.040652e+01	-3.085179e+02
5.400000e-07	-1.451536e-06	-4.645297e-09	-1.008555e+01	-3.047314e+02
5.500000e-07	-1.404821e-06	-4.580680e-09	-9.760964e+00	-3.008735e+02
5.600000e-07	-1.357614e-06	-4.506259e-09	-9.432964e+00	-2.969462e+02
5.700000e-07	-1.309917e-06	-4.451743e-09	-9.101555e+00	-2.929450e+02
5.800000e-07	-1.261780e-06	-4.411340e-09	-8.767090e+00	-2.888597e+02
5.900000e-07	-1.213282e-06	-4.339331e-09	-8.430116e+00	-2.846772e+02
6.000000e-07	-1.164419e-06	-4.258165e-09	-8.090608e+00	-2.803850e+02
6.100000e-07	-1.115106e-06	-4.194835e-09	-7.747969e+00	-2.759755e+02
6.200000e-07	-1.065225e-06	-4.131195e-09	-7.401385e+00	-2.714484e+02
6.300000e-07	-1.014706e-06	-4.055224e-09	-7.050372e+00	-2.668111e+02
6.400000e-07	-9.636387e-07	-3.976340e-09	-6.695546e+00	-2.620768e+02
6.500000e-07	-9.120873e-07	-3.904854e-09	-6.337356e+00	-2.572605e+02
6.600000e-07	-8.600966e-07	-3.839858e-09	-5.976115e+00	-2.523739e+02
6.700000e-07	-8.078244e-07	-3.768608e-09	-5.612918e+00	-2.474220e+02
6.800000e-07	-7.552847e-07	-3.684397e-09	-5.247862e+00	-2.424008e+02
6.900000e-07	-7.024788e-07	-3.600376e-09	-4.880957e+00	-2.372985e+02
7.000000e-07	-6.494779e-07	-3.522133e-09	-4.512696e+00	-2.320989e+02
7.100000e-07	-5.962402e-07	-3.443226e-09	-4.142790e+00	-2.267860e+02
7.200000e-07	-5.427496e-07	-3.356740e-09	-3.771128e+00	-2.213486e+02
7.300000e-07	-4.890522e-07	-3.267326e-09	-3.398028e+00	-2.157831e+02
7.400000e-07	-4.351743e-07	-3.182211e-09	-3.023674e+00	-2.100933e+02
7.500000e-07	-3.811037e-07	-3.099172e-09	-2.647981e+00	-2.042878e+02
7.600000e-07	-3.268631e-07	-3.008951e-09	-2.271107e+00	-1.983754e+02
7.700000e-07	-2.725348e-07	-2.908306e-09	-1.893624e+00	-1.923607e+02
7.800000e-07	-2.181314e-07	-2.809458e-09	-1.515618e+00	-1.862415e+02
7.900000e-07	-1.636818e-07	-2.719809e-09	-1.137292e+00	-1.800080e+02
8.000000e-07	-1.092054e-07	-2.628316e-09	-7.587797e-01	-1.736459e+02
8.100000e-07	-5.471407e-08	-2.525032e-09	-3.801638e-01	-1.671402e+02
8.200000e-07	-2.366425e-10	-2.418575e-09	-1.644237e-03	-1.604795e+02
8.300000e-07	5.423133e-08	-2.314708e-09	3.768096e-01	-1.536582e+02
8.400000e-07	1.086833e-07	-2.208830e-09	7.551521e-01	-1.466765e+02
8.500000e-07	1.630969e-07	-2.096746e-09	1.133229e+00	-1.395372e+02
8.600000e-07	2.174795e-07	-1.981041e-09	1.511089e+00	-1.322410e+02
8.700000e-07	2.718109e-07	-1.866158e-09	1.888594e+00	-1.247823e+02
8.800000e-07	3.260733e-07	-1.750389e-09	2.265619e+00	-1.171468e+02
8.900000e-07	3.802030e-07	-1.629510e-09	2.641723e+00	-1.093126e+02
9.000000e-07	4.341915e-07	-1.501244e-09	3.016846e+00	-1.012534e+02
9.100000e-07	4.880393e-07	-1.371320e-09	3.390990e+00	-9.294426e+01
9.200000e-07	5.416762e-07	-1.242242e-09	3.763670e+00	-8.436675e+01
9.300000e-07	5.951086e-07	-1.109272e-09	4.134928e+00	-7.551126e+01
9.400000e-07	6.483068e-07	-9.686988e-10	4.504559e+00	-6.637636e+01
9.500000e-07	7.012749e-07	-8.218932e-10	4.872592e+00	-5.696462e+01
9.600000e-07	7.540057e-07	-6.728292e-10	5.238975e+00	-4.727660e+01
9.700000e-07	8.064649e-07	-5.200980e-10	5.603472e+00	-3.730503e+01
9.800000e-07	8.586404e-07	-3.614635e-10	5.965997e+00	-2.703153e+01
9.900000e-07	9.104281e-07	-1.969423e-10	6.325828e+00	-1.642698e+01
1.000000e-06	9.617865e-07	-2.772464e-11	6.682676e+00	-5.455676e+00
1.010000e-06	1.012618e-06	1.459927e-10	7.035863e+00	5.918144e+00
1.020000e-06	1.062775e-06	3.246948e-10	7.384364e+00	1.772327e+01
1.030000e-06	1.112304e-06	5.104579e-10	7.728501e+00	2.997610e+01
1.040000e-06	1.161316e-06	7.053179e-10	8.069048e+00	4.267792e+01
1.050000e-06	1.209966e-06	9.078955e-10	8.407077e+00	5.581486e+01
1.060000e-06	1.258341e-06	1.116128e-09	8.743195e+00	6.935956e+01
1.070000e-06	1.306414e-06	1.329062e-09	9.077215e+00	8.327279e+01
1.080000e-06	1.354056e-06	1.545003e-09	9.408236e+00	9.750384e+01
1.090000e-06	1.401159e-06	1.762417e-09	9.735522e+00	1.119892e+02
1.100000e-06	1.447750e-06	1.982502e-09	1.005924e+01	1.266505e+02
1.110000e-06	1.493787e-06	2.204632e-09	1.037912e+01	1.413927e+02
1.120000e-06	1.539259e-06	2.426406e-09	1.069506e+01	1.561055e+02
1.130000e-06	1.584255e-06	2.645346e-09	1.100771e+01	1.706679e+02
1.140000e-06	1.628920e-06	2.861827e-09	1.131805e+01	1.849566e+02
1.150000e-06	1.673282e-06	3.075162e-09	1.162628e+01	1.988561e+02
1.160000e-06	1.717094e-06	3.277956e-09	1.193069e+01	2.122687e+02
1.170000e-06	1.759995e-06	3.467969e-09	1.222878e+01	2.251208e+02
1.180000e-06	1.801866e-06	3.649776e-09	1.251971e+01	2.373650e+02
1.190000e-06	1.842938e-06	3.827206e-09	1.280509e+01	2.489764e+02
1.200000e-06	1.883514e-06	3.996312e-09	1.308701e+01	2.599466e+02
1.210000e-06	1.923639e-06	4.150945e-09	1.336581e+01	2.702758e+02
1.220000e-06	1.963164e-06	4.293595e-09	1.364044e+01	2.799672e+02
1.230000e-06	2.001981e-06	4.431679e-09	1.391015e+01	2.890257e+02
1.240000e-06	2.040025e-06	4.561976e-09	1.417448e+01	2.974601e+02
1.250000e-06	2.077381e-06	4.677551e-09	1.443404e+01	3.052873e+02
1.260000e-06	2.114160e-06	4.782043e-09	1.468959e+01	3.125378e+02
1.270000e-06	2.150389e-06	4.880830e-09	1.494131e+01	3.192569e+02
1.280000e-06	2.185834e-06	4.975489e-09	1.518759e+01	3.255027e+02
1.290000e-06	2.220196e-06	5.063945e-09	1.542634e+01	3.313392e+02
1.300000e-06	2.253546e-06	5.144913e-09	1.565807e+01	3.368268e+02
1.310000e-06	2.286126e-06	5.222067e-09	1.588444e+01	3.420142e+02
1.320000e-06	2.318066e-06	5.296932e-09	1.610636e+01	3.469320e+02
1.330000e-06	2.349277e-06	5.368389e-09	1.632323e+01	3.515932e+02
1.340000e-06	2.379662e-06	5.434289e-09	1.653435e+01	3.559970e+02
1.350000e-06	2.409218e-06	5.491405e-09	1.673970e+01	3.601373e+02
1.360000e-06	2.438058e-06	5.544171e-09	1.694009e+01	3.640106e+02
1.370000e-06	2.466270e-06	5.598497e-09	1.713611e+01	3.676221e+02
1.380000e-06	2.493553e-06	5.652744e-09	1.732568e+01	3.709872e+02
1.390000e-06	2.519613e-06	5.700692e-09	1.750675e+01	3.741286e+02
1.400000e-06	2.544578e-06	5.740297e-09	1.768021e+01	3.770706e+02
1.410000e-06	2.568629e-06	5.777373e-09	1.784732e+01	3.798333e+02
1.420000e-06	2.591817e-06	5.817067e-09	1.800844e+01	3.824287e+02
1.430000e-06	2.614190e-06	5.854843e-09	1.816389e+01	3.848604e+02
1.440000e-06	2.635733e-06	5.884304e-09	1.831358e+01	3.871272e+02
1.450000e-06	2.656496e-06	5.910363e-09	1.845784e+01	3.892281e+02
1.460000e-06	2.676524e-06	5.939057e-09	1.859700e+01	3.911673e+02
1.470000e-06	2.695621e-06	5.969556e-09	1.872969e+01	3.929562e+02
1.480000e-06	2.713698e-06	5.995532e-09	1.885529e+01	3.946124e+02
1.490000e-06	2.730810e-06	6.015281e-09	1.897419e+01	3.961551e+02
1.500000e-06	2.746816e-06	6.036271e-09	1.908540e+01	3.975999e+02
1.510000e-06	2.761743e-06	6.059301e-09	1.918911e+01	3.989543e+02
1.520000e-06	2.775696e-06	6.078553e-09	1.928606e+01	4.002163e+02
1.530000e-06	2.788633e-06	6.091540e-09	1.937595e+01	4.013770e+02
1.540000e-06	2.800414e-06	6.104180e-09	1.945781e+01	4.024251e+02
1.550000e-06	2.810884e-06	6.119362e-09	1.953056e+01	4.033530e+02
1.560000e-06	2.820160e-06	6.134406e-09	1.959501e+01	4.041612e+02
1.570000e-06	2.828502e-06	6.147371e-09	1.965297e+01	4.048584e+02
1.580000e-06	2.835976e-06	6.158604e-09	1.970490e+01	4.054596e+02
1.590000e-06	2.842526e-06	6.170132e-09	1.975041e+01	4.059803e+02
1.600000e-06	2.848092e-06	6.179176e-09	1.978908e+01	4.064312e+02
1.610000e-06	2.852773e-06	6.182857e-09	1.982161e+01	4.068147e+02
1.620000e-06	2.856601e-06	6.184260e-09	1.984821e+01	4.071249e+02
1.630000e-06	2.859206e-06	6.187635e-09	1.986631e+01	4.073509e+02
1.640000e-06	2.860556e-06	6.192337e-09	1.987569e+01	4.074824e+02
1.650000e-06	2.860961e-06	6.195656e-09	1.987850e+01	4.075148e+02
1.660000e-06	2.860517e-06	6.196117e-09	1.987541e+01	4.074518e+02
1.670000e-06	2.859169e-06	6.194472e-09	1.986605e+01	4.073050e+02
1.680000e-06	2.856875e-06	6.192679e-09	1.985011e+01	4.070887e+02
1.690000e-06	2.853816e-06	6.188051e-09	1.982885e+01	4.068145e+02
1.700000e-06	2.850036e-06	6.178835e-09	1.980260e+01	4.064858e+02
1.710000e-06	2.845138e-06	6.172882e-09	1.976856e+01	4.060966e+02
1.720000e-06	2.839025e-06	6.187356e-09	1.972608e+01	4.056334e+02
1.730000e-06	2.832000e-06	6.179314e-09	1.967727e+01	4.050819e+02
1.740000e-06	2.824083e-06	6.090379e-09	1.962227e+01	4.044340e+02
1.750000e-06	2.814796e-06	6.033754e-09	1.955774e+01	4.036944e+02
1.760000e-06	2.803920e-06	6.155755e-09	1.948217e+01	4.028816e+02
1.770000e-06	2.792244e-06	6.243119e-09	1.940105e+01	4.020252e+02
1.780000e-06	2.780417e-06	6.074913e-09	1.931887e+01	4.011571e+02
1.790000e-06	2.767690e-06	5.977079e-09	1.923043e+01	4.003024e+02
1.800000e-06	2.753267e-06	6.136693e-09	1.913022e+01	3.994700e+02
1.810000e-06	2.737818e-06	6.117535e-09	1.902288e+01	3.986485e+02
1.820000e-06	2.721821e-06	5.911812e-09	1.891173e+01	3.978087e+02
1.830000e-06	2.704621e-06	6.027285e-09	1.879222e+01	3.969101e+02
1.840000e-06	2.686139e-06	6.164012e-09	1.866381e+01	3.959122e+02
1.850000e-06	2.667014e-06	5.929724e-09	1.853092e+01	3.947854e+02
1.860000e-06	2.647088e-06	5.921772e-09	1.839247e+01	3.935176e+02
1.870000e-06	2.625885e-06	6.103127e-09	1.824515e+01	3.921161e+02
1.880000e-06	2.603606e-06	5.888536e-09	1.809035e+01	3.906034e+02
1.890000e-06	2.580371e-06	5.788877e-09	1.792891e+01	3.890087e+02
1.900000e-06	2.556197e-06	5.978419e-09	1.776094e+01	3.873583e+02
1.910000e-06	2.531357e-06	5.908748e-09	1.758835e+01	3.856680e+02
1.920000e-06	2.505712e-06	5.798430e-09	1.741016e+01	3.839394e+02
1.930000e-06	2.479114e-06	5.834020e-09	1.722536e+01	3.821621e+02
1.940000e-06	2.451860e-06	5.769842e-09	1.703599e+01	3.803183e+02
1.950000e-06	2.423768e-06	5.757044e-09	1.684080e+01	3.783911e+02
1.960000e-06	2.394422e-06	5.743552e-09	1.663690e+01	3.763701e+02
1.970000e-06	2.364044e-06	5.614559e-09	1.642583e+01	3.742553e+02
1.980000e-06	2.332906e-06	5.675614e-09	1.620948e+01	3.720561e+02
1.990000e-06	2.301013e-06	5.694267e-09	1.598788e+01	3.697879e+02
2.000000e-06	2.268412e-06	5.530127e-09	1.576136e+01	3.674659e+02
2.010000e-06	2.235035e-06	5.563946e-09	1.552945e+01	3.651003e+02
2.020000e-06	2.200858e-06	5.547982e-09	1.529198e+01	3.626927e+02
2.030000e-06	2.166073e-06	5.402543e-09	1.505029e+01	3.602365e+02
2.040000e-06	2.130647e-06	5.464097e-09	1.480414e+01	3.577193e+02
2.050000e-06	2.094492e-06	5.447448e-09	1.455293e+01	3.551277e+02
2.060000e-06	2.057432e-06	5.311946e-09	1.429543e+01	3.524518e+02
2.070000e-06	2.019257e-06	5.328630e-09	1.403018e+01	3.496877e+02
2.080000e-06	1.980249e-06	5.305106e-09	1.375915e+01	3.468384e+02
2.090000e-06	1.940679e-06	5.217529e-09	1.348421e+01	3.439121e+02
2.100000e-06	1.900483e-06	5.176568e-09	1.320491e+01	3.409181e+02
2.110000e-06	1.859640e-06	5.123211e-09	1.292113e+01	3.378636e+02
2.120000e-06	1.818244e-06	5.098322e-09	1.263351e+01	3.347506e+02
2.130000e-06	1.776326e-06	5.059297e-09	1.234225e+01	3.315751e+02
2.140000e-06	1.733813e-06	4.984816e-09	1.204687e+01	3.283287e+02
2.150000e-06	1.690774e-06	4.944057e-09	1.174782e+01	3.250008e+02
2.160000e-06	1.647273e-06	4.896321e-09	1.144556e+01	3.215826e+02
2.170000e-06	1.603228e-06	4.838191e-09	1.113954e+01	3.180696e+02
2.180000e-06	1.558610e-06	4.783611e-09	1.082952e+01	3.144631e+02
2.190000e-06	1.513356e-06	4.727508e-09	1.051509e+01	3.107688e+02
2.200000e-06	1.467568e-06	4.672909e-09	1.019694e+01	3.069952e+02
2.210000e-06	1.421415e-06	4.615680e-09	9.876263e+00	3.031494e+02
2.220000e-06	1.374831e-06	4.564276e-09	9.552589e+00	2.992342e+02
2.230000e-06	1.327727e-06	4.494921e-09	9.225301e+00	2.952464e+02
2.240000e-06	1.280035e-06	4.420672e-09	8.893926e+00	2.911766e+02
2.250000e-06	1.231735e-06	4.378079e-09	8.558331e+00	2.870120e+02
2.260000e-06	1.182919e-06	4.313569e-09	8.219147e+00	2.827397e+02
2.270000e-06	1.133665e-06	4.232163e-09	7.876919e+00	2.783511e+02
2.280000e-06	1.084005e-06	4.169111e-09	7.531871e+00	2.738442e+02
2.290000e-06	1.033928e-06	4.102818e-09	7.183931e+00	2.692253e+02
2.300000e-06	9.834094e-07	4.037303e-09	6.832916e+00	2.645068e+02
2.310000e-06	9.325162e-07	3.960224e-09	6.479300e+00	2.597037e+02
2.320000e-06	8.813866e-07	3.878640e-09	6.124042e+00	2.548286e+02
2.330000e-06	8.300329e-07	3.808426e-09	5.767226e+00	2.498880e+02
2.340000e-06	7.783522e-07	3.731800e-09	5.408139e+00	2.448794e+02
2.350000e-06	7.262433e-07	3.653070e-09	5.046077e+00	2.397924e+02
2.360000e-06	6.736815e-07	3.574614e-09	4.680868e+00	2.346110e+02
2.370000e-06	6.207141e-07	3.495047e-09	4.312840e+00	2.293189e+02
2.380000e-06	5.673739e-07	3.417111e-09	3.942222e+00	2.239038e+02
2.390000e-06	5.137065e-07	3.333206e-09	3.569331e+00	2.183606e+02
2.400000e-06	4.597081e-07	3.246684e-09	3.194140e+00	2.126921e+02
2.410000e-06	4.054397e-07	3.157635e-09	2.817072e+00	2.069061e+02
2.420000e-06	3.509903e-07	3.066470e-09	2.438747e+00	2.010119e+02
2.430000e-06	2.963741e-07	2.978172e-09	2.059264e+00	1.950150e+02
2.440000e-06	2.416001e-07	2.884509e-09	1.678684e+00	1.889145e+02
2.450000e-06	1.867066e-07	2.787587e-09	1.297273e+00	1.827020e+02
2.460000e-06	1.318060e-07	2.693267e-09	9.158133e-01	1.763635e+02
2.470000e-06	7.692258e-08	2.598797e-09	5.344727e-01	1.698841e+02
2.480000e-06	2.201858e-08	2.501025e-09	1.529893e-01	1.632512e+02
2.490000e-06	-3.291817e-08	2.396989e-09	-2.287217e-01	1.564583e+02
2.500000e-06	-8.787192e-08	2.293044e-09	-6.105509e-01	1.495047e+02
2.510000e-06	-1.427414e-07	2.188494e-09	-9.917942e-01	1.423929e+02
2.520000e-06	-1.975676e-07	2.076897e-09	-1.372737e+00	1.351245e+02
2.530000e-06	-2.523999e-07	1.960708e-09	-1.753723e+00	1.276952e+02
2.540000e-06	-3.071302e-07	1.845423e-09	-2.133999e+00	1.200923e+02
2.550000e-06	-3.616824e-07	1.731995e-09	-2.513039e+00	1.122950e+02
2.560000e-06	-4.160009e-07	1.614116e-09	-2.890454e+00	1.042774e+02
2.570000e-06	-4.701084e-07	1.486431e-09	-3.266403e+00	9.601412e+01
2.580000e-06	-5.239807e-07	1.354332e-09	-3.640718e+00	8.748510e+01
2.590000e-06	-5.774835e-07	1.222662e-09	-4.012465e+00	7.867913e+01
2.600000e-06	-6.305797e-07	1.086986e-09	-4.381388e+00	6.959355e+01
2.610000e-06	-6.832520e-07	9.437922e-10	-4.747365e+00	6.023065e+01
2.620000e-06	-7.355529e-07	7.949795e-10	-5.110761e+00	5.059179e+01
2.630000e-06	-7.875089e-07	6.449487e-10	-5.471762e+00	4.067145e+01
2.640000e-06	-8.391322e-07	4.932330e-10	-5.830450e+00	3.045330e+01
2.650000e-06	-8.905175e-07	3.345215e-10	-6.187486e+00	1.990996e+01
2.660000e-06	-9.415892e-07	1.678051e-10	-6.542341e+00	9.006440e+00
2.670000e-06	-9.923232e-07	-3.530704e-12	-6.894850e+00	-2.293524e+00
2.680000e-06	-1.042708e-06	-1.791649e-10	-7.244936e+00	-1.402044e+01
2.690000e-06	-1.092633e-06	-3.634828e-10	-7.591824e+00	-2.619320e+01
2.700000e-06	-1.142104e-06	-5.565705e-10	-7.935557e+00	-3.881586e+01
2.710000e-06	-1.191166e-06	-7.559370e-10	-8.276446e+00	-5.187716e+01
2.720000e-06	-1.239716e-06	-9.617763e-10	-8.613781e+00	-6.535201e+01
2.730000e-06	-1.287576e-06	-1.173990e-09	-8.946325e+00	-7.920323e+01
2.740000e-06	-1.334606e-06	-1.391194e-09	-9.273100e+00	-9.338221e+01
2.750000e-06	-1.380957e-06	-1.612149e-09	-9.595150e+00	-1.078279e+02
2.760000e-06	-1.426896e-06	-1.834645e-09	-9.914346e+00	-1.224647e+02
2.770000e-06	-1.472505e-06	-2.058780e-09	-1.023124e+01	-1.372005e+02
2.780000e-06	-1.517784e-06	-2.286085e-09	-1.054585e+01	-1.519277e+02
2.790000e-06	-1.562607e-06	-2.513438e-09	-1.085729e+01	-1.665264e+02
2.800000e-06	-1.606840e-06	-2.734558e-09	-1.116463e+01	-1.808732e+02
2.810000e-06	-1.650530e-06	-2.947928e-09	-1.146820e+01	-1.948505e+02
2.820000e-06	-1.693831e-06	-3.157662e-09	-1.176906e+01	-2.083566e+02
2.830000e-06	-1.736743e-06	-3.360224e-09	-1.206722e+01	-2.213134e+02
2.840000e-06	-1.779111e-06	-3.549384e-09	-1.236160e+01	-2.336689e+02
2.850000e-06	-1.820879e-06	-3.724266e-09	-1.265181e+01	-2.453948e+02
2.860000e-06	-1.862060e-06	-3.891792e-09	-1.293795e+01	-2.564801e+02
2.870000e-06	-1.902560e-06	-4.056039e-09	-1.321935e+01	-2.669239e+02
2.880000e-06	-1.942348e-06	-4.211721e-09	-1.349580e+01	-2.767293e+02
2.890000e-06	-1.981621e-06	-4.355311e-09	-1.376868e+01	-2.859008e+02
2.900000e-06	-2.020371e-06	-4.488635e-09	-1.403792e+01	-2.944461e+02
2.910000e-06	-2.058234e-06	-4.612381e-09	-1.430100e+01	-3.023804e+02
2.920000e-06	-2.095036e-06	-4.723928e-09	-1.455671e+01	-3.097314e+02
2.930000e-06	-2.130938e-06	-4.824942e-09	-1.480617e+01	-3.165419e+02
2.940000e-06	-2.166170e-06	-4.921322e-09	-1.505096e+01	-3.228680e+02
2.950000e-06	-2.200777e-06	-5.016397e-09	-1.529142e+01	-3.287733e+02
2.960000e-06	-2.234682e-06	-5.106494e-09	-1.552700e+01	-3.343196e+02
2.970000e-06	-2.267805e-06	-5.188195e-09	-1.575714e+01	-3.395582e+02
2.980000e-06	-2.300106e-06	-5.264199e-09	-1.598157e+01	-3.445232e+02
2.990000e-06	-2.331686e-06	-5.338619e-09	-1.620100e+01	-3.492304e+02
3.000000e-06	-2.362601e-06	-5.409450e-09	-1.641580e+01	-3.536810e+02
3.010000e-06	-2.392535e-06	-5.473001e-09	-1.662379e+01	-3.578692e+02
3.020000e-06	-2.421272e-06	-5.531724e-09	-1.682346e+01	-3.617905e+02
3.030000e-06	-2.449032e-06	-5.591569e-09	-1.701634e+01	-3.654483e+02
3.040000e-06	-2.476051e-06	-5.650072e-09	-1.720407e+01	-3.688563e+02
3.050000e-06	-2.502351e-06	-5.702583e-09	-1.738681e+01	-3.720362e+02
3.060000e-06	-2.527763e-06	-5.749377e-09	-1.756338e+01	-3.750126e+02
3.070000e-06	-2.552233e-06	-5.793295e-09	-1.773340e+01	-3.778066e+02
3.080000e-06	-2.575925e-06	-5.835144e-09	-1.789802e+01	-3.804318e+02
3.090000e-06	-2.598907e-06	-5.873864e-09	-1.805770e+01	-3.828932e+02
3.100000e-06	-2.620875e-06	-5.910201e-09	-1.821034e+01	-3.851900e+02
3.110000e-06	-2.641548e-06	-5.944712e-09	-1.835398e+01	-3.873208e+02
3.120000e-06	-2.661164e-06	-5.977412e-09	-1.849028e+01	-3.892887e+02
3.130000e-06	-2.679985e-06	-6.006098e-09	-1.862105e+01	-3.911037e+02
3.140000e-06	-2.697944e-06	-6.031878e-09	-1.874583e+01	-3.927826e+02
3.150000e-06	-2.715031e-06	-6.057398e-09	-1.886455e+01	-3.943447e+02
3.160000e-06	-2.731255e-06	-6.082250e-09	-1.897728e+01	-3.958066e+02
3.170000e-06	-2.746673e-06	-6.104105e-09	-1.908441e+01	-3.971774e+02
3.180000e-06	-2.761167e-06	-6.123019e-09	-1.918512e+01	-3.984568e+02
3.190000e-06	-2.774290e-06	-6.141837e-09	-1.927630e+01	-3.996368e+02
3.200000e-06	-2.786065e-06	-6.160647e-09	-1.935811e+01	-4.007062e+02
3.210000e-06	-2.796785e-06	-6.176390e-09	-1.943259e+01	-4.016562e+02
3.220000e-06	-2.806516e-06	-6.187429e-09	-1.950020e+01	-4.024858e+02
3.230000e-06	-2.815293e-06	-6.195231e-09	-1.956120e+01	-4.032023e+02
3.240000e-06	-2.823170e-06	-6.203273e-09	-1.961592e+01	-4.038198e+02
3.250000e-06	-2.830229e-06	-6.210325e-09	-1.966497e+01	-4.043543e+02
3.260000e-06	-2.836246e-06	-6.214911e-09	-1.970678e+01	-4.048176e+02
3.270000e-06	-2.840962e-06	-6.219664e-09	-1.973954e+01	-4.052138e+02
3.280000e-06	-2.844620e-06	-6.225863e-09	-1.976496e+01	-4.055383e+02
3.290000e-06	-2.847365e-06	-6.230183e-09	-1.978404e+01	-4.057806e+02
3.300000e-06	-2.849166e-06	-6.230695e-09	-1.979655e+01	-4.059300e+02
3.310000e-06	-2.850041e-06	-6.228429e-09	-1.980263e+01	-4.059804e+02
3.320000e-06	-2.850029e-06	-6.225636e-09	-1.980255e+01	-4.059342e+02
