# Temperatura_=_28.57
# Concentracion g/m^3_=_13400.0
# C_Vs_to_Am_M_A/Vsm_=_65563218390.804596
# pendiente_HvsI_1/m_=_3716.3
# ordenada_HvsI_A/m_=_1297.0
# frecuencia_Hz_=_300850.1273160316

Tiempo_(s)	Campo_(V.s)	Magnetizacion_(V.s)	Campo_(kA/m)	Magnetizacion_(A/m)
0.000000e+00	-2.850323e-06	-5.730246e-09	-1.979996e+01	-3.750430e+02
1.000000e-08	-2.849216e-06	-5.730014e-09	-1.979227e+01	-3.748650e+02
2.000000e-08	-2.847023e-06	-5.727268e-09	-1.977704e+01	-3.746304e+02
3.000000e-08	-2.843584e-06	-5.724753e-09	-1.975315e+01	-3.743622e+02
4.000000e-08	-2.839221e-06	-5.721772e-09	-1.972284e+01	-3.740703e+02
5.000000e-08	-2.834098e-06	-5.709459e-09	-1.968725e+01	-3.737463e+02
6.000000e-08	-2.828078e-06	-5.679238e-09	-1.964543e+01	-3.733674e+02
7.000000e-08	-2.821081e-06	-5.666454e-09	-1.959683e+01	-3.729051e+02
8.000000e-08	-2.813012e-06	-5.742849e-09	-1.954078e+01	-3.723381e+02
9.000000e-08	-2.803683e-06	-5.822993e-09	-1.947597e+01	-3.716633e+02
1.000000e-07	-2.792932e-06	-5.697470e-09	-1.940129e+01	-3.708999e+02
1.100000e-07	-2.781063e-06	-5.480520e-09	-1.931884e+01	-3.700856e+02
1.200000e-07	-2.768473e-06	-5.593319e-09	-1.923138e+01	-3.692656e+02
1.300000e-07	-2.754962e-06	-5.820960e-09	-1.913753e+01	-3.684774e+02
1.400000e-07	-2.740415e-06	-5.622100e-09	-1.903647e+01	-3.677374e+02
1.500000e-07	-2.724952e-06	-5.448930e-09	-1.892906e+01	-3.670347e+02
1.600000e-07	-2.708180e-06	-5.724468e-09	-1.881255e+01	-3.663326e+02
1.700000e-07	-2.690132e-06	-5.719439e-09	-1.868718e+01	-3.655795e+02
1.800000e-07	-2.671378e-06	-5.430883e-09	-1.855690e+01	-3.647242e+02
1.900000e-07	-2.651900e-06	-5.567445e-09	-1.842160e+01	-3.637308e+02
2.000000e-07	-2.631484e-06	-5.649723e-09	-1.827978e+01	-3.625880e+02
2.100000e-07	-2.610286e-06	-5.392597e-09	-1.813253e+01	-3.613109e+02
2.200000e-07	-2.588339e-06	-5.477825e-09	-1.798007e+01	-3.599333e+02
2.300000e-07	-2.565384e-06	-5.656079e-09	-1.782061e+01	-3.584954e+02
2.400000e-07	-2.541474e-06	-5.440056e-09	-1.765452e+01	-3.570303e+02
2.500000e-07	-2.516823e-06	-5.354972e-09	-1.748328e+01	-3.555536e+02
2.600000e-07	-2.491311e-06	-5.458643e-09	-1.730606e+01	-3.540612e+02
2.700000e-07	-2.464710e-06	-5.398617e-09	-1.712127e+01	-3.525323e+02
2.800000e-07	-2.437014e-06	-5.353067e-09	-1.692888e+01	-3.509391e+02
2.900000e-07	-2.408367e-06	-5.341110e-09	-1.672988e+01	-3.492578e+02
3.000000e-07	-2.378925e-06	-5.301009e-09	-1.652537e+01	-3.474767e+02
3.100000e-07	-2.348791e-06	-5.355376e-09	-1.631603e+01	-3.455996e+02
3.200000e-07	-2.317903e-06	-5.289964e-09	-1.610147e+01	-3.436438e+02
3.300000e-07	-2.286195e-06	-5.158612e-09	-1.588121e+01	-3.416330e+02
3.400000e-07	-2.253844e-06	-5.214051e-09	-1.565648e+01	-3.395892e+02
3.500000e-07	-2.220947e-06	-5.183698e-09	-1.542796e+01	-3.375250e+02
3.600000e-07	-2.187190e-06	-5.098374e-09	-1.519346e+01	-3.354408e+02
3.700000e-07	-2.152186e-06	-5.156782e-09	-1.495030e+01	-3.333252e+02
3.800000e-07	-2.116146e-06	-5.091494e-09	-1.469995e+01	-3.311600e+02
3.900000e-07	-2.079545e-06	-4.979047e-09	-1.444570e+01	-3.289262e+02
4.000000e-07	-2.042353e-06	-5.032140e-09	-1.418734e+01	-3.266100e+02
4.100000e-07	-2.004373e-06	-5.000298e-09	-1.392351e+01	-3.242061e+02
4.200000e-07	-1.965695e-06	-4.880276e-09	-1.365483e+01	-3.217180e+02
4.300000e-07	-1.926300e-06	-4.876856e-09	-1.338117e+01	-3.191554e+02
4.400000e-07	-1.886213e-06	-4.876784e-09	-1.310271e+01	-3.165301e+02
4.500000e-07	-1.845730e-06	-4.817784e-09	-1.282149e+01	-3.138520e+02
4.600000e-07	-1.804868e-06	-4.764321e-09	-1.253764e+01	-3.111258e+02
4.700000e-07	-1.763245e-06	-4.711046e-09	-1.224850e+01	-3.083499e+02
4.800000e-07	-1.720544e-06	-4.670915e-09	-1.195188e+01	-3.055177e+02
4.900000e-07	-1.676891e-06	-4.646763e-09	-1.164863e+01	-3.026197e+02
5.000000e-07	-1.632643e-06	-4.594263e-09	-1.134126e+01	-2.996464e+02
5.100000e-07	-1.588013e-06	-4.529786e-09	-1.103124e+01	-2.965916e+02
5.200000e-07	-1.542947e-06	-4.491862e-09	-1.071819e+01	-2.934537e+02
5.300000e-07	-1.497344e-06	-4.450980e-09	-1.040140e+01	-2.902358e+02
5.400000e-07	-1.451143e-06	-4.401394e-09	-1.008046e+01	-2.869445e+02
5.500000e-07	-1.404408e-06	-4.345607e-09	-9.755813e+00	-2.835878e+02
5.600000e-07	-1.357194e-06	-4.278433e-09	-9.427837e+00	-2.801713e+02
5.700000e-07	-1.309450e-06	-4.230062e-09	-9.096182e+00	-2.766965e+02
5.800000e-07	-1.261309e-06	-4.195915e-09	-8.761770e+00	-2.731587e+02
5.900000e-07	-1.212899e-06	-4.127572e-09	-8.425484e+00	-2.695478e+02
6.000000e-07	-1.164136e-06	-4.051336e-09	-8.086746e+00	-2.658502e+02
6.100000e-07	-1.114819e-06	-4.005971e-09	-7.744166e+00	-2.620525e+02
6.200000e-07	-1.064840e-06	-3.959455e-09	-7.396986e+00	-2.581457e+02
6.300000e-07	-1.014231e-06	-3.893727e-09	-7.045424e+00	-2.541281e+02
6.400000e-07	-9.630461e-07	-3.819301e-09	-6.689864e+00	-2.500062e+02
6.500000e-07	-9.113347e-07	-3.754033e-09	-6.330648e+00	-2.457928e+02
6.600000e-07	-8.592687e-07	-3.698191e-09	-5.968968e+00	-2.415030e+02
6.700000e-07	-8.069893e-07	-3.635265e-09	-5.605805e+00	-2.371488e+02
6.800000e-07	-7.544431e-07	-3.559142e-09	-5.240790e+00	-2.327338e+02
6.900000e-07	-7.015731e-07	-3.485756e-09	-4.873525e+00	-2.282515e+02
7.000000e-07	-6.484462e-07	-3.423108e-09	-4.504475e+00	-2.236858e+02
7.100000e-07	-5.951077e-07	-3.355756e-09	-4.133956e+00	-2.190154e+02
7.200000e-07	-5.416074e-07	-3.276694e-09	-3.762312e+00	-2.142202e+02
7.300000e-07	-4.879326e-07	-3.193122e-09	-3.389456e+00	-2.092875e+02
7.400000e-07	-4.340079e-07	-3.116451e-09	-3.014865e+00	-2.042152e+02
7.500000e-07	-3.799232e-07	-3.043297e-09	-2.639162e+00	-1.990120e+02
7.600000e-07	-3.257486e-07	-2.962741e-09	-2.262835e+00	-1.936930e+02
7.700000e-07	-2.714873e-07	-2.872342e-09	-1.885905e+00	-1.882727e+02
7.800000e-07	-2.171384e-07	-2.785708e-09	-1.508367e+00	-1.827587e+02
7.900000e-07	-1.627244e-07	-2.708749e-09	-1.130376e+00	-1.771468e+02
8.000000e-07	-1.082687e-07	-2.624845e-09	-7.520957e-01	-1.714207e+02
8.100000e-07	-5.376907e-08	-2.527592e-09	-3.735104e-01	-1.655567e+02
8.200000e-07	7.700883e-10	-2.428787e-09	5.349470e-03	-1.595296e+02
8.300000e-07	5.529193e-08	-2.335967e-09	3.840891e-01	-1.533203e+02
8.400000e-07	1.097871e-07	-2.240017e-09	7.626431e-01	-1.469200e+02
8.500000e-07	1.642499e-07	-2.134309e-09	1.140973e+00	-1.403302e+02
8.600000e-07	2.186669e-07	-2.024638e-09	1.518984e+00	-1.335586e+02
8.700000e-07	2.730390e-07	-1.920460e-09	1.896684e+00	-1.266119e+02
8.800000e-07	3.273183e-07	-1.818064e-09	2.273738e+00	-1.194887e+02
8.900000e-07	3.814968e-07	-1.704156e-09	2.650093e+00	-1.121755e+02
9.000000e-07	4.355382e-07	-1.579679e-09	3.025496e+00	-1.046470e+02
9.100000e-07	4.893641e-07	-1.456111e-09	3.399401e+00	-9.687082e+01
9.200000e-07	5.429857e-07	-1.336681e-09	3.771887e+00	-8.881498e+01
9.300000e-07	5.963988e-07	-1.211009e-09	4.142924e+00	-8.045451e+01
9.400000e-07	6.495599e-07	-1.075801e-09	4.512212e+00	-7.177514e+01
9.500000e-07	7.024488e-07	-9.364600e-10	4.879608e+00	-6.277189e+01
9.600000e-07	7.551070e-07	-7.960396e-10	5.245402e+00	-5.344310e+01
9.700000e-07	8.075688e-07	-6.499272e-10	5.609831e+00	-4.378217e+01
9.800000e-07	8.597713e-07	-4.928927e-10	5.972459e+00	-3.377031e+01
9.900000e-07	9.116817e-07	-3.272006e-10	6.333058e+00	-2.337322e+01
1.000000e-06	9.631842e-07	-1.579965e-10	6.690823e+00	-1.254374e+01
1.010000e-06	1.014127e-06	1.322468e-11	7.044702e+00	-1.229824e+00
1.020000e-06	1.064426e-06	1.927580e-10	7.394107e+00	1.061412e+01
1.030000e-06	1.113991e-06	3.832005e-10	7.738412e+00	2.301598e+01
1.040000e-06	1.162957e-06	5.826977e-10	8.078556e+00	3.597779e+01
1.050000e-06	1.211579e-06	7.885309e-10	8.416314e+00	4.947252e+01
1.060000e-06	1.259942e-06	1.002569e-09	8.752273e+00	6.344593e+01
1.070000e-06	1.307976e-06	1.224893e-09	9.085945e+00	7.782170e+01
1.080000e-06	1.355607e-06	1.448312e-09	9.416818e+00	9.250737e+01
1.090000e-06	1.402728e-06	1.671853e-09	9.744144e+00	1.073991e+02
1.100000e-06	1.449288e-06	1.897241e-09	1.006757e+01	1.223838e+02
1.110000e-06	1.495370e-06	2.124350e-09	1.038769e+01	1.373405e+02
1.120000e-06	1.540935e-06	2.348796e-09	1.070421e+01	1.521404e+02
1.130000e-06	1.585964e-06	2.568744e-09	1.101701e+01	1.666499e+02
1.140000e-06	1.630590e-06	2.783378e-09	1.132700e+01	1.807369e+02
1.150000e-06	1.674874e-06	2.988689e-09	1.163462e+01	1.942793e+02
1.160000e-06	1.718678e-06	3.181054e-09	1.193891e+01	2.071754e+02
1.170000e-06	1.761735e-06	3.363014e-09	1.223801e+01	2.193521e+02
1.180000e-06	1.803815e-06	3.536668e-09	1.253032e+01	2.307689e+02
1.190000e-06	1.844984e-06	3.700180e-09	1.281630e+01	2.414167e+02
1.200000e-06	1.885565e-06	3.852830e-09	1.309820e+01	2.513115e+02
1.210000e-06	1.925648e-06	3.992993e-09	1.337664e+01	2.604853e+02
1.220000e-06	1.965071e-06	4.120547e-09	1.365049e+01	2.689771e+02
1.230000e-06	2.003831e-06	4.236223e-09	1.391975e+01	2.768275e+02
1.240000e-06	2.041925e-06	4.341701e-09	1.418437e+01	2.840766e+02
1.250000e-06	2.079290e-06	4.437954e-09	1.444392e+01	2.907658e+02
1.260000e-06	2.116074e-06	4.530703e-09	1.469945e+01	2.969414e+02
1.270000e-06	2.152333e-06	4.621284e-09	1.495133e+01	3.026559e+02
1.280000e-06	2.187811e-06	4.705365e-09	1.519778e+01	3.079668e+02
1.290000e-06	2.222265e-06	4.780562e-09	1.543711e+01	3.129315e+02
1.300000e-06	2.255686e-06	4.847112e-09	1.566928e+01	3.175994e+02
1.310000e-06	2.288313e-06	4.909039e-09	1.589592e+01	3.220052e+02
1.320000e-06	2.320268e-06	4.969788e-09	1.611790e+01	3.261657e+02
1.330000e-06	2.351452e-06	5.028442e-09	1.633452e+01	3.300820e+02
1.340000e-06	2.381833e-06	5.081836e-09	1.654557e+01	3.337462e+02
1.350000e-06	2.411404e-06	5.130380e-09	1.675098e+01	3.371517e+02
1.360000e-06	2.440217e-06	5.178134e-09	1.695113e+01	3.403020e+02
1.370000e-06	2.468415e-06	5.225794e-09	1.714701e+01	3.432155e+02
1.380000e-06	2.495733e-06	5.267020e-09	1.733677e+01	3.459244e+02
1.390000e-06	2.521698e-06	5.297955e-09	1.751714e+01	3.484669e+02
1.400000e-06	2.546500e-06	5.325778e-09	1.768944e+01	3.508777e+02
1.410000e-06	2.570521e-06	5.358965e-09	1.785630e+01	3.531786e+02
1.420000e-06	2.593738e-06	5.395229e-09	1.801758e+01	3.553738e+02
1.430000e-06	2.616059e-06	5.427753e-09	1.817263e+01	3.574520e+02
1.440000e-06	2.637495e-06	5.455064e-09	1.832153e+01	3.593941e+02
1.450000e-06	2.658189e-06	5.481809e-09	1.846529e+01	3.611835e+02
1.460000e-06	2.678160e-06	5.509040e-09	1.860402e+01	3.628152e+02
1.470000e-06	2.697146e-06	5.531422e-09	1.873590e+01	3.643005e+02
1.480000e-06	2.715089e-06	5.547438e-09	1.886054e+01	3.656641e+02
1.490000e-06	2.732126e-06	5.562884e-09	1.897889e+01	3.669363e+02
1.500000e-06	2.748118e-06	5.582396e-09	1.908998e+01	3.681424e+02
1.510000e-06	2.763002e-06	5.603293e-09	1.919338e+01	3.692945e+02
1.520000e-06	2.776899e-06	5.619351e-09	1.928992e+01	3.703873e+02
1.530000e-06	2.789786e-06	5.631889e-09	1.937943e+01	3.714026e+02
1.540000e-06	2.801584e-06	5.646494e-09	1.946139e+01	3.723168e+02
1.550000e-06	2.812116e-06	5.661975e-09	1.953455e+01	3.731123e+02
1.560000e-06	2.821388e-06	5.673853e-09	1.959896e+01	3.737849e+02
1.570000e-06	2.829719e-06	5.680632e-09	1.965683e+01	3.743468e+02
1.580000e-06	2.837165e-06	5.686179e-09	1.970856e+01	3.748223e+02
1.590000e-06	2.843617e-06	5.693211e-09	1.975338e+01	3.752384e+02
1.600000e-06	2.849087e-06	5.699899e-09	1.979137e+01	3.756147e+02
1.610000e-06	2.853726e-06	5.704263e-09	1.982360e+01	3.759559e+02
1.620000e-06	2.857461e-06	5.709302e-09	1.984955e+01	3.762505e+02
1.630000e-06	2.859955e-06	5.716752e-09	1.986687e+01	3.764762e+02
1.640000e-06	2.861240e-06	5.721957e-09	1.987580e+01	3.766097e+02
1.650000e-06	2.861629e-06	5.722770e-09	1.987850e+01	3.766367e+02
1.660000e-06	2.861179e-06	5.721320e-09	1.987537e+01	3.765589e+02
1.670000e-06	2.859793e-06	5.716741e-09	1.986574e+01	3.763935e+02
1.680000e-06	2.857468e-06	5.712270e-09	1.984959e+01	3.761665e+02
1.690000e-06	2.854345e-06	5.707943e-09	1.982790e+01	3.759026e+02
1.700000e-06	2.850543e-06	5.701791e-09	1.980149e+01	3.756145e+02
1.710000e-06	2.845726e-06	5.701929e-09	1.976803e+01	3.752971e+02
1.720000e-06	2.839620e-06	5.727261e-09	1.972561e+01	3.749296e+02
1.730000e-06	2.832511e-06	5.717692e-09	1.967623e+01	3.744836e+02
1.740000e-06	2.824496e-06	5.590940e-09	1.962055e+01	3.739357e+02
1.750000e-06	2.815082e-06	5.524311e-09	1.955516e+01	3.732789e+02
1.760000e-06	2.804081e-06	5.709933e-09	1.947873e+01	3.725285e+02
1.770000e-06	2.792327e-06	5.823415e-09	1.939708e+01	3.717195e+02
1.780000e-06	2.780545e-06	5.582704e-09	1.931525e+01	3.708968e+02
1.790000e-06	2.767855e-06	5.438959e-09	1.922709e+01	3.701005e+02
1.800000e-06	2.753378e-06	5.704718e-09	1.912653e+01	3.693514e+02
1.810000e-06	2.737883e-06	5.692866e-09	1.901889e+01	3.686436e+02
1.820000e-06	2.721904e-06	5.402315e-09	1.890789e+01	3.679444e+02
1.830000e-06	2.704700e-06	5.600929e-09	1.878838e+01	3.672039e+02
1.840000e-06	2.686162e-06	5.799297e-09	1.865960e+01	3.663696e+02
1.850000e-06	2.667017e-06	5.466410e-09	1.852661e+01	3.654020e+02
1.860000e-06	2.647097e-06	5.466522e-09	1.838823e+01	3.642850e+02
1.870000e-06	2.625908e-06	5.750923e-09	1.824105e+01	3.630293e+02
1.880000e-06	2.603694e-06	5.458904e-09	1.808674e+01	3.616662e+02
1.890000e-06	2.580557e-06	5.310455e-09	1.792601e+01	3.602358e+02
1.900000e-06	2.556392e-06	5.593481e-09	1.775815e+01	3.587732e+02
1.910000e-06	2.531467e-06	5.503270e-09	1.758501e+01	3.572979e+02
1.920000e-06	2.505720e-06	5.353586e-09	1.740615e+01	3.558090e+02
1.930000e-06	2.479000e-06	5.443543e-09	1.722054e+01	3.542880e+02
1.940000e-06	2.451659e-06	5.368355e-09	1.703061e+01	3.527078e+02
1.950000e-06	2.423524e-06	5.355767e-09	1.683518e+01	3.510431e+02
1.960000e-06	2.394153e-06	5.353234e-09	1.663114e+01	3.492794e+02
1.970000e-06	2.363789e-06	5.193545e-09	1.642022e+01	3.474180e+02
1.980000e-06	2.332661e-06	5.292248e-09	1.620399e+01	3.454741e+02
1.990000e-06	2.300811e-06	5.328627e-09	1.598274e+01	3.434709e+02
2.000000e-06	2.268238e-06	5.122907e-09	1.575647e+01	3.414313e+02
2.010000e-06	2.234801e-06	5.195047e-09	1.552420e+01	3.393698e+02
2.020000e-06	2.200546e-06	5.188576e-09	1.528624e+01	3.372892e+02
2.030000e-06	2.165674e-06	5.004743e-09	1.504400e+01	3.351799e+02
2.040000e-06	2.130189e-06	5.105508e-09	1.479750e+01	3.330245e+02
2.050000e-06	2.094036e-06	5.091571e-09	1.454636e+01	3.308037e+02
2.060000e-06	2.056962e-06	4.934891e-09	1.428882e+01	3.285024e+02
2.070000e-06	2.018679e-06	4.986436e-09	1.402289e+01	3.261137e+02
2.080000e-06	1.979579e-06	4.965838e-09	1.375128e+01	3.236395e+02
2.090000e-06	1.940009e-06	4.873139e-09	1.347640e+01	3.210888e+02
2.100000e-06	1.899873e-06	4.848874e-09	1.319759e+01	3.184734e+02
2.110000e-06	1.859081e-06	4.793273e-09	1.291423e+01	3.158038e+02
2.120000e-06	1.817694e-06	4.777364e-09	1.262673e+01	3.130856e+02
2.130000e-06	1.775769e-06	4.746414e-09	1.233550e+01	3.103185e+02
2.140000e-06	1.733200e-06	4.670552e-09	1.203979e+01	3.074965e+02
2.150000e-06	1.690093e-06	4.644729e-09	1.174035e+01	3.046104e+02
2.160000e-06	1.646612e-06	4.606869e-09	1.143830e+01	3.016506e+02
2.170000e-06	1.602609e-06	4.558650e-09	1.113263e+01	2.986102e+02
2.180000e-06	1.557930e-06	4.510551e-09	1.082227e+01	2.954865e+02
2.190000e-06	1.512608e-06	4.453928e-09	1.050743e+01	2.922820e+02
2.200000e-06	1.466716e-06	4.404329e-09	1.018864e+01	2.890028e+02
2.210000e-06	1.420434e-06	4.353042e-09	9.867141e+00	2.856567e+02
2.220000e-06	1.373802e-06	4.318360e-09	9.543210e+00	2.822501e+02
2.230000e-06	1.326663e-06	4.260222e-09	9.215754e+00	2.787854e+02
2.240000e-06	1.278930e-06	4.189490e-09	8.884170e+00	2.752590e+02
2.250000e-06	1.230582e-06	4.161823e-09	8.548318e+00	2.716616e+02
2.260000e-06	1.181680e-06	4.106383e-09	8.208623e+00	2.679800e+02
2.270000e-06	1.132389e-06	4.026235e-09	7.866219e+00	2.642005e+02
2.280000e-06	1.082830e-06	3.969750e-09	7.521950e+00	2.603131e+02
2.290000e-06	1.032892e-06	3.912964e-09	7.175052e+00	2.563145e+02
2.300000e-06	9.823892e-07	3.863093e-09	6.824232e+00	2.522099e+02
2.310000e-06	9.314268e-07	3.798522e-09	6.470219e+00	2.480112e+02
2.320000e-06	8.802068e-07	3.722719e-09	6.114416e+00	2.437336e+02
2.330000e-06	8.287657e-07	3.662834e-09	5.757076e+00	2.393898e+02
2.340000e-06	7.770564e-07	3.597111e-09	5.397875e+00	2.349854e+02
2.350000e-06	7.250073e-07	3.527620e-09	5.036312e+00	2.305155e+02
2.360000e-06	6.725963e-07	3.454041e-09	4.672236e+00	2.259657e+02
2.370000e-06	6.196917e-07	3.381530e-09	4.304730e+00	2.213151e+02
2.380000e-06	5.663324e-07	3.317987e-09	3.934066e+00	2.165429e+02
2.390000e-06	5.127038e-07	3.246161e-09	3.561532e+00	2.116348e+02
2.400000e-06	4.587358e-07	3.168078e-09	3.186639e+00	2.065865e+02
2.410000e-06	4.045028e-07	3.087244e-09	2.809906e+00	2.014052e+02
2.420000e-06	3.500908e-07	3.007053e-09	2.431929e+00	1.961052e+02
2.430000e-06	2.954755e-07	2.929579e-09	2.052540e+00	1.907017e+02
2.440000e-06	2.407144e-07	2.840593e-09	1.672139e+00	1.852039e+02
2.450000e-06	1.858563e-07	2.748346e-09	1.291063e+00	1.796098e+02
2.460000e-06	1.309978e-07	2.665345e-09	9.099850e-01	1.739052e+02
2.470000e-06	7.609055e-08	2.584422e-09	5.285681e-01	1.680672e+02
2.480000e-06	2.114213e-08	2.497887e-09	1.468652e-01	1.620704e+02
2.490000e-06	-3.381398e-08	2.400911e-09	-2.348911e-01	1.558941e+02
2.500000e-06	-8.880573e-08	2.304318e-09	-6.168950e-01	1.495276e+02
2.510000e-06	-1.437844e-07	2.210239e-09	-9.988076e-01	1.429707e+02
2.520000e-06	-1.986818e-07	2.106676e-09	-1.380157e+00	1.362305e+02
2.530000e-06	-2.534623e-07	1.995843e-09	-1.760693e+00	1.293143e+02
2.540000e-06	-3.081532e-07	1.885205e-09	-2.140607e+00	1.222227e+02
2.550000e-06	-3.627280e-07	1.779918e-09	-2.519714e+00	1.149445e+02
2.560000e-06	-4.170770e-07	1.674076e-09	-2.897253e+00	1.074562e+02
2.570000e-06	-4.712051e-07	1.558679e-09	-3.273258e+00	9.972626e+01
2.580000e-06	-5.250393e-07	1.435757e-09	-3.647221e+00	9.172198e+01
2.590000e-06	-5.784964e-07	1.307898e-09	-4.018564e+00	8.341678e+01
2.600000e-06	-6.316220e-07	1.175451e-09	-4.387604e+00	7.479444e+01
2.610000e-06	-6.843321e-07	1.038160e-09	-4.753759e+00	6.584864e+01
2.620000e-06	-7.366314e-07	8.953889e-10	-5.117059e+00	5.657772e+01
2.630000e-06	-7.885334e-07	7.505042e-10	-5.477600e+00	4.697656e+01
2.640000e-06	-8.400837e-07	6.055891e-10	-5.835698e+00	3.702894e+01
2.650000e-06	-8.913975e-07	4.537251e-10	-6.192153e+00	2.670331e+01
2.660000e-06	-9.424726e-07	2.904933e-10	-6.546949e+00	1.595436e+01
2.670000e-06	-9.932668e-07	1.189582e-10	-6.899795e+00	4.730147e+00
2.680000e-06	-1.043656e-06	-5.716578e-11	-7.249829e+00	-7.016957e+00
2.690000e-06	-1.093588e-06	-2.420323e-10	-7.596682e+00	-1.931872e+01
2.700000e-06	-1.143115e-06	-4.409806e-10	-7.940724e+00	-3.218217e+01
2.710000e-06	-1.192233e-06	-6.496498e-10	-8.281928e+00	-4.558548e+01
2.720000e-06	-1.240753e-06	-8.618825e-10	-8.618977e+00	-5.947895e+01
2.730000e-06	-1.288564e-06	-1.077239e-09	-8.951100e+00	-7.378975e+01
2.740000e-06	-1.335644e-06	-1.298375e-09	-9.278140e+00	-8.842791e+01
2.750000e-06	-1.382049e-06	-1.525718e-09	-9.600497e+00	-1.032913e+02
2.760000e-06	-1.428033e-06	-1.754567e-09	-9.919928e+00	-1.182687e+02
2.770000e-06	-1.473688e-06	-1.982580e-09	-1.023708e+01	-1.332401e+02
2.780000e-06	-1.519003e-06	-2.211241e-09	-1.055185e+01	-1.480782e+02
2.790000e-06	-1.563861e-06	-2.439190e-09	-1.086347e+01	-1.626499e+02
2.800000e-06	-1.608142e-06	-2.660413e-09	-1.117107e+01	-1.768221e+02
2.810000e-06	-1.651904e-06	-2.869454e-09	-1.147507e+01	-1.904705e+02
2.820000e-06	-1.695251e-06	-3.066225e-09	-1.177618e+01	-2.034888e+02
2.830000e-06	-1.738182e-06	-3.251735e-09	-1.207439e+01	-2.157984e+02
2.840000e-06	-1.780550e-06	-3.426524e-09	-1.236871e+01	-2.273529e+02
2.850000e-06	-1.822314e-06	-3.590815e-09	-1.265883e+01	-2.381380e+02
2.860000e-06	-1.863491e-06	-3.745651e-09	-1.294487e+01	-2.481657e+02
2.870000e-06	-1.904002e-06	-3.891955e-09	-1.322628e+01	-2.574659e+02
2.880000e-06	-1.943842e-06	-4.028822e-09	-1.350303e+01	-2.660771e+02
2.890000e-06	-1.983153e-06	-4.154734e-09	-1.377610e+01	-2.740396e+02
2.900000e-06	-2.021911e-06	-4.269517e-09	-1.404534e+01	-2.813935e+02
2.910000e-06	-2.059764e-06	-4.371840e-09	-1.430829e+01	-2.881800e+02
2.920000e-06	-2.096526e-06	-4.462375e-09	-1.456366e+01	-2.944441e+02
2.930000e-06	-2.132442e-06	-4.547547e-09	-1.481315e+01	-3.002373e+02
2.940000e-06	-2.167720e-06	-4.632658e-09	-1.505821e+01	-3.056165e+02
2.950000e-06	-2.202293e-06	-4.716178e-09	-1.529838e+01	-3.106396e+02
2.960000e-06	-2.236141e-06	-4.793762e-09	-1.553351e+01	-3.153579e+02
2.970000e-06	-2.269257e-06	-4.864584e-09	-1.576354e+01	-3.198092e+02
2.980000e-06	-2.301575e-06	-4.930805e-09	-1.598805e+01	-3.240136e+02
2.990000e-06	-2.333204e-06	-4.992677e-09	-1.620776e+01	-3.279744e+02
3.000000e-06	-2.364162e-06	-5.047786e-09	-1.642281e+01	-3.316848e+02
3.010000e-06	-2.394118e-06	-5.097563e-09	-1.663090e+01	-3.351371e+02
3.020000e-06	-2.422831e-06	-5.147637e-09	-1.683036e+01	-3.383326e+02
3.030000e-06	-2.450549e-06	-5.199007e-09	-1.702290e+01	-3.412869e+02
3.040000e-06	-2.477579e-06	-5.248101e-09	-1.721067e+01	-3.440300e+02
3.050000e-06	-2.503846e-06	-5.293069e-09	-1.739314e+01	-3.465999e+02
3.060000e-06	-2.529209e-06	-5.332197e-09	-1.756932e+01	-3.490327e+02
3.070000e-06	-2.553640e-06	-5.365515e-09	-1.773903e+01	-3.513529e+02
3.080000e-06	-2.577273e-06	-5.397000e-09	-1.790320e+01	-3.535679e+02
3.090000e-06	-2.600203e-06	-5.429276e-09	-1.806249e+01	-3.556688e+02
3.100000e-06	-2.622126e-06	-5.461300e-09	-1.821478e+01	-3.576372e+02
3.110000e-06	-2.642816e-06	-5.491717e-09	-1.835850e+01	-3.594551e+02
3.120000e-06	-2.662505e-06	-5.519298e-09	-1.849527e+01	-3.611151e+02
3.130000e-06	-2.681366e-06	-5.544043e-09	-1.862629e+01	-3.626256e+02
3.140000e-06	-2.699306e-06	-5.567103e-09	-1.875091e+01	-3.640092e+02
3.150000e-06	-2.716347e-06	-5.588123e-09	-1.886929e+01	-3.652960e+02
3.160000e-06	-2.732532e-06	-5.607110e-09	-1.898172e+01	-3.665131e+02
3.170000e-06	-2.747899e-06	-5.623465e-09	-1.908847e+01	-3.676752e+02
3.180000e-06	-2.762301e-06	-5.639030e-09	-1.918851e+01	-3.687802e+02
3.190000e-06	-2.775342e-06	-5.657134e-09	-1.927910e+01	-3.698115e+02
3.200000e-06	-2.787080e-06	-5.675348e-09	-1.936064e+01	-3.707459e+02
3.210000e-06	-2.797787e-06	-5.688974e-09	-1.943501e+01	-3.715638e+02
3.220000e-06	-2.807522e-06	-5.698497e-09	-1.950264e+01	-3.722584e+02
3.230000e-06	-2.816270e-06	-5.705996e-09	-1.956341e+01	-3.728390e+02
3.240000e-06	-2.824124e-06	-5.712112e-09	-1.961797e+01	-3.733284e+02
3.250000e-06	-2.831158e-06	-5.716506e-09	-1.966683e+01	-3.737538e+02
3.260000e-06	-2.837081e-06	-5.720973e-09	-1.970798e+01	-3.741369e+02
3.270000e-06	-2.841728e-06	-5.727864e-09	-1.974026e+01	-3.744852e+02
3.280000e-06	-2.845319e-06	-5.734068e-09	-1.976520e+01	-3.747901e+02
3.290000e-06	-2.848038e-06	-5.735780e-09	-1.978408e+01	-3.750304e+02
3.300000e-06	-2.849892e-06	-5.734855e-09	-1.979697e+01	-3.751823e+02
3.310000e-06	-2.850838e-06	-5.732646e-09	-1.980354e+01	-3.752293e+02
3.320000e-06	-2.850870e-06	-5.730531e-09	-1.980376e+01	-3.751698e+02
