# Temperatura_=_21.87
# Concentracion g/m^3_=_13400.0
# C_Vs_to_Am_M_A/Vsm_=_65563218390.804596
# pendiente_HvsI_1/m_=_3716.3
# ordenada_HvsI_A/m_=_1297.0
# frecuencia_Hz_=_300833.47387198784

Tiempo_(s)	Campo_(V.s)	Magnetizacion_(V.s)	Campo_(kA/m)	Magnetizacion_(A/m)
0.000000e+00	-2.851243e-06	-5.657922e-09	-1.980465e+01	-3.688517e+02
1.000000e-08	-2.850725e-06	-5.660783e-09	-1.980105e+01	-3.687728e+02
2.000000e-08	-2.849466e-06	-5.669414e-09	-1.979231e+01	-3.686408e+02
3.000000e-08	-2.847183e-06	-5.668949e-09	-1.977645e+01	-3.684618e+02
4.000000e-08	-2.843616e-06	-5.661104e-09	-1.975167e+01	-3.682320e+02
5.000000e-08	-2.839079e-06	-5.651449e-09	-1.972016e+01	-3.679385e+02
6.000000e-08	-2.833790e-06	-5.638757e-09	-1.968342e+01	-3.675641e+02
7.000000e-08	-2.827640e-06	-5.612656e-09	-1.964070e+01	-3.670943e+02
8.000000e-08	-2.820522e-06	-5.604287e-09	-1.959126e+01	-3.665258e+02
9.000000e-08	-2.812279e-06	-5.667727e-09	-1.953401e+01	-3.658714e+02
1.000000e-07	-2.802757e-06	-5.724250e-09	-1.946787e+01	-3.651605e+02
1.100000e-07	-2.791844e-06	-5.599926e-09	-1.939207e+01	-3.644331e+02
1.200000e-07	-2.779868e-06	-5.444223e-09	-1.930888e+01	-3.637301e+02
1.300000e-07	-2.767133e-06	-5.560410e-09	-1.922042e+01	-3.630809e+02
1.400000e-07	-2.753431e-06	-5.709900e-09	-1.912525e+01	-3.624939e+02
1.500000e-07	-2.738763e-06	-5.518656e-09	-1.902337e+01	-3.619520e+02
1.600000e-07	-2.723160e-06	-5.410843e-09	-1.891499e+01	-3.614160e+02
1.700000e-07	-2.706209e-06	-5.629045e-09	-1.879725e+01	-3.608332e+02
1.800000e-07	-2.688012e-06	-5.559923e-09	-1.867085e+01	-3.601505e+02
1.900000e-07	-2.669160e-06	-5.357617e-09	-1.853991e+01	-3.593274e+02
2.000000e-07	-2.649569e-06	-5.499283e-09	-1.840383e+01	-3.583441e+02
2.100000e-07	-2.629047e-06	-5.508343e-09	-1.826128e+01	-3.572041e+02
2.200000e-07	-2.607732e-06	-5.299881e-09	-1.811323e+01	-3.559300e+02
2.300000e-07	-2.585615e-06	-5.401319e-09	-1.795960e+01	-3.545544e+02
2.400000e-07	-2.562487e-06	-5.505787e-09	-1.779896e+01	-3.531101e+02
2.500000e-07	-2.538423e-06	-5.322280e-09	-1.763181e+01	-3.516213e+02
2.600000e-07	-2.513641e-06	-5.278783e-09	-1.745968e+01	-3.500997e+02
2.700000e-07	-2.487987e-06	-5.348967e-09	-1.728148e+01	-3.485445e+02
2.800000e-07	-2.461239e-06	-5.285235e-09	-1.709569e+01	-3.469467e+02
2.900000e-07	-2.433390e-06	-5.244189e-09	-1.690226e+01	-3.452939e+02
3.000000e-07	-2.404626e-06	-5.224352e-09	-1.670246e+01	-3.435757e+02
3.100000e-07	-2.375089e-06	-5.192001e-09	-1.649730e+01	-3.417855e+02
3.200000e-07	-2.344814e-06	-5.224696e-09	-1.628701e+01	-3.399210e+02
3.300000e-07	-2.313791e-06	-5.146868e-09	-1.607152e+01	-3.379826e+02
3.400000e-07	-2.281949e-06	-5.061769e-09	-1.585035e+01	-3.359722e+02
3.500000e-07	-2.249420e-06	-5.102685e-09	-1.562440e+01	-3.338918e+02
3.600000e-07	-2.216360e-06	-5.048527e-09	-1.539477e+01	-3.317438e+02
3.700000e-07	-2.182480e-06	-4.992605e-09	-1.515944e+01	-3.295319e+02
3.800000e-07	-2.147402e-06	-5.030910e-09	-1.491579e+01	-3.272613e+02
3.900000e-07	-2.111310e-06	-4.946940e-09	-1.466510e+01	-3.249381e+02
4.000000e-07	-2.074607e-06	-4.868447e-09	-1.441016e+01	-3.225674e+02
4.100000e-07	-2.037273e-06	-4.913575e-09	-1.415084e+01	-3.201506e+02
4.200000e-07	-1.999172e-06	-4.857830e-09	-1.388619e+01	-3.176841e+02
4.300000e-07	-1.960372e-06	-4.760216e-09	-1.361669e+01	-3.151588e+02
4.400000e-07	-1.920893e-06	-4.756894e-09	-1.334247e+01	-3.125633e+02
4.500000e-07	-1.880746e-06	-4.741040e-09	-1.306361e+01	-3.098872e+02
4.600000e-07	-1.840166e-06	-4.684271e-09	-1.278174e+01	-3.071259e+02
4.700000e-07	-1.799196e-06	-4.635113e-09	-1.249716e+01	-3.042827e+02
4.800000e-07	-1.757473e-06	-4.582984e-09	-1.220736e+01	-3.013686e+02
4.900000e-07	-1.714652e-06	-4.541701e-09	-1.190992e+01	-2.983979e+02
5.000000e-07	-1.670874e-06	-4.509309e-09	-1.160584e+01	-2.953830e+02
5.100000e-07	-1.626526e-06	-4.449289e-09	-1.129780e+01	-2.923280e+02
5.200000e-07	-1.581783e-06	-4.386594e-09	-1.098702e+01	-2.892262e+02
5.300000e-07	-1.536620e-06	-4.346291e-09	-1.067331e+01	-2.860614e+02
5.400000e-07	-1.490901e-06	-4.309136e-09	-1.035575e+01	-2.828132e+02
5.500000e-07	-1.444625e-06	-4.263022e-09	-1.003432e+01	-2.794645e+02
5.600000e-07	-1.397847e-06	-4.202907e-09	-9.709402e+00	-2.760081e+02
5.700000e-07	-1.350553e-06	-4.133556e-09	-9.380898e+00	-2.724501e+02
5.800000e-07	-1.302740e-06	-4.083341e-09	-9.048796e+00	-2.688075e+02
5.900000e-07	-1.254536e-06	-4.038088e-09	-8.713967e+00	-2.651016e+02
6.000000e-07	-1.206018e-06	-3.966198e-09	-8.376964e+00	-2.613487e+02
6.100000e-07	-1.157156e-06	-3.901597e-09	-8.037574e+00	-2.575527e+02
6.200000e-07	-1.107801e-06	-3.857580e-09	-7.694751e+00	-2.537018e+02
6.300000e-07	-1.057809e-06	-3.804160e-09	-7.347513e+00	-2.497719e+02
6.400000e-07	-1.007223e-06	-3.733312e-09	-6.996138e+00	-2.457350e+02
6.500000e-07	-9.560879e-07	-3.659483e-09	-6.640959e+00	-2.415699e+02
6.600000e-07	-9.044074e-07	-3.593208e-09	-6.281987e+00	-2.372708e+02
6.700000e-07	-8.522892e-07	-3.531654e-09	-5.919975e+00	-2.328508e+02
6.800000e-07	-7.998878e-07	-3.464108e-09	-5.555997e+00	-2.283373e+02
6.900000e-07	-7.472374e-07	-3.389460e-09	-5.190289e+00	-2.237620e+02
7.000000e-07	-6.943735e-07	-3.318657e-09	-4.823098e+00	-2.191484e+02
7.100000e-07	-6.413157e-07	-3.252457e-09	-4.454560e+00	-2.145022e+02
7.200000e-07	-5.879986e-07	-3.181376e-09	-4.084221e+00	-2.098071e+02
7.300000e-07	-5.344277e-07	-3.101581e-09	-3.712119e+00	-2.050298e+02
7.400000e-07	-4.806547e-07	-3.022718e-09	-3.338614e+00	-2.001312e+02
7.500000e-07	-4.266730e-07	-2.949373e-09	-2.963658e+00	-1.950795e+02
7.600000e-07	-3.725176e-07	-2.874518e-09	-2.587496e+00	-1.898612e+02
7.700000e-07	-3.182388e-07	-2.789055e-09	-2.210478e+00	-1.844853e+02
7.800000e-07	-2.638993e-07	-2.697053e-09	-1.833037e+00	-1.789784e+02
7.900000e-07	-2.095057e-07	-2.612503e-09	-1.455220e+00	-1.733732e+02
8.000000e-07	-1.550583e-07	-2.533954e-09	-1.077031e+00	-1.676947e+02
8.100000e-07	-1.005742e-07	-2.447824e-09	-6.985853e-01	-1.619487e+02
8.200000e-07	-4.602929e-08	-2.353524e-09	-3.197181e-01	-1.561183e+02
8.300000e-07	8.543733e-09	-2.260114e-09	5.934452e-02	-1.501684e+02
8.400000e-07	6.310245e-08	-2.167894e-09	4.383077e-01	-1.440574e+02
8.500000e-07	1.176357e-07	-2.069994e-09	8.170942e-01	-1.377511e+02
8.600000e-07	1.721233e-07	-1.964955e-09	1.195564e+00	-1.312335e+02
8.700000e-07	2.265744e-07	-1.860473e-09	1.573779e+00	-1.245096e+02
8.800000e-07	2.809514e-07	-1.759461e-09	1.951480e+00	-1.176001e+02
8.900000e-07	3.352450e-07	-1.655342e-09	2.328602e+00	-1.105293e+02
9.000000e-07	3.894386e-07	-1.543031e-09	2.705029e+00	-1.033108e+02
9.100000e-07	4.434362e-07	-1.424581e-09	3.080095e+00	-9.593749e+01
9.200000e-07	4.972670e-07	-1.306700e-09	3.454002e+00	-8.837935e+01
9.300000e-07	5.509377e-07	-1.188342e-09	3.826797e+00	-8.058972e+01
9.400000e-07	6.043506e-07	-1.063972e-09	4.197801e+00	-7.251844e+01
9.500000e-07	6.574948e-07	-9.342203e-10	4.566939e+00	-6.412619e+01
9.600000e-07	7.103915e-07	-8.008523e-10	4.934358e+00	-5.539465e+01
9.700000e-07	7.630714e-07	-6.649591e-10	5.300271e+00	-4.632838e+01
9.800000e-07	8.155192e-07	-5.226892e-10	5.664572e+00	-3.694755e+01
9.900000e-07	8.676509e-07	-3.722716e-10	6.026678e+00	-2.727430e+01
1.000000e-06	9.193966e-07	-2.168054e-10	6.386101e+00	-1.731793e+01
1.010000e-06	9.707109e-07	-5.928881e-11	6.742529e+00	-7.064657e+00
1.020000e-06	1.021362e-06	1.015008e-10	7.094348e+00	3.523726e+00
1.030000e-06	1.071256e-06	2.688216e-10	7.440913e+00	1.450147e+01
1.040000e-06	1.120608e-06	4.446572e-10	7.783710e+00	2.592323e+01
1.050000e-06	1.169556e-06	6.289276e-10	8.123704e+00	3.782623e+01
1.060000e-06	1.218237e-06	8.188178e-10	8.461839e+00	5.021607e+01
1.070000e-06	1.266649e-06	1.014075e-09	8.798109e+00	6.306035e+01
1.080000e-06	1.314665e-06	1.214380e-09	9.131622e+00	7.629154e+01
1.090000e-06	1.362212e-06	1.418036e-09	9.461883e+00	8.981720e+01
1.100000e-06	1.409272e-06	1.624962e-09	9.788761e+00	1.035335e+02
1.110000e-06	1.455849e-06	1.833915e-09	1.011228e+01	1.173368e+02
1.120000e-06	1.501942e-06	2.044640e-09	1.043245e+01	1.311309e+02
1.130000e-06	1.547466e-06	2.254344e-09	1.074865e+01	1.448269e+02
1.140000e-06	1.592467e-06	2.459534e-09	1.106123e+01	1.583393e+02
1.150000e-06	1.637142e-06	2.658538e-09	1.137154e+01	1.715808e+02
1.160000e-06	1.681454e-06	2.849616e-09	1.167933e+01	1.844593e+02
1.170000e-06	1.725156e-06	3.033796e-09	1.198288e+01	1.968801e+02
1.180000e-06	1.767972e-06	3.213866e-09	1.228028e+01	2.087530e+02
1.190000e-06	1.809777e-06	3.387227e-09	1.257066e+01	2.200027e+02
1.200000e-06	1.850797e-06	3.550688e-09	1.285558e+01	2.305782e+02
1.210000e-06	1.891303e-06	3.702188e-09	1.313693e+01	2.404587e+02
1.220000e-06	1.931292e-06	3.841029e-09	1.341470e+01	2.496531e+02
1.230000e-06	1.970633e-06	3.968039e-09	1.368796e+01	2.581943e+02
1.240000e-06	2.009282e-06	4.083408e-09	1.395641e+01	2.661290e+02
1.250000e-06	2.047206e-06	4.190319e-09	1.421983e+01	2.735072e+02
1.260000e-06	2.084431e-06	4.291240e-09	1.447840e+01	2.803751e+02
1.270000e-06	2.121122e-06	4.388424e-09	1.473325e+01	2.867711e+02
1.280000e-06	2.157295e-06	4.480351e-09	1.498451e+01	2.927277e+02
1.290000e-06	2.192618e-06	4.565184e-09	1.522986e+01	2.982749e+02
1.300000e-06	2.226807e-06	4.642413e-09	1.546733e+01	3.034442e+02
1.310000e-06	2.260034e-06	4.712911e-09	1.569813e+01	3.082711e+02
1.320000e-06	2.292580e-06	4.778490e-09	1.592420e+01	3.127930e+02
1.330000e-06	2.324435e-06	4.840635e-09	1.614546e+01	3.170463e+02
1.340000e-06	2.355549e-06	4.898668e-09	1.636157e+01	3.210608e+02
1.350000e-06	2.385827e-06	4.950615e-09	1.657189e+01	3.248567e+02
1.360000e-06	2.415268e-06	4.999341e-09	1.677638e+01	3.284431e+02
1.370000e-06	2.444060e-06	5.050004e-09	1.697637e+01	3.318208e+02
1.380000e-06	2.472214e-06	5.100759e-09	1.717193e+01	3.349869e+02
1.390000e-06	2.499315e-06	5.146148e-09	1.736017e+01	3.379403e+02
1.400000e-06	2.525081e-06	5.186110e-09	1.753914e+01	3.406863e+02
1.410000e-06	2.549839e-06	5.221836e-09	1.771111e+01	3.432374e+02
1.420000e-06	2.573780e-06	5.252426e-09	1.787740e+01	3.456125e+02
1.430000e-06	2.596874e-06	5.280091e-09	1.803781e+01	3.478333e+02
1.440000e-06	2.619087e-06	5.310463e-09	1.819210e+01	3.499198e+02
1.450000e-06	2.640492e-06	5.342696e-09	1.834078e+01	3.518870e+02
1.460000e-06	2.661192e-06	5.371790e-09	1.848456e+01	3.537431e+02
1.470000e-06	2.681049e-06	5.397456e-09	1.862249e+01	3.554903e+02
1.480000e-06	2.699924e-06	5.421655e-09	1.875360e+01	3.571268e+02
1.490000e-06	2.717826e-06	5.445362e-09	1.887794e+01	3.586494e+02
1.500000e-06	2.734753e-06	5.467133e-09	1.899551e+01	3.600559e+02
1.510000e-06	2.750621e-06	5.483549e-09	1.910573e+01	3.613464e+02
1.520000e-06	2.765380e-06	5.496218e-09	1.920825e+01	3.625244e+02
1.530000e-06	2.779115e-06	5.510630e-09	1.930365e+01	3.635957e+02
1.540000e-06	2.791914e-06	5.526833e-09	1.939255e+01	3.645682e+02
1.550000e-06	2.803499e-06	5.542240e-09	1.947302e+01	3.654510e+02
1.560000e-06	2.813666e-06	5.556341e-09	1.954364e+01	3.662534e+02
1.570000e-06	2.822728e-06	5.569803e-09	1.960658e+01	3.669832e+02
1.580000e-06	2.830933e-06	5.581491e-09	1.966358e+01	3.676461e+02
1.590000e-06	2.838271e-06	5.588882e-09	1.971455e+01	3.682435e+02
1.600000e-06	2.844636e-06	5.594228e-09	1.975876e+01	3.687724e+02
1.610000e-06	2.850046e-06	5.599652e-09	1.979633e+01	3.692258e+02
1.620000e-06	2.854612e-06	5.605539e-09	1.982805e+01	3.695944e+02
1.630000e-06	2.858172e-06	5.612150e-09	1.985278e+01	3.698703e+02
1.640000e-06	2.860470e-06	5.617840e-09	1.986874e+01	3.700497e+02
1.650000e-06	2.861623e-06	5.621123e-09	1.987675e+01	3.701359e+02
1.660000e-06	2.861875e-06	5.622622e-09	1.987850e+01	3.701389e+02
1.670000e-06	2.861246e-06	5.621546e-09	1.987413e+01	3.700728e+02
1.680000e-06	2.859694e-06	5.614785e-09	1.986335e+01	3.699513e+02
1.690000e-06	2.857284e-06	5.608523e-09	1.984661e+01	3.697821e+02
1.700000e-06	2.854137e-06	5.606526e-09	1.982475e+01	3.695639e+02
1.710000e-06	2.850142e-06	5.605210e-09	1.979700e+01	3.692854e+02
1.720000e-06	2.844953e-06	5.607682e-09	1.976096e+01	3.689296e+02
1.730000e-06	2.838584e-06	5.626863e-09	1.971672e+01	3.684809e+02
1.740000e-06	2.831397e-06	5.603361e-09	1.966680e+01	3.679329e+02
1.750000e-06	2.823274e-06	5.490129e-09	1.961037e+01	3.672948e+02
1.760000e-06	2.813678e-06	5.449305e-09	1.954372e+01	3.665928e+02
1.770000e-06	2.802575e-06	5.612815e-09	1.946660e+01	3.658652e+02
1.780000e-06	2.790839e-06	5.683910e-09	1.938509e+01	3.651539e+02
1.790000e-06	2.778991e-06	5.473713e-09	1.930279e+01	3.644915e+02
1.800000e-06	2.766070e-06	5.409296e-09	1.921304e+01	3.638915e+02
1.810000e-06	2.751402e-06	5.627912e-09	1.911116e+01	3.633425e+02
1.820000e-06	2.735812e-06	5.560107e-09	1.900287e+01	3.628093e+02
1.830000e-06	2.719681e-06	5.329508e-09	1.889082e+01	3.622411e+02
1.840000e-06	2.702299e-06	5.509160e-09	1.877009e+01	3.615837e+02
1.850000e-06	2.683688e-06	5.619948e-09	1.864081e+01	3.607930e+02
1.860000e-06	2.664486e-06	5.348939e-09	1.850744e+01	3.598443e+02
1.870000e-06	2.644392e-06	5.412624e-09	1.836787e+01	3.587364e+02
1.880000e-06	2.622988e-06	5.601917e-09	1.821920e+01	3.574883e+02
1.890000e-06	2.600580e-06	5.328918e-09	1.806355e+01	3.561315e+02
1.900000e-06	2.577214e-06	5.264859e-09	1.790125e+01	3.546994e+02
1.910000e-06	2.552851e-06	5.469366e-09	1.773203e+01	3.532186e+02
1.920000e-06	2.527820e-06	5.357255e-09	1.755816e+01	3.517036e+02
1.930000e-06	2.502013e-06	5.274033e-09	1.737891e+01	3.501560e+02
1.940000e-06	2.475308e-06	5.336100e-09	1.719342e+01	3.485682e+02
1.950000e-06	2.447995e-06	5.256342e-09	1.700370e+01	3.469281e+02
1.960000e-06	2.419734e-06	5.260634e-09	1.680740e+01	3.452245e+02
1.970000e-06	2.390155e-06	5.236312e-09	1.660195e+01	3.434499e+02
1.980000e-06	2.359601e-06	5.106319e-09	1.638972e+01	3.416012e+02
1.990000e-06	2.328334e-06	5.196103e-09	1.617254e+01	3.396784e+02
2.000000e-06	2.296412e-06	5.188393e-09	1.595081e+01	3.376832e+02
2.010000e-06	2.263770e-06	5.033730e-09	1.572408e+01	3.356174e+02
2.020000e-06	2.230233e-06	5.106555e-09	1.549113e+01	3.334835e+02
2.030000e-06	2.195900e-06	5.061577e-09	1.525266e+01	3.312848e+02
2.040000e-06	2.160972e-06	4.925960e-09	1.501005e+01	3.290262e+02
2.050000e-06	2.125395e-06	5.016957e-09	1.476293e+01	3.267136e+02
2.060000e-06	2.089028e-06	4.967342e-09	1.451033e+01	3.243527e+02
2.070000e-06	2.051662e-06	4.838921e-09	1.425078e+01	3.219458e+02
2.080000e-06	2.013234e-06	4.878322e-09	1.398387e+01	3.194904e+02
2.090000e-06	1.974106e-06	4.840390e-09	1.371208e+01	3.169785e+02
2.100000e-06	1.934496e-06	4.765706e-09	1.343695e+01	3.143989e+02
2.110000e-06	1.894291e-06	4.740993e-09	1.315769e+01	3.117406e+02
2.120000e-06	1.853411e-06	4.688704e-09	1.287374e+01	3.089974e+02
2.130000e-06	1.811950e-06	4.669247e-09	1.258575e+01	3.061709e+02
2.140000e-06	1.769910e-06	4.625103e-09	1.229374e+01	3.032707e+02
2.150000e-06	1.727246e-06	4.554252e-09	1.199740e+01	3.003109e+02
2.160000e-06	1.684118e-06	4.521909e-09	1.169783e+01	2.973046e+02
2.170000e-06	1.640599e-06	4.478896e-09	1.139555e+01	2.942583e+02
2.180000e-06	1.596539e-06	4.433302e-09	1.108951e+01	2.911675e+02
2.190000e-06	1.551837e-06	4.385700e-09	1.077902e+01	2.880177e+02
2.200000e-06	1.506473e-06	4.330185e-09	1.046392e+01	2.847890e+02
2.210000e-06	1.460596e-06	4.280716e-09	1.014525e+01	2.814627e+02
2.220000e-06	1.414347e-06	4.232843e-09	9.824010e+00	2.780292e+02
2.230000e-06	1.367634e-06	4.190682e-09	9.499542e+00	2.744917e+02
2.240000e-06	1.320342e-06	4.124719e-09	9.171053e+00	2.708653e+02
2.250000e-06	1.272448e-06	4.058742e-09	8.838384e+00	2.671712e+02
2.260000e-06	1.223998e-06	4.023855e-09	8.501856e+00	2.634274e+02
2.270000e-06	1.175111e-06	3.959507e-09	8.162288e+00	2.596410e+02
2.280000e-06	1.125858e-06	3.886805e-09	7.820175e+00	2.558035e+02
2.290000e-06	1.076174e-06	3.834921e-09	7.475076e+00	2.518928e+02
2.300000e-06	1.025978e-06	3.781095e-09	7.126413e+00	2.478808e+02
2.310000e-06	9.753011e-07	3.730140e-09	6.774413e+00	2.437441e+02
2.320000e-06	9.243530e-07	3.661802e-09	6.420528e+00	2.394732e+02
2.330000e-06	8.732088e-07	3.584738e-09	6.065283e+00	2.350771e+02
2.340000e-06	8.218437e-07	3.517062e-09	5.708502e+00	2.305808e+02
2.350000e-06	7.700923e-07	3.446171e-09	5.349038e+00	2.260161e+02
2.360000e-06	7.178667e-07	3.377632e-09	4.986281e+00	2.214094e+02
2.370000e-06	6.652613e-07	3.306416e-09	4.620885e+00	2.167707e+02
2.380000e-06	6.122967e-07	3.236653e-09	4.252995e+00	2.120883e+02
2.390000e-06	5.589935e-07	3.173474e-09	3.882752e+00	2.073318e+02
2.400000e-06	5.053011e-07	3.101561e-09	3.509807e+00	2.024622e+02
2.410000e-06	4.512216e-07	3.023117e-09	3.134172e+00	1.974451e+02
2.420000e-06	3.968999e-07	2.939325e-09	2.756855e+00	1.922623e+02
2.430000e-06	3.424019e-07	2.855969e-09	2.378313e+00	1.869183e+02
2.440000e-06	2.877669e-07	2.777035e-09	1.998821e+00	1.814366e+02
2.450000e-06	2.330275e-07	2.690667e-09	1.618602e+00	1.758498e+02
2.460000e-06	1.782127e-07	2.602907e-09	1.237860e+00	1.701856e+02
2.470000e-06	1.233442e-07	2.519297e-09	8.567451e-01	1.644546e+02
2.480000e-06	6.843290e-08	2.435450e-09	4.753329e-01	1.586446e+02
2.490000e-06	1.352685e-08	2.348496e-09	9.395712e-02	1.527237e+02
2.500000e-06	-4.139250e-08	2.253516e-09	-2.875110e-01	1.466504e+02
2.510000e-06	-9.634743e-08	2.157169e-09	-6.692264e-01	1.403879e+02
2.520000e-06	-1.512624e-07	2.060123e-09	-1.050664e+00	1.339158e+02
2.530000e-06	-2.061150e-07	1.956492e-09	-1.431669e+00	1.272346e+02
2.540000e-06	-2.608849e-07	1.848801e-09	-1.812099e+00	1.203626e+02
2.550000e-06	-3.155642e-07	1.741588e-09	-2.191900e+00	1.133245e+02
2.560000e-06	-3.700959e-07	1.638647e-09	-2.570675e+00	1.061373e+02
2.570000e-06	-4.244138e-07	1.534641e-09	-2.947965e+00	9.879887e+01
2.580000e-06	-4.785025e-07	1.422014e-09	-3.323664e+00	9.128375e+01
2.590000e-06	-5.323407e-07	1.302384e-09	-3.697623e+00	8.354793e+01
2.600000e-06	-5.858986e-07	1.177626e-09	-4.069634e+00	7.554076e+01
2.610000e-06	-6.391047e-07	1.048623e-09	-4.439202e+00	6.721952e+01
2.620000e-06	-6.918579e-07	9.156445e-10	-4.805625e+00	5.856091e+01
2.630000e-06	-7.441004e-07	7.779380e-10	-5.168499e+00	4.956490e+01
2.640000e-06	-7.959353e-07	6.372812e-10	-5.528543e+00	4.024931e+01
2.650000e-06	-8.474758e-07	4.952781e-10	-5.886542e+00	3.063718e+01
2.660000e-06	-8.987340e-07	3.493807e-10	-6.242580e+00	2.074164e+01
2.670000e-06	-9.497268e-07	1.962743e-10	-6.596775e+00	1.055432e+01
2.680000e-06	-1.000440e-06	3.671314e-11	-6.949025e+00	4.184512e-02
2.690000e-06	-1.050751e-06	-1.304336e-10	-7.298488e+00	-1.084773e+01
2.700000e-06	-1.100563e-06	-3.065878e-10	-7.644478e+00	-2.217048e+01
2.710000e-06	-1.149945e-06	-4.892369e-10	-7.987482e+00	-3.396877e+01
2.720000e-06	-1.198919e-06	-6.761105e-10	-8.327656e+00	-4.625582e+01
2.730000e-06	-1.247370e-06	-8.672261e-10	-8.664196e+00	-5.900745e+01
2.740000e-06	-1.295219e-06	-1.064116e-09	-8.996553e+00	-7.216298e+01
2.750000e-06	-1.342361e-06	-1.267888e-09	-9.324002e+00	-8.563423e+01
2.760000e-06	-1.388771e-06	-1.477796e-09	-9.646362e+00	-9.931865e+01
2.770000e-06	-1.434624e-06	-1.690338e-09	-9.964854e+00	-1.131119e+02
2.780000e-06	-1.480156e-06	-1.903426e-09	-1.028112e+01	-1.269158e+02
2.790000e-06	-1.525411e-06	-2.115726e-09	-1.059546e+01	-1.406401e+02
2.800000e-06	-1.570255e-06	-2.325594e-09	-1.090694e+01	-1.541992e+02
2.810000e-06	-1.614453e-06	-2.530673e-09	-1.121395e+01	-1.675064e+02
2.820000e-06	-1.658002e-06	-2.728982e-09	-1.151643e+01	-1.804708e+02
2.830000e-06	-1.701179e-06	-2.919314e-09	-1.181634e+01	-1.929977e+02
2.840000e-06	-1.744039e-06	-3.100698e-09	-1.211404e+01	-2.049952e+02
2.850000e-06	-1.786366e-06	-3.274184e-09	-1.240805e+01	-2.163838e+02
2.860000e-06	-1.828058e-06	-3.439614e-09	-1.269763e+01	-2.271067e+02
2.870000e-06	-1.869130e-06	-3.595134e-09	-1.298292e+01	-2.371364e+02
2.880000e-06	-1.909514e-06	-3.739940e-09	-1.326343e+01	-2.464759e+02
2.890000e-06	-1.949225e-06	-3.876136e-09	-1.353926e+01	-2.551536e+02
2.900000e-06	-1.988424e-06	-4.005471e-09	-1.381153e+01	-2.632141e+02
2.910000e-06	-2.027063e-06	-4.125497e-09	-1.407992e+01	-2.707076e+02
2.920000e-06	-2.064870e-06	-4.230146e-09	-1.434253e+01	-2.776814e+02
2.930000e-06	-2.101646e-06	-4.323028e-09	-1.459797e+01	-2.841758e+02
2.940000e-06	-2.137464e-06	-4.415602e-09	-1.484676e+01	-2.902241e+02
2.950000e-06	-2.172570e-06	-4.508436e-09	-1.509060e+01	-2.958566e+02
2.960000e-06	-2.207066e-06	-4.592858e-09	-1.533021e+01	-3.011042e+02
2.970000e-06	-2.240856e-06	-4.666467e-09	-1.556492e+01	-3.060014e+02
2.980000e-06	-2.273849e-06	-4.737839e-09	-1.579409e+01	-3.105857e+02
2.990000e-06	-2.305997e-06	-4.811230e-09	-1.601739e+01	-3.148938e+02
3.000000e-06	-2.337429e-06	-4.880294e-09	-1.623571e+01	-3.189576e+02
3.010000e-06	-2.368222e-06	-4.937910e-09	-1.644960e+01	-3.227993e+02
3.020000e-06	-2.398053e-06	-4.989199e-09	-1.665680e+01	-3.264304e+02
3.030000e-06	-2.426674e-06	-5.044250e-09	-1.685561e+01	-3.298532e+02
3.040000e-06	-2.454303e-06	-5.101912e-09	-1.704752e+01	-3.330649e+02
3.050000e-06	-2.481217e-06	-5.151038e-09	-1.723446e+01	-3.360639e+02
3.060000e-06	-2.507379e-06	-5.192435e-09	-1.741618e+01	-3.388537e+02
3.070000e-06	-2.532671e-06	-5.234978e-09	-1.759186e+01	-3.414452e+02
3.080000e-06	-2.557050e-06	-5.278544e-09	-1.776119e+01	-3.438563e+02
3.090000e-06	-2.580609e-06	-5.316462e-09	-1.792483e+01	-3.461086e+02
3.100000e-06	-2.603388e-06	-5.347614e-09	-1.808306e+01	-3.482225e+02
3.110000e-06	-2.625157e-06	-5.377227e-09	-1.823427e+01	-3.502144e+02
3.120000e-06	-2.645692e-06	-5.409002e-09	-1.837690e+01	-3.520941e+02
3.130000e-06	-2.665184e-06	-5.439548e-09	-1.851229e+01	-3.538648e+02
3.140000e-06	-2.683916e-06	-5.464123e-09	-1.864240e+01	-3.555255e+02
3.150000e-06	-2.701815e-06	-5.486196e-09	-1.876673e+01	-3.570728e+02
3.160000e-06	-2.718731e-06	-5.511248e-09	-1.888423e+01	-3.585044e+02
3.170000e-06	-2.734762e-06	-5.536638e-09	-1.899558e+01	-3.598197e+02
3.180000e-06	-2.750019e-06	-5.556359e-09	-1.910155e+01	-3.610215e+02
3.190000e-06	-2.764346e-06	-5.572247e-09	-1.920107e+01	-3.621152e+02
3.200000e-06	-2.777310e-06	-5.586760e-09	-1.929111e+01	-3.631082e+02
3.210000e-06	-2.788914e-06	-5.600021e-09	-1.937171e+01	-3.640096e+02
3.220000e-06	-2.799509e-06	-5.611308e-09	-1.944531e+01	-3.648286e+02
3.230000e-06	-2.809052e-06	-5.621093e-09	-1.951159e+01	-3.655735e+02
3.240000e-06	-2.817612e-06	-5.629961e-09	-1.957105e+01	-3.662506e+02
3.250000e-06	-2.825319e-06	-5.640504e-09	-1.962458e+01	-3.668622e+02
3.260000e-06	-2.832226e-06	-5.651340e-09	-1.967256e+01	-3.674064e+02
3.270000e-06	-2.838106e-06	-5.658816e-09	-1.971340e+01	-3.678768e+02
3.280000e-06	-2.842675e-06	-5.663381e-09	-1.974514e+01	-3.682645e+02
3.290000e-06	-2.846145e-06	-5.666277e-09	-1.976924e+01	-3.685609e+02
3.300000e-06	-2.848704e-06	-5.665643e-09	-1.978701e+01	-3.687611e+02
3.310000e-06	-2.850388e-06	-5.663067e-09	-1.979871e+01	-3.688668e+02
3.320000e-06	-2.851172e-06	-5.661474e-09	-1.980415e+01	-3.688866e+02
