# Temperatura_=_28.38
# Concentracion g/m^3_=_13400.0
# C_Vs_to_Am_M_A/Vsm_=_65563218390.804596
# pendiente_HvsI_1/m_=_3716.3
# ordenada_HvsI_A/m_=_1297.0
# frecuencia_Hz_=_300846.2711750565

Tiempo_(s)	Campo_(V.s)	Magnetizacion_(V.s)	Campo_(kA/m)	Magnetizacion_(A/m)
0.000000e+00	-2.855098e-06	-5.776408e-09	-1.980275e+01	-3.760292e+02
1.000000e-08	-2.854030e-06	-5.779232e-09	-1.979534e+01	-3.759042e+02
2.000000e-08	-2.851841e-06	-5.776476e-09	-1.978016e+01	-3.757417e+02
3.000000e-08	-2.848424e-06	-5.770722e-09	-1.975646e+01	-3.755493e+02
4.000000e-08	-2.844071e-06	-5.765898e-09	-1.972627e+01	-3.753195e+02
5.000000e-08	-2.838967e-06	-5.757203e-09	-1.969087e+01	-3.750316e+02
6.000000e-08	-2.833019e-06	-5.738077e-09	-1.964961e+01	-3.746586e+02
7.000000e-08	-2.826041e-06	-5.725324e-09	-1.960122e+01	-3.741783e+02
8.000000e-08	-2.817968e-06	-5.773644e-09	-1.954522e+01	-3.735834e+02
9.000000e-08	-2.808637e-06	-5.840395e-09	-1.948050e+01	-3.728874e+02
1.000000e-07	-2.797912e-06	-5.764407e-09	-1.940612e+01	-3.721235e+02
1.100000e-07	-2.786104e-06	-5.581907e-09	-1.932422e+01	-3.713363e+02
1.200000e-07	-2.773561e-06	-5.621655e-09	-1.923722e+01	-3.705686e+02
1.300000e-07	-2.760135e-06	-5.807731e-09	-1.914409e+01	-3.698480e+02
1.400000e-07	-2.745696e-06	-5.707731e-09	-1.904395e+01	-3.691771e+02
1.500000e-07	-2.730276e-06	-5.517211e-09	-1.893700e+01	-3.685312e+02
1.600000e-07	-2.713504e-06	-5.693079e-09	-1.882067e+01	-3.678650e+02
1.700000e-07	-2.695430e-06	-5.735633e-09	-1.869531e+01	-3.671247e+02
1.800000e-07	-2.676709e-06	-5.492807e-09	-1.856546e+01	-3.662634e+02
1.900000e-07	-2.657337e-06	-5.556730e-09	-1.843110e+01	-3.652537e+02
2.000000e-07	-2.636978e-06	-5.649668e-09	-1.828989e+01	-3.640936e+02
2.100000e-07	-2.615738e-06	-5.450656e-09	-1.814257e+01	-3.628051e+02
2.200000e-07	-2.593733e-06	-5.457584e-09	-1.798994e+01	-3.614248e+02
2.300000e-07	-2.570818e-06	-5.632040e-09	-1.783101e+01	-3.599916e+02
2.400000e-07	-2.546970e-06	-5.489598e-09	-1.766560e+01	-3.585340e+02
2.500000e-07	-2.522326e-06	-5.374380e-09	-1.749467e+01	-3.570627e+02
2.600000e-07	-2.496796e-06	-5.460434e-09	-1.731760e+01	-3.555696e+02
2.700000e-07	-2.470238e-06	-5.427666e-09	-1.713339e+01	-3.540331e+02
2.800000e-07	-2.442607e-06	-5.350811e-09	-1.694174e+01	-3.524275e+02
2.900000e-07	-2.413987e-06	-5.350687e-09	-1.674324e+01	-3.507328e+02
3.000000e-07	-2.384580e-06	-5.313400e-09	-1.653927e+01	-3.489413e+02
3.100000e-07	-2.354497e-06	-5.330993e-09	-1.633062e+01	-3.470594e+02
3.200000e-07	-2.323666e-06	-5.304922e-09	-1.611678e+01	-3.451041e+02
3.300000e-07	-2.292016e-06	-5.197892e-09	-1.589726e+01	-3.430957e+02
3.400000e-07	-2.259651e-06	-5.207550e-09	-1.567277e+01	-3.410505e+02
3.500000e-07	-2.226681e-06	-5.187545e-09	-1.544410e+01	-3.389751e+02
3.600000e-07	-2.192895e-06	-5.121467e-09	-1.520976e+01	-3.368647e+02
3.700000e-07	-2.157955e-06	-5.140245e-09	-1.496742e+01	-3.347060e+02
3.800000e-07	-2.121961e-06	-5.095353e-09	-1.471777e+01	-3.324825e+02
3.900000e-07	-2.085307e-06	-4.998056e-09	-1.446354e+01	-3.301809e+02
4.000000e-07	-2.048021e-06	-5.022628e-09	-1.420492e+01	-3.277957e+02
4.100000e-07	-2.009972e-06	-4.999140e-09	-1.394102e+01	-3.253307e+02
4.200000e-07	-1.971275e-06	-4.898191e-09	-1.367262e+01	-3.227973e+02
4.300000e-07	-1.931871e-06	-4.873294e-09	-1.339932e+01	-3.202095e+02
4.400000e-07	-1.891790e-06	-4.864289e-09	-1.312132e+01	-3.175797e+02
4.500000e-07	-1.851285e-06	-4.814683e-09	-1.284038e+01	-3.149139e+02
4.600000e-07	-1.810400e-06	-4.761111e-09	-1.255680e+01	-3.122099e+02
4.700000e-07	-1.768776e-06	-4.714395e-09	-1.226810e+01	-3.094587e+02
4.800000e-07	-1.726000e-06	-4.672796e-09	-1.197141e+01	-3.066470e+02
4.900000e-07	-1.682235e-06	-4.643813e-09	-1.166786e+01	-3.037617e+02
5.000000e-07	-1.637905e-06	-4.593862e-09	-1.136039e+01	-3.007932e+02
5.100000e-07	-1.593207e-06	-4.532500e-09	-1.105037e+01	-2.977380e+02
5.200000e-07	-1.548112e-06	-4.483088e-09	-1.073759e+01	-2.945984e+02
5.300000e-07	-1.502422e-06	-4.442375e-09	-1.042069e+01	-2.913808e+02
5.400000e-07	-1.456118e-06	-4.400529e-09	-1.009953e+01	-2.880935e+02
5.500000e-07	-1.409320e-06	-4.346005e-09	-9.774939e+00	-2.847429e+02
5.600000e-07	-1.362008e-06	-4.279538e-09	-9.446790e+00	-2.813315e+02
5.700000e-07	-1.314226e-06	-4.222524e-09	-9.115374e+00	-2.778567e+02
5.800000e-07	-1.266038e-06	-4.183435e-09	-8.781148e+00	-2.743114e+02
5.900000e-07	-1.217485e-06	-4.123187e-09	-8.444388e+00	-2.706852e+02
6.000000e-07	-1.168563e-06	-4.052439e-09	-8.105070e+00	-2.669676e+02
6.100000e-07	-1.119102e-06	-3.997584e-09	-7.762013e+00	-2.631502e+02
6.200000e-07	-1.069020e-06	-3.947505e-09	-7.414648e+00	-2.592290e+02
6.300000e-07	-1.018337e-06	-3.887021e-09	-7.063110e+00	-2.552057e+02
6.400000e-07	-9.671130e-07	-3.816626e-09	-6.707825e+00	-2.510869e+02
6.500000e-07	-9.153996e-07	-3.747128e-09	-6.349145e+00	-2.468824e+02
6.600000e-07	-8.632467e-07	-3.683576e-09	-5.987416e+00	-2.426024e+02
6.700000e-07	-8.108214e-07	-3.623374e-09	-5.623798e+00	-2.382538e+02
6.800000e-07	-7.581837e-07	-3.553659e-09	-5.258707e+00	-2.338382e+02
6.900000e-07	-7.052833e-07	-3.480619e-09	-4.891794e+00	-2.293502e+02
7.000000e-07	-6.521226e-07	-3.411440e-09	-4.523075e+00	-2.247784e+02
7.100000e-07	-5.987161e-07	-3.344462e-09	-4.152651e+00	-2.201079e+02
7.200000e-07	-5.451103e-07	-3.270259e-09	-3.780845e+00	-2.153240e+02
7.300000e-07	-4.913011e-07	-3.189367e-09	-3.407629e+00	-2.104156e+02
7.400000e-07	-4.372691e-07	-3.110005e-09	-3.032867e+00	-2.053780e+02
7.500000e-07	-3.830614e-07	-3.033215e-09	-2.656886e+00	-2.002128e+02
7.600000e-07	-3.287885e-07	-2.956143e-09	-2.280453e+00	-1.949264e+02
7.700000e-07	-2.744735e-07	-2.870691e-09	-1.903728e+00	-1.895260e+02
7.800000e-07	-2.200381e-07	-2.784078e-09	-1.526168e+00	-1.840157e+02
7.900000e-07	-1.655374e-07	-2.700508e-09	-1.148155e+00	-1.783932e+02
8.000000e-07	-1.110058e-07	-2.613581e-09	-7.699279e-01	-1.726492e+02
8.100000e-07	-5.642318e-08	-2.519285e-09	-3.913471e-01	-1.667683e+02
8.200000e-07	-1.806707e-09	-2.424235e-09	-1.253119e-02	-1.607330e+02
8.300000e-07	5.279934e-08	-2.330375e-09	3.662124e-01	-1.545274e+02
8.400000e-07	1.073288e-07	-2.232600e-09	7.444248e-01	-1.481406e+02
8.500000e-07	1.618112e-07	-2.130137e-09	1.122311e+00	-1.415679e+02
8.600000e-07	2.162678e-07	-2.023889e-09	1.500018e+00	-1.348091e+02
8.700000e-07	2.706734e-07	-1.917294e-09	1.877371e+00	-1.278651e+02
8.800000e-07	3.249949e-07	-1.808324e-09	2.254141e+00	-1.207334e+02
8.900000e-07	3.792132e-07	-1.694254e-09	2.630195e+00	-1.134048e+02
9.000000e-07	4.333299e-07	-1.575077e-09	3.005545e+00	-1.058615e+02
9.100000e-07	4.872866e-07	-1.455144e-09	3.379785e+00	-9.807922e+01
9.200000e-07	5.410490e-07	-1.334251e-09	3.752676e+00	-9.003014e+01
9.300000e-07	5.945731e-07	-1.206553e-09	4.123916e+00	-8.168769e+01
9.400000e-07	6.478406e-07	-1.072090e-09	4.493375e+00	-7.302990e+01
9.500000e-07	7.008553e-07	-9.330219e-10	4.861081e+00	-6.404057e+01
9.600000e-07	7.536392e-07	-7.914983e-10	5.227186e+00	-5.470764e+01
9.700000e-07	8.061827e-07	-6.448274e-10	5.591625e+00	-4.501921e+01
9.800000e-07	8.584601e-07	-4.890539e-10	5.954217e+00	-3.495886e+01
9.900000e-07	9.104279e-07	-3.245351e-10	6.314662e+00	-2.450207e+01
1.000000e-06	9.619753e-07	-1.548076e-10	6.672191e+00	-1.361553e+01
1.010000e-06	1.012980e-06	1.961491e-11	7.025954e+00	-2.260093e+00
1.020000e-06	1.063300e-06	1.998388e-10	7.374971e+00	9.602951e+00
1.030000e-06	1.112980e-06	3.867105e-10	7.719551e+00	2.200351e+01
1.040000e-06	1.162139e-06	5.837073e-10	8.060512e+00	3.495423e+01
1.050000e-06	1.210886e-06	7.916377e-10	8.398618e+00	4.844368e+01
1.060000e-06	1.259333e-06	1.008246e-09	8.734643e+00	6.243266e+01
1.070000e-06	1.307478e-06	1.228937e-09	9.068575e+00	7.685384e+01
1.080000e-06	1.355187e-06	1.453691e-09	9.399478e+00	9.161459e+01
1.090000e-06	1.402360e-06	1.681782e-09	9.726664e+00	1.066019e+02
1.100000e-06	1.449004e-06	1.910910e-09	1.005019e+01	1.216884e+02
1.110000e-06	1.495128e-06	2.138950e-09	1.037010e+01	1.367386e+02
1.120000e-06	1.540726e-06	2.362696e-09	1.068636e+01	1.516149e+02
1.130000e-06	1.585817e-06	2.580649e-09	1.099911e+01	1.661835e+02
1.140000e-06	1.630512e-06	2.795633e-09	1.130911e+01	1.803196e+02
1.150000e-06	1.674879e-06	3.004896e-09	1.161684e+01	1.939129e+02
1.160000e-06	1.718768e-06	3.200053e-09	1.192125e+01	2.068721e+02
1.170000e-06	1.761883e-06	3.381883e-09	1.222029e+01	2.191280e+02
1.180000e-06	1.804023e-06	3.554095e-09	1.251257e+01	2.306361e+02
1.190000e-06	1.845251e-06	3.719628e-09	1.279852e+01	2.413760e+02
1.200000e-06	1.885848e-06	3.875029e-09	1.308011e+01	2.513495e+02
1.210000e-06	1.925956e-06	4.014955e-09	1.335829e+01	2.605778e+02
1.220000e-06	1.965497e-06	4.139506e-09	1.363255e+01	2.690967e+02
1.230000e-06	2.004378e-06	4.254049e-09	1.390222e+01	2.769530e+02
1.240000e-06	2.042501e-06	4.361999e-09	1.416664e+01	2.842002e+02
1.250000e-06	2.079865e-06	4.462049e-09	1.442579e+01	2.908954e+02
1.260000e-06	2.116653e-06	4.554074e-09	1.468095e+01	2.970963e+02
1.270000e-06	2.152964e-06	4.639377e-09	1.493280e+01	3.028584e+02
1.280000e-06	2.188570e-06	4.720931e-09	1.517976e+01	3.082317e+02
1.290000e-06	2.223133e-06	4.798961e-09	1.541949e+01	3.132591e+02
1.300000e-06	2.256599e-06	4.870589e-09	1.565161e+01	3.179741e+02
1.310000e-06	2.289262e-06	4.934996e-09	1.587816e+01	3.224012e+02
1.320000e-06	2.321308e-06	4.994989e-09	1.610042e+01	3.265568e+02
1.330000e-06	2.352619e-06	5.051916e-09	1.631759e+01	3.304525e+02
1.340000e-06	2.383108e-06	5.104139e-09	1.652907e+01	3.340986e+02
1.350000e-06	2.412738e-06	5.150525e-09	1.673458e+01	3.375071e+02
1.360000e-06	2.441609e-06	5.193889e-09	1.693482e+01	3.406934e+02
1.370000e-06	2.469869e-06	5.239336e-09	1.713083e+01	3.436760e+02
1.380000e-06	2.497247e-06	5.283540e-09	1.732072e+01	3.464740e+02
1.390000e-06	2.523419e-06	5.321819e-09	1.750225e+01	3.491039e+02
1.400000e-06	2.548476e-06	5.355098e-09	1.767604e+01	3.515770e+02
1.410000e-06	2.572664e-06	5.384943e-09	1.784381e+01	3.538988e+02
1.420000e-06	2.595962e-06	5.412894e-09	1.800541e+01	3.560697e+02
1.430000e-06	2.618325e-06	5.440180e-09	1.816051e+01	3.580889e+02
1.440000e-06	2.639785e-06	5.467791e-09	1.830936e+01	3.599584e+02
1.450000e-06	2.660502e-06	5.495448e-09	1.845305e+01	3.616862e+02
1.460000e-06	2.680612e-06	5.521175e-09	1.859253e+01	3.632869e+02
1.470000e-06	2.699799e-06	5.543742e-09	1.872561e+01	3.647800e+02
1.480000e-06	2.717887e-06	5.563908e-09	1.885106e+01	3.661850e+02
1.490000e-06	2.735079e-06	5.582331e-09	1.897031e+01	3.675162e+02
1.500000e-06	2.751284e-06	5.599217e-09	1.908271e+01	3.687791e+02
1.510000e-06	2.766325e-06	5.614242e-09	1.918703e+01	3.699692e+02
1.520000e-06	2.780286e-06	5.629246e-09	1.928386e+01	3.710746e+02
1.530000e-06	2.793230e-06	5.645610e-09	1.937364e+01	3.720816e+02
1.540000e-06	2.805113e-06	5.661615e-09	1.945606e+01	3.729805e+02
1.550000e-06	2.815717e-06	5.675513e-09	1.952961e+01	3.737708e+02
1.560000e-06	2.825044e-06	5.685999e-09	1.959430e+01	3.744615e+02
1.570000e-06	2.833425e-06	5.694908e-09	1.965243e+01	3.750691e+02
1.580000e-06	2.840941e-06	5.703316e-09	1.970456e+01	3.756113e+02
1.590000e-06	2.847475e-06	5.710343e-09	1.974988e+01	3.761006e+02
1.600000e-06	2.853041e-06	5.715897e-09	1.978849e+01	3.765395e+02
1.610000e-06	2.857780e-06	5.721113e-09	1.982135e+01	3.769199e+02
1.620000e-06	2.861652e-06	5.727851e-09	1.984821e+01	3.772266e+02
1.630000e-06	2.864304e-06	5.734042e-09	1.986660e+01	3.774441e+02
1.640000e-06	2.865650e-06	5.737084e-09	1.987594e+01	3.775635e+02
1.650000e-06	2.866019e-06	5.737476e-09	1.987850e+01	3.775877e+02
1.660000e-06	2.865567e-06	5.736714e-09	1.987536e+01	3.775308e+02
1.670000e-06	2.864229e-06	5.734410e-09	1.986609e+01	3.774140e+02
1.680000e-06	2.861971e-06	5.731402e-09	1.985043e+01	3.772569e+02
1.690000e-06	2.858904e-06	5.728171e-09	1.982915e+01	3.770695e+02
1.700000e-06	2.855150e-06	5.723341e-09	1.980311e+01	3.768473e+02
1.710000e-06	2.850371e-06	5.722325e-09	1.976996e+01	3.765713e+02
1.720000e-06	2.844312e-06	5.738389e-09	1.972794e+01	3.762151e+02
1.730000e-06	2.837259e-06	5.734740e-09	1.967902e+01	3.757547e+02
1.740000e-06	2.829323e-06	5.639914e-09	1.962398e+01	3.751795e+02
1.750000e-06	2.820031e-06	5.567451e-09	1.955953e+01	3.744992e+02
1.760000e-06	2.809103e-06	5.688912e-09	1.948373e+01	3.737440e+02
1.770000e-06	2.797321e-06	5.811149e-09	1.940202e+01	3.729572e+02
1.780000e-06	2.785458e-06	5.641158e-09	1.931973e+01	3.721831e+02
1.790000e-06	2.772762e-06	5.500981e-09	1.923168e+01	3.714528e+02
1.800000e-06	2.758348e-06	5.679641e-09	1.913170e+01	3.707737e+02
1.810000e-06	2.742845e-06	5.711033e-09	1.902417e+01	3.701258e+02
1.820000e-06	2.726850e-06	5.468553e-09	1.891323e+01	3.694668e+02
1.830000e-06	2.709759e-06	5.548661e-09	1.879469e+01	3.687431e+02
1.840000e-06	2.691307e-06	5.750685e-09	1.866671e+01	3.679058e+02
1.850000e-06	2.672153e-06	5.513310e-09	1.853386e+01	3.669231e+02
1.860000e-06	2.652245e-06	5.446206e-09	1.839578e+01	3.657885e+02
1.870000e-06	2.631100e-06	5.694820e-09	1.824912e+01	3.645202e+02
1.880000e-06	2.608877e-06	5.512341e-09	1.809498e+01	3.631530e+02
1.890000e-06	2.585670e-06	5.330323e-09	1.793402e+01	3.617264e+02
1.900000e-06	2.561471e-06	5.550807e-09	1.776618e+01	3.602714e+02
1.910000e-06	2.536560e-06	5.519463e-09	1.759340e+01	3.588022e+02
1.920000e-06	2.510885e-06	5.358176e-09	1.741532e+01	3.573140e+02
1.930000e-06	2.484247e-06	5.423295e-09	1.723055e+01	3.557868e+02
1.940000e-06	2.456925e-06	5.402548e-09	1.704106e+01	3.541949e+02
1.950000e-06	2.428855e-06	5.345751e-09	1.684636e+01	3.525168e+02
1.960000e-06	2.399561e-06	5.349302e-09	1.664318e+01	3.507421e+02
1.970000e-06	2.369168e-06	5.241931e-09	1.643237e+01	3.488750e+02
1.980000e-06	2.338005e-06	5.264606e-09	1.621624e+01	3.469309e+02
1.990000e-06	2.306147e-06	5.312898e-09	1.599527e+01	3.449302e+02
2.000000e-06	2.273585e-06	5.171032e-09	1.576942e+01	3.428904e+02
2.010000e-06	2.240145e-06	5.181574e-09	1.553748e+01	3.408201e+02
2.020000e-06	2.205891e-06	5.185441e-09	1.529990e+01	3.387164e+02
2.030000e-06	2.171040e-06	5.050606e-09	1.505818e+01	3.365671e+02
2.040000e-06	2.135610e-06	5.099520e-09	1.481243e+01	3.343560e+02
2.050000e-06	2.099546e-06	5.093350e-09	1.456230e+01	3.320686e+02
2.060000e-06	2.062534e-06	4.960455e-09	1.430559e+01	3.296980e+02
2.070000e-06	2.024340e-06	4.982146e-09	1.404067e+01	3.272463e+02
2.080000e-06	1.985323e-06	4.969372e-09	1.377005e+01	3.247236e+02
2.090000e-06	1.945791e-06	4.884771e-09	1.349587e+01	3.221442e+02
2.100000e-06	1.905625e-06	4.857647e-09	1.321728e+01	3.195209e+02
2.110000e-06	1.864786e-06	4.809731e-09	1.293402e+01	3.168611e+02
2.120000e-06	1.823390e-06	4.784078e-09	1.264690e+01	3.141641e+02
2.130000e-06	1.781430e-06	4.749940e-09	1.235587e+01	3.114218e+02
2.140000e-06	1.738824e-06	4.682419e-09	1.206035e+01	3.086216e+02
2.150000e-06	1.695689e-06	4.653428e-09	1.176118e+01	3.057499e+02
2.160000e-06	1.652178e-06	4.611737e-09	1.145938e+01	3.027963e+02
2.170000e-06	1.608147e-06	4.565840e-09	1.115399e+01	2.997563e+02
2.180000e-06	1.563436e-06	4.522379e-09	1.084388e+01	2.966309e+02
2.190000e-06	1.518065e-06	4.461957e-09	1.052919e+01	2.934264e+02
2.200000e-06	1.472158e-06	4.412295e-09	1.021078e+01	2.901506e+02
2.210000e-06	1.425915e-06	4.367321e-09	9.890041e+00	2.868106e+02
2.220000e-06	1.379293e-06	4.324154e-09	9.566676e+00	2.834097e+02
2.230000e-06	1.332119e-06	4.270553e-09	9.239483e+00	2.799463e+02
2.240000e-06	1.284226e-06	4.202077e-09	8.907301e+00	2.764139e+02
2.250000e-06	1.235670e-06	4.164078e-09	8.570517e+00	2.728026e+02
2.260000e-06	1.186737e-06	4.113844e-09	8.231122e+00	2.691017e+02
2.270000e-06	1.137474e-06	4.037905e-09	7.889437e+00	2.653022e+02
2.280000e-06	1.087799e-06	3.981055e-09	7.544892e+00	2.613993e+02
2.290000e-06	1.037646e-06	3.924948e-09	7.197035e+00	2.573935e+02
2.300000e-06	9.870421e-07	3.872379e-09	6.846052e+00	2.532907e+02
2.310000e-06	9.360952e-07	3.809383e-09	6.492688e+00	2.491004e+02
2.320000e-06	8.848961e-07	3.735506e-09	6.137575e+00	2.448328e+02
2.330000e-06	8.334639e-07	3.671111e-09	5.780845e+00	2.404958e+02
2.340000e-06	7.817584e-07	3.604426e-09	5.422219e+00	2.360920e+02
2.350000e-06	7.296225e-07	3.537706e-09	5.060609e+00	2.316173e+02
2.360000e-06	6.769702e-07	3.467289e-09	4.695416e+00	2.270611e+02
2.370000e-06	6.239230e-07	3.393519e-09	4.327484e+00	2.224091e+02
2.380000e-06	5.705485e-07	3.326955e-09	3.957283e+00	2.176460e+02
2.390000e-06	5.168206e-07	3.256650e-09	3.584630e+00	2.127600e+02
2.400000e-06	4.626949e-07	3.180041e-09	3.209218e+00	2.077451e+02
2.410000e-06	4.082890e-07	3.099889e-09	2.831863e+00	2.026020e+02
2.420000e-06	3.537165e-07	3.017932e-09	2.453352e+00	1.973364e+02
2.430000e-06	2.989863e-07	2.941649e-09	2.073747e+00	1.919555e+02
2.440000e-06	2.441611e-07	2.857553e-09	1.693484e+00	1.864644e+02
2.450000e-06	1.892585e-07	2.765207e-09	1.312684e+00	1.808621e+02
2.460000e-06	1.343301e-07	2.678672e-09	9.317038e-01	1.751404e+02
2.470000e-06	7.938712e-08	2.596770e-09	5.506233e-01	1.692849e+02
2.480000e-06	2.438583e-08	2.512654e-09	1.691384e-01	1.632781e+02
2.490000e-06	-3.061527e-08	2.416731e-09	-2.123453e-01	1.571035e+02
2.500000e-06	-8.558457e-08	2.317176e-09	-5.936084e-01	1.507492e+02
2.510000e-06	-1.405283e-07	2.221518e-09	-9.746940e-01	1.442094e+02
2.520000e-06	-1.954366e-07	2.121684e-09	-1.355534e+00	1.374834e+02
2.530000e-06	-2.503090e-07	2.013595e-09	-1.736125e+00	1.305721e+02
2.540000e-06	-3.051028e-07	1.902467e-09	-2.116171e+00	1.234741e+02
2.550000e-06	-3.597460e-07	1.794270e-09	-2.495172e+00	1.161813e+02
2.560000e-06	-4.141641e-07	1.685910e-09	-2.872612e+00	1.086777e+02
2.570000e-06	-4.683723e-07	1.570404e-09	-3.248596e+00	1.009397e+02
2.580000e-06	-5.223662e-07	1.448194e-09	-3.623094e+00	9.293992e+01
2.590000e-06	-5.760243e-07	1.322771e-09	-3.995263e+00	8.465128e+01
2.600000e-06	-6.293127e-07	1.192620e-09	-4.364867e+00	7.605078e+01
2.610000e-06	-6.822201e-07	1.055880e-09	-4.731829e+00	6.712126e+01
2.620000e-06	-7.347063e-07	9.109302e-10	-5.095870e+00	5.785014e+01
2.630000e-06	-7.867634e-07	7.621411e-10	-5.456933e+00	4.822586e+01
2.640000e-06	-8.384860e-07	6.146419e-10	-5.815678e+00	3.823310e+01
2.650000e-06	-8.899551e-07	4.632178e-10	-6.172663e+00	2.784895e+01
2.660000e-06	-9.411245e-07	3.006080e-10	-6.527571e+00	1.704156e+01
2.670000e-06	-9.919639e-07	1.272760e-10	-6.880189e+00	5.772449e+00
2.680000e-06	-1.042434e-06	-5.164058e-11	-7.230245e+00	-5.997746e+00
2.690000e-06	-1.092454e-06	-2.385377e-10	-7.577180e+00	-1.830115e+01
2.700000e-06	-1.142015e-06	-4.371103e-10	-7.920933e+00	-3.115406e+01
2.710000e-06	-1.191168e-06	-6.439454e-10	-8.261855e+00	-4.454972e+01
2.720000e-06	-1.239840e-06	-8.556737e-10	-8.599437e+00	-5.845401e+01
2.730000e-06	-1.287826e-06	-1.071953e-09	-8.932267e+00	-7.280448e+01
2.740000e-06	-1.335060e-06	-1.294099e-09	-9.259882e+00	-8.751273e+01
2.750000e-06	-1.381643e-06	-1.522388e-09	-9.582978e+00	-1.024690e+02
2.760000e-06	-1.427709e-06	-1.753438e-09	-9.902487e+00	-1.175479e+02
2.770000e-06	-1.473380e-06	-1.983475e-09	-1.021926e+01	-1.326151e+02
2.780000e-06	-1.518728e-06	-2.212844e-09	-1.053379e+01	-1.475328e+02
2.790000e-06	-1.563724e-06	-2.441869e-09	-1.084588e+01	-1.621661e+02
2.800000e-06	-1.608153e-06	-2.665110e-09	-1.115404e+01	-1.763884e+02
2.810000e-06	-1.651947e-06	-2.876702e-09	-1.145778e+01	-1.900863e+02
2.820000e-06	-1.695274e-06	-3.075978e-09	-1.175830e+01	-2.031648e+02
2.830000e-06	-1.738220e-06	-3.263202e-09	-1.205617e+01	-2.155507e+02
2.840000e-06	-1.780676e-06	-3.439645e-09	-1.235064e+01	-2.271949e+02
2.850000e-06	-1.822544e-06	-3.606203e-09	-1.264103e+01	-2.380727e+02
2.860000e-06	-1.863795e-06	-3.761328e-09	-1.292715e+01	-2.481824e+02
2.870000e-06	-1.904384e-06	-3.905027e-09	-1.320867e+01	-2.575419e+02
2.880000e-06	-1.944311e-06	-4.041399e-09	-1.348560e+01	-2.661847e+02
2.890000e-06	-1.983716e-06	-4.172417e-09	-1.375891e+01	-2.741558e+02
2.900000e-06	-2.022580e-06	-4.291439e-09	-1.402847e+01	-2.815080e+02
2.910000e-06	-2.060628e-06	-4.392956e-09	-1.429237e+01	-2.882979e+02
2.920000e-06	-2.097692e-06	-4.481687e-09	-1.454944e+01	-2.945833e+02
2.930000e-06	-2.133767e-06	-4.567235e-09	-1.479965e+01	-3.004202e+02
2.940000e-06	-2.169090e-06	-4.653379e-09	-1.504465e+01	-3.058599e+02
2.950000e-06	-2.203789e-06	-4.736986e-09	-1.528532e+01	-3.109467e+02
2.960000e-06	-2.237722e-06	-4.813654e-09	-1.552068e+01	-3.157158e+02
2.970000e-06	-2.270878e-06	-4.884996e-09	-1.575064e+01	-3.201933e+02
2.980000e-06	-2.303276e-06	-4.954020e-09	-1.597535e+01	-3.243967e+02
2.990000e-06	-2.334923e-06	-5.019587e-09	-1.619486e+01	-3.283385e+02
3.000000e-06	-2.365900e-06	-5.075517e-09	-1.640971e+01	-3.320287e+02
3.010000e-06	-2.395963e-06	-5.122228e-09	-1.661823e+01	-3.354790e+02
3.020000e-06	-2.424836e-06	-5.170763e-09	-1.681848e+01	-3.387041e+02
3.030000e-06	-2.452685e-06	-5.225209e-09	-1.701164e+01	-3.417220e+02
3.040000e-06	-2.479798e-06	-5.276996e-09	-1.719970e+01	-3.445520e+02
3.050000e-06	-2.506171e-06	-5.321394e-09	-1.738262e+01	-3.472112e+02
3.060000e-06	-2.531641e-06	-5.361461e-09	-1.755928e+01	-3.497121e+02
3.070000e-06	-2.556198e-06	-5.400043e-09	-1.772960e+01	-3.520612e+02
3.080000e-06	-2.579938e-06	-5.435039e-09	-1.789426e+01	-3.542595e+02
3.090000e-06	-2.602970e-06	-5.464015e-09	-1.805401e+01	-3.563061e+02
3.100000e-06	-2.625015e-06	-5.490762e-09	-1.820691e+01	-3.582023e+02
3.110000e-06	-2.645761e-06	-5.520522e-09	-1.835081e+01	-3.599549e+02
3.120000e-06	-2.665470e-06	-5.551238e-09	-1.848750e+01	-3.615773e+02
3.130000e-06	-2.684401e-06	-5.576061e-09	-1.861881e+01	-3.630885e+02
3.140000e-06	-2.702455e-06	-5.596790e-09	-1.874403e+01	-3.645083e+02
3.150000e-06	-2.719599e-06	-5.619095e-09	-1.886294e+01	-3.658523e+02
3.160000e-06	-2.735889e-06	-5.641832e-09	-1.897593e+01	-3.671279e+02
3.170000e-06	-2.751340e-06	-5.659683e-09	-1.908310e+01	-3.683320e+02
3.180000e-06	-2.765877e-06	-5.673988e-09	-1.918392e+01	-3.694540e+02
3.190000e-06	-2.779130e-06	-5.689494e-09	-1.927584e+01	-3.704797e+02
3.200000e-06	-2.791000e-06	-5.706717e-09	-1.935817e+01	-3.713987e+02
3.210000e-06	-2.801754e-06	-5.721239e-09	-1.943276e+01	-3.722083e+02
3.220000e-06	-2.811537e-06	-5.731477e-09	-1.950062e+01	-3.729161e+02
3.230000e-06	-2.820352e-06	-5.739308e-09	-1.956176e+01	-3.735375e+02
3.240000e-06	-2.828250e-06	-5.746502e-09	-1.961654e+01	-3.740906e+02
3.250000e-06	-2.835338e-06	-5.751932e-09	-1.966570e+01	-3.745892e+02
3.260000e-06	-2.841388e-06	-5.757563e-09	-1.970766e+01	-3.750378e+02
3.270000e-06	-2.846165e-06	-5.765208e-09	-1.974079e+01	-3.754300e+02
3.280000e-06	-2.849841e-06	-5.771947e-09	-1.976629e+01	-3.757514e+02
3.290000e-06	-2.852632e-06	-5.774534e-09	-1.978565e+01	-3.759861e+02
3.300000e-06	-2.854522e-06	-5.773481e-09	-1.979876e+01	-3.761236e+02
3.310000e-06	-2.855487e-06	-5.772807e-09	-1.980545e+01	-3.761644e+02
3.320000e-06	-2.855580e-06	-5.773685e-09	-1.980609e+01	-3.761209e+02
