# Temperatura_=_24.22
# Concentracion g/m^3_=_13400.0
# C_Vs_to_Am_M_A/Vsm_=_65563218390.804596
# pendiente_HvsI_1/m_=_3716.3
# ordenada_HvsI_A/m_=_1297.0
# frecuencia_Hz_=_300840.1960749945

Tiempo_(s)	Campo_(V.s)	Magnetizacion_(V.s)	Campo_(kA/m)	Magnetizacion_(A/m)
0.000000e+00	-2.856303e-06	-5.686808e-09	-1.980144e+01	-3.699224e+02
1.000000e-08	-2.855365e-06	-5.684329e-09	-1.979493e+01	-3.697407e+02
2.000000e-08	-2.853429e-06	-5.682524e-09	-1.978151e+01	-3.695322e+02
3.000000e-08	-2.850223e-06	-5.678603e-09	-1.975929e+01	-3.692970e+02
4.000000e-08	-2.845996e-06	-5.671768e-09	-1.972999e+01	-3.690214e+02
5.000000e-08	-2.840995e-06	-5.663381e-09	-1.969532e+01	-3.686838e+02
6.000000e-08	-2.835134e-06	-5.655738e-09	-1.965468e+01	-3.682632e+02
7.000000e-08	-2.828313e-06	-5.643357e-09	-1.960740e+01	-3.677481e+02
8.000000e-08	-2.820437e-06	-5.644428e-09	-1.955279e+01	-3.671413e+02
9.000000e-08	-2.811377e-06	-5.658210e-09	-1.948999e+01	-3.664609e+02
1.000000e-07	-2.800884e-06	-5.657097e-09	-1.941724e+01	-3.657351e+02
1.100000e-07	-2.789159e-06	-5.577930e-09	-1.933596e+01	-3.649945e+02
1.200000e-07	-2.776708e-06	-5.548977e-09	-1.924965e+01	-3.642632e+02
1.300000e-07	-2.763439e-06	-5.606862e-09	-1.915766e+01	-3.635526e+02
1.400000e-07	-2.749133e-06	-5.608089e-09	-1.905848e+01	-3.628580e+02
1.500000e-07	-2.733841e-06	-5.500123e-09	-1.895247e+01	-3.621610e+02
1.600000e-07	-2.717287e-06	-5.513167e-09	-1.883770e+01	-3.614343e+02
1.700000e-07	-2.699438e-06	-5.586943e-09	-1.871396e+01	-3.606491e+02
1.800000e-07	-2.680808e-06	-5.470174e-09	-1.858481e+01	-3.597815e+02
1.900000e-07	-2.661446e-06	-5.431303e-09	-1.845058e+01	-3.588165e+02
2.000000e-07	-2.641175e-06	-5.503089e-09	-1.831005e+01	-3.577500e+02
2.100000e-07	-2.620040e-06	-5.428303e-09	-1.816354e+01	-3.565870e+02
2.200000e-07	-2.598082e-06	-5.357184e-09	-1.801131e+01	-3.553385e+02
2.300000e-07	-2.575201e-06	-5.438110e-09	-1.785269e+01	-3.540176e+02
2.400000e-07	-2.551400e-06	-5.409348e-09	-1.768769e+01	-3.526361e+02
2.500000e-07	-2.526834e-06	-5.327280e-09	-1.751738e+01	-3.512022e+02
2.600000e-07	-2.501458e-06	-5.337584e-09	-1.734146e+01	-3.497198e+02
2.700000e-07	-2.475043e-06	-5.325403e-09	-1.715834e+01	-3.481890e+02
2.800000e-07	-2.447469e-06	-5.259060e-09	-1.696718e+01	-3.466066e+02
2.900000e-07	-2.418900e-06	-5.247527e-09	-1.676913e+01	-3.449677e+02
3.000000e-07	-2.389561e-06	-5.233415e-09	-1.656573e+01	-3.432674e+02
3.100000e-07	-2.359490e-06	-5.209674e-09	-1.635726e+01	-3.415017e+02
3.200000e-07	-2.328691e-06	-5.194826e-09	-1.614375e+01	-3.396683e+02
3.300000e-07	-2.297052e-06	-5.134097e-09	-1.592441e+01	-3.377677e+02
3.400000e-07	-2.264686e-06	-5.116361e-09	-1.570003e+01	-3.358026e+02
3.500000e-07	-2.231806e-06	-5.085413e-09	-1.547209e+01	-3.337774e+02
3.600000e-07	-2.198158e-06	-5.033517e-09	-1.523882e+01	-3.316970e+02
3.700000e-07	-2.163331e-06	-5.028447e-09	-1.499738e+01	-3.295648e+02
3.800000e-07	-2.127427e-06	-4.995297e-09	-1.474847e+01	-3.273819e+02
3.900000e-07	-2.090864e-06	-4.928754e-09	-1.449500e+01	-3.251460e+02
4.000000e-07	-2.053699e-06	-4.925481e-09	-1.423735e+01	-3.228518e+02
4.100000e-07	-2.015803e-06	-4.902576e-09	-1.397464e+01	-3.204926e+02
4.200000e-07	-1.977162e-06	-4.831309e-09	-1.370676e+01	-3.180620e+02
4.300000e-07	-1.937784e-06	-4.801431e-09	-1.343377e+01	-3.155556e+02
4.400000e-07	-1.897744e-06	-4.768735e-09	-1.315619e+01	-3.129728e+02
4.500000e-07	-1.857262e-06	-4.723725e-09	-1.287554e+01	-3.103160e+02
4.600000e-07	-1.816392e-06	-4.682695e-09	-1.259221e+01	-3.075900e+02
4.700000e-07	-1.774881e-06	-4.641789e-09	-1.230443e+01	-3.047994e+02
4.800000e-07	-1.732360e-06	-4.595962e-09	-1.200966e+01	-3.019473e+02
4.900000e-07	-1.688809e-06	-4.554256e-09	-1.170774e+01	-2.990337e+02
5.000000e-07	-1.644592e-06	-4.507655e-09	-1.140120e+01	-2.960555e+02
5.100000e-07	-1.599960e-06	-4.457235e-09	-1.109179e+01	-2.930078e+02
5.200000e-07	-1.554887e-06	-4.410654e-09	-1.077932e+01	-2.898857e+02
5.300000e-07	-1.509289e-06	-4.362794e-09	-1.046321e+01	-2.866862e+02
5.400000e-07	-1.463121e-06	-4.320448e-09	-1.014315e+01	-2.834087e+02
5.500000e-07	-1.416418e-06	-4.263153e-09	-9.819380e+00	-2.800547e+02
5.600000e-07	-1.369159e-06	-4.199690e-09	-9.491749e+00	-2.766264e+02
5.700000e-07	-1.321334e-06	-4.143850e-09	-9.160202e+00	-2.731243e+02
5.800000e-07	-1.273158e-06	-4.097490e-09	-8.826221e+00	-2.695464e+02
5.900000e-07	-1.224712e-06	-4.042198e-09	-8.490366e+00	-2.658873e+02
6.000000e-07	-1.175883e-06	-3.982570e-09	-8.151857e+00	-2.621397e+02
6.100000e-07	-1.126528e-06	-3.927907e-09	-7.809705e+00	-2.582966e+02
6.200000e-07	-1.076507e-06	-3.866133e-09	-7.462929e+00	-2.543538e+02
6.300000e-07	-1.025858e-06	-3.800058e-09	-7.111801e+00	-2.503118e+02
6.400000e-07	-9.746913e-07	-3.729357e-09	-6.757088e+00	-2.461760e+02
6.500000e-07	-9.229916e-07	-3.663352e-09	-6.398677e+00	-2.419553e+02
6.600000e-07	-8.708671e-07	-3.600179e-09	-6.037322e+00	-2.376589e+02
6.700000e-07	-8.184902e-07	-3.538400e-09	-5.674217e+00	-2.332933e+02
6.800000e-07	-7.658823e-07	-3.472469e-09	-5.309511e+00	-2.288594e+02
6.900000e-07	-7.130304e-07	-3.403864e-09	-4.943112e+00	-2.243521e+02
7.000000e-07	-6.599180e-07	-3.333732e-09	-4.574909e+00	-2.197612e+02
7.100000e-07	-6.065494e-07	-3.258846e-09	-4.204929e+00	-2.150743e+02
7.200000e-07	-5.529190e-07	-3.180595e-09	-3.833133e+00	-2.102800e+02
7.300000e-07	-4.990324e-07	-3.099717e-09	-3.459563e+00	-2.053712e+02
7.400000e-07	-4.449795e-07	-3.024431e-09	-3.084838e+00	-2.003458e+02
7.500000e-07	-3.907732e-07	-2.948717e-09	-2.709051e+00	-1.952067e+02
7.600000e-07	-3.364716e-07	-2.868750e-09	-2.332603e+00	-1.899595e+02
7.700000e-07	-2.821406e-07	-2.785328e-09	-1.955951e+00	-1.846087e+02
7.800000e-07	-2.277379e-07	-2.703245e-09	-1.578802e+00	-1.791558e+02
7.900000e-07	-1.732782e-07	-2.620644e-09	-1.201258e+00	-1.735968e+02
8.000000e-07	-1.187784e-07	-2.530978e-09	-8.234362e-01	-1.679229e+02
8.100000e-07	-6.420430e-08	-2.436524e-09	-4.450990e-01	-1.621211e+02
8.200000e-07	-9.590636e-09	-2.342199e-09	-6.648748e-02	-1.561777e+02
8.300000e-07	4.500716e-08	-2.249445e-09	3.120140e-01	-1.500798e+02
8.400000e-07	9.956470e-08	-2.153450e-09	6.902363e-01	-1.438181e+02
8.500000e-07	1.540960e-07	-2.055690e-09	1.068277e+00	-1.373862e+02
8.600000e-07	2.086129e-07	-1.955300e-09	1.446217e+00	-1.307808e+02
8.700000e-07	2.630783e-07	-1.853200e-09	1.823801e+00	-1.239991e+02
8.800000e-07	3.174692e-07	-1.747332e-09	2.200868e+00	-1.170367e+02
8.900000e-07	3.717497e-07	-1.634325e-09	2.577170e+00	-1.098855e+02
9.000000e-07	4.258964e-07	-1.515995e-09	2.952545e+00	-1.025325e+02
9.100000e-07	4.798856e-07	-1.396201e-09	3.326827e+00	-9.495995e+01
9.200000e-07	5.337269e-07	-1.279313e-09	3.700084e+00	-8.714612e+01
9.300000e-07	5.874023e-07	-1.159030e-09	4.072190e+00	-7.906725e+01
9.400000e-07	6.407759e-07	-1.031549e-09	4.442205e+00	-7.069976e+01
9.500000e-07	6.938409e-07	-8.975155e-10	4.810081e+00	-6.202211e+01
9.600000e-07	7.466601e-07	-7.602593e-10	5.176252e+00	-5.301590e+01
9.700000e-07	7.992928e-07	-6.174620e-10	5.541130e+00	-4.366583e+01
9.800000e-07	8.516876e-07	-4.659026e-10	5.904359e+00	-3.395835e+01
9.900000e-07	9.037002e-07	-3.071951e-10	6.264939e+00	-2.387940e+01
1.000000e-06	9.552864e-07	-1.441753e-10	6.622562e+00	-1.341203e+01
1.010000e-06	1.006371e-06	2.052425e-11	6.976711e+00	-2.534786e+00
1.020000e-06	1.056855e-06	1.887322e-10	7.326690e+00	8.777942e+00
1.030000e-06	1.106722e-06	3.638284e-10	7.672397e+00	2.055289e+01
1.040000e-06	1.156004e-06	5.529126e-10	8.014043e+00	3.281213e+01
1.050000e-06	1.204824e-06	7.534163e-10	8.352495e+00	4.556517e+01
1.060000e-06	1.253338e-06	9.580195e-10	8.688819e+00	5.880061e+01
1.070000e-06	1.301511e-06	1.164718e-09	9.022777e+00	7.247924e+01
1.080000e-06	1.349292e-06	1.376257e-09	9.354022e+00	8.653081e+01
1.090000e-06	1.396618e-06	1.593386e-09	9.682111e+00	1.008554e+02
1.100000e-06	1.443431e-06	1.811145e-09	1.000664e+01	1.153301e+02
1.110000e-06	1.489733e-06	2.028350e-09	1.032763e+01	1.298187e+02
1.120000e-06	1.535489e-06	2.243585e-09	1.064484e+01	1.441841e+02
1.130000e-06	1.580711e-06	2.457894e-09	1.095835e+01	1.582983e+02
1.140000e-06	1.625483e-06	2.670102e-09	1.126873e+01	1.720497e+02
1.150000e-06	1.669907e-06	2.873517e-09	1.157670e+01	1.853462e+02
1.160000e-06	1.713869e-06	3.063501e-09	1.188146e+01	1.981136e+02
1.170000e-06	1.757083e-06	3.245653e-09	1.218105e+01	2.102922e+02
1.180000e-06	1.799405e-06	3.420319e-09	1.247445e+01	2.218331e+02
1.190000e-06	1.840837e-06	3.583144e-09	1.276168e+01	2.326963e+02
1.200000e-06	1.881570e-06	3.734303e-09	1.304406e+01	2.428529e+02
1.210000e-06	1.921770e-06	3.875613e-09	1.332275e+01	2.522883e+02
1.220000e-06	1.961415e-06	4.008588e-09	1.359759e+01	2.610077e+02
1.230000e-06	2.000444e-06	4.129738e-09	1.386816e+01	2.690389e+02
1.240000e-06	2.038731e-06	4.238572e-09	1.413359e+01	2.764320e+02
1.250000e-06	2.076271e-06	4.338956e-09	1.439383e+01	2.832535e+02
1.260000e-06	2.113213e-06	4.434649e-09	1.464994e+01	2.895777e+02
1.270000e-06	2.149597e-06	4.521388e-09	1.490217e+01	2.954748e+02
1.280000e-06	2.185268e-06	4.599792e-09	1.514946e+01	3.010022e+02
1.290000e-06	2.219933e-06	4.676455e-09	1.538978e+01	3.061989e+02
1.300000e-06	2.253544e-06	4.752259e-09	1.562279e+01	3.110857e+02
1.310000e-06	2.286341e-06	4.821607e-09	1.585016e+01	3.156708e+02
1.320000e-06	2.318480e-06	4.883417e-09	1.607296e+01	3.199580e+02
1.330000e-06	2.349915e-06	4.944283e-09	1.629088e+01	3.239550e+02
1.340000e-06	2.380567e-06	5.002086e-09	1.650338e+01	3.276783e+02
1.350000e-06	2.410384e-06	5.049779e-09	1.671009e+01	3.311532e+02
1.360000e-06	2.439418e-06	5.091356e-09	1.691136e+01	3.344098e+02
1.370000e-06	2.467796e-06	5.136021e-09	1.710810e+01	3.374755e+02
1.380000e-06	2.495279e-06	5.182552e-09	1.729862e+01	3.403692e+02
1.390000e-06	2.521549e-06	5.223816e-09	1.748074e+01	3.430977e+02
1.400000e-06	2.546702e-06	5.258790e-09	1.765512e+01	3.456577e+02
1.410000e-06	2.570972e-06	5.291638e-09	1.782337e+01	3.480410e+02
1.420000e-06	2.594433e-06	5.323560e-09	1.798601e+01	3.502426e+02
1.430000e-06	2.616998e-06	5.351982e-09	1.814245e+01	3.522672e+02
1.440000e-06	2.638652e-06	5.377364e-09	1.829256e+01	3.541318e+02
1.450000e-06	2.659566e-06	5.402901e-09	1.843755e+01	3.558639e+02
1.460000e-06	2.679730e-06	5.429872e-09	1.857734e+01	3.574942e+02
1.470000e-06	2.698959e-06	5.454681e-09	1.871065e+01	3.590476e+02
1.480000e-06	2.717209e-06	5.476210e-09	1.883716e+01	3.605365e+02
1.490000e-06	2.734459e-06	5.497153e-09	1.895675e+01	3.619568e+02
1.500000e-06	2.750685e-06	5.517475e-09	1.906923e+01	3.632909e+02
1.510000e-06	2.765868e-06	5.534873e-09	1.917449e+01	3.645149e+02
1.520000e-06	2.779995e-06	5.547744e-09	1.927243e+01	3.656083e+02
1.530000e-06	2.793082e-06	5.560077e-09	1.936316e+01	3.665626e+02
1.540000e-06	2.805095e-06	5.575765e-09	1.944644e+01	3.673855e+02
1.550000e-06	2.815859e-06	5.591633e-09	1.952106e+01	3.680990e+02
1.560000e-06	2.825393e-06	5.601912e-09	1.958716e+01	3.687321e+02
1.570000e-06	2.833900e-06	5.608063e-09	1.964613e+01	3.693115e+02
1.580000e-06	2.841476e-06	5.615516e-09	1.969865e+01	3.698527e+02
1.590000e-06	2.848109e-06	5.625553e-09	1.974463e+01	3.703548e+02
1.600000e-06	2.853785e-06	5.633135e-09	1.978398e+01	3.708021e+02
1.610000e-06	2.858624e-06	5.634836e-09	1.981753e+01	3.711704e+02
1.620000e-06	2.862563e-06	5.636475e-09	1.984484e+01	3.714365e+02
1.630000e-06	2.865338e-06	5.642222e-09	1.986408e+01	3.715872e+02
1.640000e-06	2.866893e-06	5.647322e-09	1.987486e+01	3.716243e+02
1.650000e-06	2.867419e-06	5.646017e-09	1.987850e+01	3.715646e+02
1.660000e-06	2.867074e-06	5.641784e-09	1.987611e+01	3.714337e+02
1.670000e-06	2.865875e-06	5.639906e-09	1.986779e+01	3.712574e+02
1.680000e-06	2.863791e-06	5.639837e-09	1.985335e+01	3.710526e+02
1.690000e-06	2.860904e-06	5.637116e-09	1.983333e+01	3.708222e+02
1.700000e-06	2.857246e-06	5.629936e-09	1.980798e+01	3.705546e+02
1.710000e-06	2.852549e-06	5.623660e-09	1.977541e+01	3.702291e+02
1.720000e-06	2.846641e-06	5.621195e-09	1.973446e+01	3.698240e+02
1.730000e-06	2.839717e-06	5.629668e-09	1.968645e+01	3.693253e+02
1.740000e-06	2.831857e-06	5.598885e-09	1.963196e+01	3.687334e+02
1.750000e-06	2.822738e-06	5.551607e-09	1.956875e+01	3.680637e+02
1.760000e-06	2.812110e-06	5.553791e-09	1.949506e+01	3.673431e+02
1.770000e-06	2.800492e-06	5.622222e-09	1.941453e+01	3.666024e+02
1.780000e-06	2.788623e-06	5.602847e-09	1.933224e+01	3.658676e+02
1.790000e-06	2.776061e-06	5.490215e-09	1.924516e+01	3.651525e+02
1.800000e-06	2.761901e-06	5.534261e-09	1.914699e+01	3.644555e+02
1.810000e-06	2.746509e-06	5.601653e-09	1.904029e+01	3.637601e+02
1.820000e-06	2.730519e-06	5.494648e-09	1.892944e+01	3.630403e+02
1.830000e-06	2.713508e-06	5.426032e-09	1.881151e+01	3.622669e+02
1.840000e-06	2.695219e-06	5.534941e-09	1.868472e+01	3.614148e+02
1.850000e-06	2.676136e-06	5.502273e-09	1.855242e+01	3.604671e+02
1.860000e-06	2.656307e-06	5.379424e-09	1.841496e+01	3.594180e+02
1.870000e-06	2.635287e-06	5.481869e-09	1.826924e+01	3.582709e+02
1.880000e-06	2.613166e-06	5.478152e-09	1.811588e+01	3.570361e+02
1.890000e-06	2.590110e-06	5.322272e-09	1.795604e+01	3.557266e+02
1.900000e-06	2.566060e-06	5.385332e-09	1.778932e+01	3.543546e+02
1.910000e-06	2.541234e-06	5.410329e-09	1.761721e+01	3.529290e+02
1.920000e-06	2.515652e-06	5.301892e-09	1.743986e+01	3.514546e+02
1.930000e-06	2.489167e-06	5.314774e-09	1.725625e+01	3.499320e+02
1.940000e-06	2.461961e-06	5.318741e-09	1.706764e+01	3.483585e+02
1.950000e-06	2.433941e-06	5.262369e-09	1.687340e+01	3.467294e+02
1.960000e-06	2.404727e-06	5.253534e-09	1.667087e+01	3.450399e+02
1.970000e-06	2.374450e-06	5.202386e-09	1.646097e+01	3.432854e+02
1.980000e-06	2.343374e-06	5.169173e-09	1.624554e+01	3.414635e+02
1.990000e-06	2.311539e-06	5.187955e-09	1.602484e+01	3.395742e+02
2.000000e-06	2.278984e-06	5.110863e-09	1.579915e+01	3.376197e+02
2.010000e-06	2.245614e-06	5.090467e-09	1.556781e+01	3.356043e+02
2.020000e-06	2.211458e-06	5.100935e-09	1.533102e+01	3.335327e+02
2.030000e-06	2.176720e-06	5.007944e-09	1.509020e+01	3.314090e+02
2.040000e-06	2.141367e-06	5.007465e-09	1.484512e+01	3.292346e+02
2.050000e-06	2.105302e-06	5.002513e-09	1.459510e+01	3.270079e+02
2.060000e-06	2.068310e-06	4.900947e-09	1.433864e+01	3.247240e+02
2.070000e-06	2.030208e-06	4.896622e-09	1.407450e+01	3.223763e+02
2.080000e-06	1.991270e-06	4.885607e-09	1.380456e+01	3.199582e+02
2.090000e-06	1.951740e-06	4.814127e-09	1.353052e+01	3.174649e+02
2.100000e-06	1.911609e-06	4.797813e-09	1.325231e+01	3.148950e+02
2.110000e-06	1.870830e-06	4.749829e-09	1.296960e+01	3.122505e+02
2.120000e-06	1.829442e-06	4.699558e-09	1.268268e+01	3.095358e+02
2.130000e-06	1.787483e-06	4.670388e-09	1.239180e+01	3.067559e+02
2.140000e-06	1.744958e-06	4.615467e-09	1.209699e+01	3.039141e+02
2.150000e-06	1.701930e-06	4.586813e-09	1.179870e+01	3.010110e+02
2.160000e-06	1.658447e-06	4.542632e-09	1.149725e+01	2.980440e+02
2.170000e-06	1.614454e-06	4.491143e-09	1.119227e+01	2.950084e+02
2.180000e-06	1.569860e-06	4.449101e-09	1.088312e+01	2.918994e+02
2.190000e-06	1.524586e-06	4.388844e-09	1.056926e+01	2.887132e+02
2.200000e-06	1.478747e-06	4.336970e-09	1.025147e+01	2.854490e+02
2.210000e-06	1.432478e-06	4.296868e-09	9.930715e+00	2.821079e+02
2.220000e-06	1.385793e-06	4.251575e-09	9.607068e+00	2.786920e+02
2.230000e-06	1.338613e-06	4.203103e-09	9.279989e+00	2.752025e+02
2.240000e-06	1.290815e-06	4.141491e-09	8.948627e+00	2.716379e+02
2.250000e-06	1.242431e-06	4.086516e-09	8.613204e+00	2.679931e+02
2.260000e-06	1.193535e-06	4.029418e-09	8.274230e+00	2.642613e+02
2.270000e-06	1.144273e-06	3.959837e-09	7.932720e+00	2.604350e+02
2.280000e-06	1.094651e-06	3.909180e-09	7.588716e+00	2.565095e+02
2.290000e-06	1.044564e-06	3.851751e-09	7.241483e+00	2.524844e+02
2.300000e-06	9.940201e-07	3.791879e-09	6.891085e+00	2.483642e+02
2.310000e-06	9.431073e-07	3.733316e-09	6.538131e+00	2.441573e+02
2.320000e-06	8.919536e-07	3.663026e-09	6.183505e+00	2.398732e+02
2.330000e-06	8.405500e-07	3.595086e-09	5.827147e+00	2.355191e+02
2.340000e-06	7.887847e-07	3.523430e-09	5.468282e+00	2.310969e+02
2.350000e-06	7.366258e-07	3.455610e-09	5.106689e+00	2.266028e+02
2.360000e-06	6.840580e-07	3.388117e-09	4.742260e+00	2.220271e+02
2.370000e-06	6.310336e-07	3.314075e-09	4.374666e+00	2.173576e+02
2.380000e-06	5.776466e-07	3.246365e-09	4.004559e+00	2.125826e+02
2.390000e-06	5.239316e-07	3.178110e-09	3.632177e+00	2.076939e+02
2.400000e-06	4.698336e-07	3.100948e-09	3.257141e+00	2.026886e+02
2.410000e-06	4.154685e-07	3.020840e-09	2.880253e+00	1.975689e+02
2.420000e-06	3.609500e-07	2.940815e-09	2.502301e+00	1.923399e+02
2.430000e-06	3.062695e-07	2.862845e-09	2.123226e+00	1.870067e+02
2.440000e-06	2.514603e-07	2.778183e-09	1.743259e+00	1.815716e+02
2.450000e-06	1.965925e-07	2.688289e-09	1.362886e+00	1.760315e+02
2.460000e-06	1.416865e-07	2.604760e-09	9.822477e-01	1.703783e+02
2.470000e-06	8.674470e-08	2.521742e-09	6.013612e-01	1.645998e+02
2.480000e-06	3.175984e-08	2.436816e-09	2.201764e-01	1.586820e+02
2.490000e-06	-2.325144e-08	2.345348e-09	-1.611916e-01	1.526119e+02
2.500000e-06	-7.826884e-08	2.249197e-09	-5.426020e-01	1.463794e+02
2.510000e-06	-1.332640e-07	2.152919e-09	-9.238584e-01	1.399776e+02
2.520000e-06	-1.881777e-07	2.052716e-09	-1.304550e+00	1.334028e+02
2.530000e-06	-2.430618e-07	1.946620e-09	-1.685036e+00	1.266522e+02
2.540000e-06	-2.979408e-07	1.836930e-09	-2.065487e+00	1.197219e+02
2.550000e-06	-3.526766e-07	1.730019e-09	-2.444945e+00	1.126045e+02
2.560000e-06	-4.072180e-07	1.625757e-09	-2.823055e+00	1.052882e+02
2.570000e-06	-4.615572e-07	1.515362e-09	-3.199764e+00	9.775570e+01
2.580000e-06	-5.156382e-07	1.396475e-09	-3.574683e+00	8.998604e+01
2.590000e-06	-5.693893e-07	1.275881e-09	-3.947314e+00	8.195565e+01
2.600000e-06	-6.227760e-07	1.152772e-09	-4.317421e+00	7.364074e+01
2.610000e-06	-6.757599e-07	1.020828e-09	-4.684733e+00	6.501930e+01
2.620000e-06	-7.282392e-07	8.772620e-10	-5.048548e+00	5.607235e+01
2.630000e-06	-7.803132e-07	7.302050e-10	-5.409554e+00	4.678409e+01
2.640000e-06	-8.320740e-07	5.892378e-10	-5.768387e+00	3.714079e+01
2.650000e-06	-8.834920e-07	4.457827e-10	-6.124845e+00	2.712869e+01
2.660000e-06	-9.346741e-07	2.908397e-10	-6.479667e+00	1.673150e+01
2.670000e-06	-9.855785e-07	1.257302e-10	-6.832564e+00	5.928614e+00
2.680000e-06	-1.036116e-06	-4.450275e-11	-7.182918e+00	-5.304975e+00
2.690000e-06	-1.086271e-06	-2.213036e-10	-7.530622e+00	-1.699615e+01
2.700000e-06	-1.136006e-06	-4.089479e-10	-7.875412e+00	-2.916836e+01
2.710000e-06	-1.185306e-06	-6.064971e-10	-8.217184e+00	-4.183397e+01
2.720000e-06	-1.234108e-06	-8.091659e-10	-8.555505e+00	-5.498588e+01
2.730000e-06	-1.282221e-06	-1.015505e-09	-8.889052e+00	-6.859024e+01
2.740000e-06	-1.329585e-06	-1.227371e-09	-9.217400e+00	-8.258236e+01
2.750000e-06	-1.376234e-06	-1.445030e-09	-9.540796e+00	-9.686731e+01
2.760000e-06	-1.422307e-06	-1.664924e-09	-9.860205e+00	-1.113255e+02
2.770000e-06	-1.468084e-06	-1.883971e-09	-1.017755e+01	-1.258225e+02
2.780000e-06	-1.513523e-06	-2.106278e-09	-1.049256e+01	-1.402203e+02
2.790000e-06	-1.558526e-06	-2.330032e-09	-1.080455e+01	-1.543886e+02
2.800000e-06	-1.603004e-06	-2.547243e-09	-1.111289e+01	-1.682128e+02
2.810000e-06	-1.646886e-06	-2.752889e-09	-1.141710e+01	-1.815970e+02
2.820000e-06	-1.690304e-06	-2.949772e-09	-1.171810e+01	-1.944643e+02
2.830000e-06	-1.733342e-06	-3.137636e-09	-1.201647e+01	-2.067525e+02
2.840000e-06	-1.775890e-06	-3.312999e-09	-1.231143e+01	-2.184111e+02
2.850000e-06	-1.817837e-06	-3.477978e-09	-1.260223e+01	-2.293984e+02
2.860000e-06	-1.859217e-06	-3.635983e-09	-1.288910e+01	-2.396833e+02
2.870000e-06	-1.899930e-06	-3.789312e-09	-1.317134e+01	-2.492484e+02
2.880000e-06	-1.939922e-06	-3.933334e-09	-1.344859e+01	-2.580948e+02
2.890000e-06	-1.979388e-06	-4.061462e-09	-1.372219e+01	-2.662465e+02
2.900000e-06	-2.018343e-06	-4.177241e-09	-1.399224e+01	-2.737496e+02
2.910000e-06	-2.056503e-06	-4.284424e-09	-1.425679e+01	-2.806685e+02
2.920000e-06	-2.093673e-06	-4.381930e-09	-1.451447e+01	-2.870767e+02
2.930000e-06	-2.129878e-06	-4.471680e-09	-1.476547e+01	-2.930460e+02
2.940000e-06	-2.165336e-06	-4.558597e-09	-1.501128e+01	-2.986366e+02
2.950000e-06	-2.200137e-06	-4.644721e-09	-1.525254e+01	-3.038910e+02
2.960000e-06	-2.234184e-06	-4.726912e-09	-1.548857e+01	-3.088329e+02
2.970000e-06	-2.267489e-06	-4.800706e-09	-1.571946e+01	-3.134722e+02
2.980000e-06	-2.299988e-06	-4.866380e-09	-1.594476e+01	-3.178128e+02
2.990000e-06	-2.331743e-06	-4.928277e-09	-1.616491e+01	-3.218613e+02
3.000000e-06	-2.362899e-06	-4.986728e-09	-1.638090e+01	-3.256325e+02
3.010000e-06	-2.393151e-06	-5.041413e-09	-1.659062e+01	-3.291503e+02
3.020000e-06	-2.422180e-06	-5.092808e-09	-1.679186e+01	-3.324443e+02
3.030000e-06	-2.450161e-06	-5.144958e-09	-1.698584e+01	-3.355430e+02
3.040000e-06	-2.477347e-06	-5.193702e-09	-1.717431e+01	-3.384671e+02
3.050000e-06	-2.503764e-06	-5.238565e-09	-1.735745e+01	-3.412258e+02
3.060000e-06	-2.529354e-06	-5.282021e-09	-1.753485e+01	-3.438170e+02
3.070000e-06	-2.554022e-06	-5.321705e-09	-1.770586e+01	-3.462331e+02
3.080000e-06	-2.577862e-06	-5.354380e-09	-1.787113e+01	-3.484678e+02
3.090000e-06	-2.600953e-06	-5.384167e-09	-1.803121e+01	-3.505236e+02
3.100000e-06	-2.623142e-06	-5.416483e-09	-1.818504e+01	-3.524157e+02
3.110000e-06	-2.644163e-06	-5.448947e-09	-1.833077e+01	-3.541698e+02
3.120000e-06	-2.664036e-06	-5.477422e-09	-1.846854e+01	-3.558167e+02
3.130000e-06	-2.683051e-06	-5.499372e-09	-1.860036e+01	-3.573832e+02
3.140000e-06	-2.701222e-06	-5.520929e-09	-1.872633e+01	-3.588840e+02
3.150000e-06	-2.718493e-06	-5.544580e-09	-1.884606e+01	-3.603181e+02
3.160000e-06	-2.734875e-06	-5.567060e-09	-1.895964e+01	-3.616700e+02
3.170000e-06	-2.750417e-06	-5.586125e-09	-1.906738e+01	-3.629159e+02
3.180000e-06	-2.765007e-06	-5.602641e-09	-1.916852e+01	-3.640343e+02
3.190000e-06	-2.778334e-06	-5.618897e-09	-1.926091e+01	-3.650140e+02
3.200000e-06	-2.790345e-06	-5.633585e-09	-1.934418e+01	-3.658598e+02
3.210000e-06	-2.801223e-06	-5.642920e-09	-1.941959e+01	-3.665913e+02
3.220000e-06	-2.811110e-06	-5.650220e-09	-1.948813e+01	-3.672372e+02
3.230000e-06	-2.820086e-06	-5.658533e-09	-1.955036e+01	-3.678253e+02
3.240000e-06	-2.828146e-06	-5.668091e-09	-1.960624e+01	-3.683736e+02
3.250000e-06	-2.835366e-06	-5.676338e-09	-1.965629e+01	-3.688840e+02
3.260000e-06	-2.841616e-06	-5.681870e-09	-1.969962e+01	-3.693434e+02
3.270000e-06	-2.846580e-06	-5.687028e-09	-1.973403e+01	-3.697283e+02
3.280000e-06	-2.850380e-06	-5.693446e-09	-1.976038e+01	-3.700146e+02
3.290000e-06	-2.853311e-06	-5.695531e-09	-1.978069e+01	-3.701868e+02
3.300000e-06	-2.855378e-06	-5.691923e-09	-1.979503e+01	-3.702439e+02
3.310000e-06	-2.856519e-06	-5.689716e-09	-1.980294e+01	-3.702004e+02
3.320000e-06	-2.856726e-06	-5.689528e-09	-1.980437e+01	-3.700808e+02
