# Temperatura_=_25.76
# Concentracion g/m^3_=_13400.0
# C_Vs_to_Am_M_A/Vsm_=_65563218390.804596
# pendiente_HvsI_1/m_=_3716.3
# ordenada_HvsI_A/m_=_1297.0
# frecuencia_Hz_=_300808.6372208137

Tiempo_(s)	Campo_(V.s)	Magnetizacion_(V.s)	Campo_(kA/m)	Magnetizacion_(A/m)
0.000000e+00	-5.513620e-06	-1.201950e-08	-3.830755e+01	-7.876529e+02
1.000000e-08	-5.511881e-06	-1.202448e-08	-3.829547e+01	-7.875813e+02
2.000000e-08	-5.508131e-06	-1.202249e-08	-3.826942e+01	-7.873198e+02
3.000000e-08	-5.502567e-06	-1.201380e-08	-3.823076e+01	-7.868628e+02
4.000000e-08	-5.495395e-06	-1.200105e-08	-3.818093e+01	-7.862507e+02
5.000000e-08	-5.486627e-06	-1.198738e-08	-3.812001e+01	-7.855526e+02
6.000000e-08	-5.475914e-06	-1.197454e-08	-3.804558e+01	-7.848360e+02
7.000000e-08	-5.463088e-06	-1.195632e-08	-3.795647e+01	-7.841396e+02
8.000000e-08	-5.448216e-06	-1.195042e-08	-3.785314e+01	-7.834576e+02
9.000000e-08	-5.430986e-06	-1.198500e-08	-3.773342e+01	-7.827446e+02
1.000000e-07	-5.411429e-06	-1.198644e-08	-3.759755e+01	-7.819369e+02
1.100000e-07	-5.389872e-06	-1.195543e-08	-3.744778e+01	-7.809815e+02
1.200000e-07	-5.366528e-06	-1.192298e-08	-3.728558e+01	-7.798599e+02
1.300000e-07	-5.341737e-06	-1.182473e-08	-3.711334e+01	-7.785958e+02
1.400000e-07	-5.315468e-06	-1.182559e-08	-3.693083e+01	-7.772437e+02
1.500000e-07	-5.287326e-06	-1.187987e-08	-3.673530e+01	-7.758631e+02
1.600000e-07	-5.257402e-06	-1.177743e-08	-3.652740e+01	-7.744905e+02
1.700000e-07	-5.225890e-06	-1.181041e-08	-3.630846e+01	-7.731200e+02
1.800000e-07	-5.192448e-06	-1.183749e-08	-3.607611e+01	-7.717030e+02
1.900000e-07	-5.157022e-06	-1.171993e-08	-3.582998e+01	-7.701665e+02
2.000000e-07	-5.120004e-06	-1.174287e-08	-3.557278e+01	-7.684425e+02
2.100000e-07	-5.081312e-06	-1.168992e-08	-3.530396e+01	-7.664967e+02
2.200000e-07	-5.040800e-06	-1.159509e-08	-3.502249e+01	-7.643434e+02
2.300000e-07	-4.998302e-06	-1.163614e-08	-3.472722e+01	-7.620405e+02
2.400000e-07	-4.953812e-06	-1.162000e-08	-3.441811e+01	-7.596664e+02
2.500000e-07	-4.907577e-06	-1.158835e-08	-3.409688e+01	-7.572886e+02
2.600000e-07	-4.859508e-06	-1.154164e-08	-3.376291e+01	-7.549364e+02
2.700000e-07	-4.809468e-06	-1.144804e-08	-3.341524e+01	-7.525896e+02
2.800000e-07	-4.757341e-06	-1.143138e-08	-3.305307e+01	-7.501879e+02
2.900000e-07	-4.703264e-06	-1.140909e-08	-3.267736e+01	-7.476554e+02
3.000000e-07	-4.647550e-06	-1.135784e-08	-3.229027e+01	-7.449326e+02
3.100000e-07	-4.590149e-06	-1.131212e-08	-3.189145e+01	-7.419986e+02
3.200000e-07	-4.530886e-06	-1.129367e-08	-3.147971e+01	-7.388783e+02
3.300000e-07	-4.469976e-06	-1.125899e-08	-3.105652e+01	-7.356284e+02
3.400000e-07	-4.407620e-06	-1.117010e-08	-3.062328e+01	-7.323113e+02
3.500000e-07	-4.343823e-06	-1.110994e-08	-3.018003e+01	-7.289669e+02
3.600000e-07	-4.278528e-06	-1.105024e-08	-2.972638e+01	-7.255949e+02
3.700000e-07	-4.211514e-06	-1.101159e-08	-2.926078e+01	-7.221544e+02
3.800000e-07	-4.142834e-06	-1.098374e-08	-2.878360e+01	-7.185823e+02
3.900000e-07	-4.072726e-06	-1.090835e-08	-2.829650e+01	-7.148194e+02
4.000000e-07	-4.001297e-06	-1.084674e-08	-2.780023e+01	-7.108356e+02
4.100000e-07	-3.928593e-06	-1.078699e-08	-2.729509e+01	-7.066409e+02
4.200000e-07	-3.854475e-06	-1.072003e-08	-2.678014e+01	-7.022791e+02
4.300000e-07	-3.778633e-06	-1.064067e-08	-2.625320e+01	-6.978062e+02
4.400000e-07	-3.701092e-06	-1.056302e-08	-2.571446e+01	-6.932635e+02
4.500000e-07	-3.622080e-06	-1.050632e-08	-2.516550e+01	-6.886586e+02
4.600000e-07	-3.541630e-06	-1.044554e-08	-2.460655e+01	-6.839599e+02
4.700000e-07	-3.459788e-06	-1.037361e-08	-2.403793e+01	-6.791101e+02
4.800000e-07	-3.376705e-06	-1.028149e-08	-2.346068e+01	-6.740508e+02
4.900000e-07	-3.292542e-06	-1.019172e-08	-2.287594e+01	-6.687469e+02
5.000000e-07	-3.207425e-06	-1.011348e-08	-2.228456e+01	-6.632015e+02
5.100000e-07	-3.121337e-06	-1.003211e-08	-2.168644e+01	-6.574529e+02
5.200000e-07	-3.034259e-06	-9.944663e-09	-2.108144e+01	-6.515559e+02
5.300000e-07	-2.946154e-06	-9.852275e-09	-2.046930e+01	-6.455557e+02
5.400000e-07	-2.857073e-06	-9.764030e-09	-1.985039e+01	-6.394657e+02
5.500000e-07	-2.767060e-06	-9.670720e-09	-1.922499e+01	-6.332596e+02
5.600000e-07	-2.675843e-06	-9.560250e-09	-1.859123e+01	-6.268812e+02
5.700000e-07	-2.583468e-06	-9.445865e-09	-1.794943e+01	-6.202673e+02
5.800000e-07	-2.490260e-06	-9.340552e-09	-1.730184e+01	-6.133739e+02
5.900000e-07	-2.396322e-06	-9.243429e-09	-1.664917e+01	-6.061929e+02
6.000000e-07	-2.301610e-06	-9.138537e-09	-1.599114e+01	-5.987522e+02
6.100000e-07	-2.206088e-06	-9.022698e-09	-1.532747e+01	-5.910983e+02
6.200000e-07	-2.109723e-06	-8.898368e-09	-1.465794e+01	-5.832694e+02
6.300000e-07	-2.012542e-06	-8.771349e-09	-1.398275e+01	-5.752715e+02
6.400000e-07	-1.914666e-06	-8.643963e-09	-1.330272e+01	-5.670687e+02
6.500000e-07	-1.816053e-06	-8.508205e-09	-1.261758e+01	-5.585931e+02
6.600000e-07	-1.716606e-06	-8.369963e-09	-1.192665e+01	-5.497701e+02
6.700000e-07	-1.616432e-06	-8.233811e-09	-1.123065e+01	-5.405484e+02
6.800000e-07	-1.515709e-06	-8.095238e-09	-1.053085e+01	-5.309200e+02
6.900000e-07	-1.414550e-06	-7.943717e-09	-9.828016e+00	-5.209208e+02
7.000000e-07	-1.312939e-06	-7.780204e-09	-9.122041e+00	-5.106093e+02
7.100000e-07	-1.210886e-06	-7.614684e-09	-8.412996e+00	-5.000329e+02
7.200000e-07	-1.108444e-06	-7.449778e-09	-7.701254e+00	-4.891953e+02
7.300000e-07	-1.005640e-06	-7.278497e-09	-6.986989e+00	-4.780423e+02
7.400000e-07	-9.024810e-07	-7.095688e-09	-6.270261e+00	-4.664721e+02
7.500000e-07	-7.989857e-07	-6.906305e-09	-5.551196e+00	-4.543688e+02
7.600000e-07	-6.951627e-07	-6.712921e-09	-4.829854e+00	-4.416451e+02
7.700000e-07	-5.910752e-07	-6.513436e-09	-4.106675e+00	-4.282747e+02
7.800000e-07	-4.868109e-07	-6.302299e-09	-3.382267e+00	-4.142985e+02
7.900000e-07	-3.823557e-07	-6.081936e-09	-2.656532e+00	-3.997992e+02
8.000000e-07	-2.777276e-07	-5.856886e-09	-1.929597e+00	-3.848527e+02
8.100000e-07	-1.729962e-07	-5.623952e-09	-1.201944e+00	-3.694757e+02
8.200000e-07	-6.817938e-08	-5.379068e-09	-4.736970e-01	-3.535942e+02
8.300000e-07	3.672323e-08	-5.118641e-09	2.551458e-01	-3.370480e+02
8.400000e-07	1.416119e-07	-4.846998e-09	9.838918e-01	-3.196340e+02
8.500000e-07	2.463845e-07	-4.567820e-09	1.711831e+00	-3.011703e+02
8.600000e-07	3.509592e-07	-4.275511e-09	2.438396e+00	-2.815539e+02
8.700000e-07	4.553894e-07	-3.961925e-09	3.163956e+00	-2.607790e+02
8.800000e-07	5.597536e-07	-3.627983e-09	3.889058e+00	-2.389012e+02
8.900000e-07	6.639000e-07	-3.279115e-09	4.612647e+00	-2.159482e+02
9.000000e-07	7.677258e-07	-2.911734e-09	5.334008e+00	-1.918072e+02
9.100000e-07	8.712773e-07	-2.514801e-09	6.053464e+00	-1.661334e+02
9.200000e-07	9.745324e-07	-2.079057e-09	6.770860e+00	-1.383243e+02
9.300000e-07	1.077408e-06	-1.601900e-09	7.485620e+00	-1.075903e+02
9.400000e-07	1.179906e-06	-1.077308e-09	8.197758e+00	-7.312002e+01
9.500000e-07	1.282031e-06	-4.920325e-10	8.907304e+00	-3.430541e+01
9.600000e-07	1.383742e-06	1.653200e-10	9.613971e+00	9.033793e+00
9.700000e-07	1.484996e-06	8.928277e-10	1.031746e+01	5.649400e+01
9.800000e-07	1.585842e-06	1.674046e-09	1.101812e+01	1.070540e+02
9.900000e-07	1.686261e-06	2.480246e-09	1.171581e+01	1.591840e+02
1.000000e-06	1.786037e-06	3.277123e-09	1.240903e+01	2.110773e+02
1.010000e-06	1.885005e-06	4.032762e-09	1.309664e+01	2.609474e+02
1.020000e-06	1.983117e-06	4.726789e-09	1.377831e+01	3.073163e+02
1.030000e-06	2.080393e-06	5.350736e-09	1.445416e+01	3.492212e+02
1.040000e-06	2.176859e-06	5.904282e-09	1.512439e+01	3.862949e+02
1.050000e-06	2.272567e-06	6.393595e-09	1.578935e+01	4.187117e+02
1.060000e-06	2.367563e-06	6.826428e-09	1.644936e+01	4.470277e+02
1.070000e-06	2.461799e-06	7.211480e-09	1.710410e+01	4.719743e+02
1.080000e-06	2.555239e-06	7.552486e-09	1.775330e+01	4.942645e+02
1.090000e-06	2.647908e-06	7.857527e-09	1.839715e+01	5.144615e+02
1.100000e-06	2.739613e-06	8.132945e-09	1.903430e+01	5.329325e+02
1.110000e-06	2.830162e-06	8.381390e-09	1.966341e+01	5.498772e+02
1.120000e-06	2.919598e-06	8.610153e-09	2.028479e+01	5.654011e+02
1.130000e-06	3.007998e-06	8.826206e-09	2.089898e+01	5.795947e+02
1.140000e-06	3.095380e-06	9.030337e-09	2.150609e+01	5.925848e+02
1.150000e-06	3.181726e-06	9.217319e-09	2.210601e+01	6.045450e+02
1.160000e-06	3.267069e-06	9.385142e-09	2.269895e+01	6.156689e+02
1.170000e-06	3.351401e-06	9.537974e-09	2.328488e+01	6.261261e+02
1.180000e-06	3.434564e-06	9.685046e-09	2.386268e+01	6.360268e+02
1.190000e-06	3.516369e-06	9.829078e-09	2.443104e+01	6.454092e+02
1.200000e-06	3.596861e-06	9.964332e-09	2.499029e+01	6.542574e+02
1.210000e-06	3.676048e-06	1.008841e-08	2.554046e+01	6.625383e+02
1.220000e-06	3.753936e-06	1.020747e-08	2.608161e+01	6.702406e+02
1.230000e-06	3.830581e-06	1.032290e-08	2.661413e+01	6.773989e+02
1.240000e-06	3.905706e-06	1.042749e-08	2.713608e+01	6.840937e+02
1.250000e-06	3.979152e-06	1.051947e-08	2.764637e+01	6.904289e+02
1.260000e-06	4.051137e-06	1.060722e-08	2.814650e+01	6.964985e+02
1.270000e-06	4.121719e-06	1.069519e-08	2.863690e+01	7.023589e+02
1.280000e-06	4.190928e-06	1.078008e-08	2.911775e+01	7.080184e+02
1.290000e-06	4.258721e-06	1.086104e-08	2.958876e+01	7.134477e+02
1.300000e-06	4.324870e-06	1.094089e-08	3.004835e+01	7.186060e+02
1.310000e-06	4.389432e-06	1.101891e-08	3.049691e+01	7.234693e+02
1.320000e-06	4.452509e-06	1.108981e-08	3.093516e+01	7.280482e+02
1.330000e-06	4.514120e-06	1.115360e-08	3.136322e+01	7.323871e+02
1.340000e-06	4.574326e-06	1.121369e-08	3.178152e+01	7.365458e+02
1.350000e-06	4.632816e-06	1.127385e-08	3.218789e+01	7.405732e+02
1.360000e-06	4.689498e-06	1.133364e-08	3.258171e+01	7.444846e+02
1.370000e-06	4.744540e-06	1.139087e-08	3.296414e+01	7.482558e+02
1.380000e-06	4.797850e-06	1.144522e-08	3.333452e+01	7.518339e+02
1.390000e-06	4.849201e-06	1.149702e-08	3.369130e+01	7.551640e+02
1.400000e-06	4.898505e-06	1.154737e-08	3.403385e+01	7.582163e+02
1.410000e-06	4.945975e-06	1.159129e-08	3.436367e+01	7.610037e+02
1.420000e-06	4.991807e-06	1.162749e-08	3.468210e+01	7.635806e+02
1.430000e-06	5.036021e-06	1.166261e-08	3.498929e+01	7.660228e+02
1.440000e-06	5.078313e-06	1.169998e-08	3.528312e+01	7.683970e+02
1.450000e-06	5.118682e-06	1.173679e-08	3.556360e+01	7.707339e+02
1.460000e-06	5.157375e-06	1.176931e-08	3.583243e+01	7.730155e+02
1.470000e-06	5.194416e-06	1.180136e-08	3.608979e+01	7.751834e+02
1.480000e-06	5.229637e-06	1.183625e-08	3.633449e+01	7.771646e+02
1.490000e-06	5.262858e-06	1.186714e-08	3.656531e+01	7.789040e+02
1.500000e-06	5.294251e-06	1.188993e-08	3.678342e+01	7.803897e+02
1.510000e-06	5.323946e-06	1.190739e-08	3.698973e+01	7.816605e+02
1.520000e-06	5.351828e-06	1.192467e-08	3.718345e+01	7.827912e+02
1.530000e-06	5.377610e-06	1.194245e-08	3.736258e+01	7.838637e+02
1.540000e-06	5.401324e-06	1.195769e-08	3.752734e+01	7.849337e+02
1.550000e-06	5.423245e-06	1.197089e-08	3.767965e+01	7.860092e+02
1.560000e-06	5.443474e-06	1.198697e-08	3.782019e+01	7.870487e+02
1.570000e-06	5.461842e-06	1.200600e-08	3.794781e+01	7.879801e+02
1.580000e-06	5.478165e-06	1.202097e-08	3.806121e+01	7.887325e+02
1.590000e-06	5.492521e-06	1.202912e-08	3.816096e+01	7.892672e+02
1.600000e-06	5.504769e-06	1.203370e-08	3.824606e+01	7.895950e+02
1.610000e-06	5.514720e-06	1.203740e-08	3.831519e+01	7.897722e+02
1.620000e-06	5.522653e-06	1.203910e-08	3.837031e+01	7.898779e+02
1.630000e-06	5.528773e-06	1.203810e-08	3.841283e+01	7.899809e+02
1.640000e-06	5.533018e-06	1.203983e-08	3.844232e+01	7.901122e+02
1.650000e-06	5.535269e-06	1.204885e-08	3.845797e+01	7.902525e+02
1.660000e-06	5.535562e-06	1.205758e-08	3.846000e+01	7.903420e+02
1.670000e-06	5.534095e-06	1.205387e-08	3.844981e+01	7.903061e+02
1.680000e-06	5.530943e-06	1.204506e-08	3.842791e+01	7.900876e+02
1.690000e-06	5.525846e-06	1.203757e-08	3.839250e+01	7.896706e+02
1.700000e-06	5.518768e-06	1.202970e-08	3.834332e+01	7.890867e+02
1.710000e-06	5.510008e-06	1.201741e-08	3.828245e+01	7.884009e+02
1.720000e-06	5.499576e-06	1.200659e-08	3.820998e+01	7.876839e+02
1.730000e-06	5.487216e-06	1.201255e-08	3.812410e+01	7.869822e+02
1.740000e-06	5.472813e-06	1.198866e-08	3.802403e+01	7.863000e+02
1.750000e-06	5.456358e-06	1.193660e-08	3.790971e+01	7.855990e+02
1.760000e-06	5.437334e-06	1.192567e-08	3.777753e+01	7.848169e+02
1.770000e-06	5.415529e-06	1.191239e-08	3.762603e+01	7.838963e+02
1.780000e-06	5.391708e-06	1.196041e-08	3.746053e+01	7.828099e+02
1.790000e-06	5.366865e-06	1.197647e-08	3.728793e+01	7.815727e+02
1.800000e-06	5.341181e-06	1.185412e-08	3.710948e+01	7.802343e+02
1.810000e-06	5.313582e-06	1.189359e-08	3.691773e+01	7.788557e+02
1.820000e-06	5.283724e-06	1.187847e-08	3.671028e+01	7.774805e+02
1.830000e-06	5.252302e-06	1.176311e-08	3.649197e+01	7.761125e+02
1.840000e-06	5.219066e-06	1.184936e-08	3.626105e+01	7.747113e+02
1.850000e-06	5.183981e-06	1.179800e-08	3.601728e+01	7.732070e+02
1.860000e-06	5.147154e-06	1.171615e-08	3.576142e+01	7.715277e+02
1.870000e-06	5.108229e-06	1.180364e-08	3.549097e+01	7.696302e+02
1.880000e-06	5.067606e-06	1.170959e-08	3.520873e+01	7.675179e+02
1.890000e-06	5.025393e-06	1.164148e-08	3.491544e+01	7.652408e+02
1.900000e-06	4.981247e-06	1.160595e-08	3.460873e+01	7.628755e+02
1.910000e-06	4.935351e-06	1.152232e-08	3.428985e+01	7.604946e+02
1.920000e-06	4.887554e-06	1.161429e-08	3.395776e+01	7.581371e+02
1.930000e-06	4.837960e-06	1.155822e-08	3.361320e+01	7.557934e+02
1.940000e-06	4.786594e-06	1.147042e-08	3.325632e+01	7.534099e+02
1.950000e-06	4.733040e-06	1.147315e-08	3.288424e+01	7.509116e+02
1.960000e-06	4.677678e-06	1.139529e-08	3.249959e+01	7.482330e+02
1.970000e-06	4.620721e-06	1.135568e-08	3.210387e+01	7.453439e+02
1.980000e-06	4.562194e-06	1.126781e-08	3.169723e+01	7.422596e+02
1.990000e-06	4.502084e-06	1.124655e-08	3.127960e+01	7.390321e+02
2.000000e-06	4.440150e-06	1.124539e-08	3.084930e+01	7.357251e+02
2.010000e-06	4.376586e-06	1.117728e-08	3.040766e+01	7.323852e+02
2.020000e-06	4.311545e-06	1.115343e-08	2.995577e+01	7.290215e+02
2.030000e-06	4.245092e-06	1.104494e-08	2.949407e+01	7.256008e+02
2.040000e-06	4.177109e-06	1.100174e-08	2.902173e+01	7.220626e+02
2.050000e-06	4.107328e-06	1.095027e-08	2.853691e+01	7.183445e+02
2.060000e-06	4.035993e-06	1.085790e-08	2.804129e+01	7.144088e+02
2.070000e-06	3.963326e-06	1.082872e-08	2.753641e+01	7.102567e+02
2.080000e-06	3.889318e-06	1.075954e-08	2.702222e+01	7.059262e+02
2.090000e-06	3.813738e-06	1.072767e-08	2.649711e+01	7.014728e+02
2.100000e-06	3.736445e-06	1.064521e-08	2.596009e+01	6.969433e+02
2.110000e-06	3.657707e-06	1.055418e-08	2.541303e+01	6.923533e+02
2.120000e-06	3.577740e-06	1.047686e-08	2.485743e+01	6.876791e+02
2.130000e-06	3.496616e-06	1.039095e-08	2.429380e+01	6.828672e+02
2.140000e-06	3.414312e-06	1.034557e-08	2.372197e+01	6.778570e+02
2.150000e-06	3.330842e-06	1.026022e-08	2.314204e+01	6.726068e+02
2.160000e-06	3.246102e-06	1.018381e-08	2.255328e+01	6.671111e+02
2.170000e-06	3.159994e-06	1.008907e-08	2.195502e+01	6.614017e+02
2.180000e-06	3.072735e-06	9.993278e-09	2.134876e+01	6.555322e+02
2.190000e-06	2.984488e-06	9.903794e-09	2.073564e+01	6.495518e+02
2.200000e-06	2.895314e-06	9.801545e-09	2.011608e+01	6.434821e+02
2.210000e-06	2.805192e-06	9.723173e-09	1.948993e+01	6.373051e+02
2.220000e-06	2.714054e-06	9.635315e-09	1.885672e+01	6.309693e+02
2.230000e-06	2.621996e-06	9.541539e-09	1.821712e+01	6.244107e+02
2.240000e-06	2.529050e-06	9.423514e-09	1.757135e+01	6.175793e+02
2.250000e-06	2.435034e-06	9.303024e-09	1.691814e+01	6.104588e+02
2.260000e-06	2.340027e-06	9.192864e-09	1.625805e+01	6.030703e+02
2.270000e-06	2.244285e-06	9.087722e-09	1.559285e+01	5.954583e+02
2.280000e-06	2.147764e-06	8.980079e-09	1.492225e+01	5.876652e+02
2.290000e-06	2.050519e-06	8.855676e-09	1.424660e+01	5.797053e+02
2.300000e-06	1.952742e-06	8.729502e-09	1.356727e+01	5.715515e+02
2.310000e-06	1.854414e-06	8.598791e-09	1.288410e+01	5.631411e+02
2.320000e-06	1.755370e-06	8.463466e-09	1.219597e+01	5.543982e+02
2.330000e-06	1.655717e-06	8.317662e-09	1.150360e+01	5.452644e+02
2.340000e-06	1.555579e-06	8.174537e-09	1.080786e+01	5.357216e+02
2.350000e-06	1.454849e-06	8.033222e-09	1.010801e+01	5.257974e+02
2.360000e-06	1.353493e-06	7.884125e-09	9.403803e+00	5.155481e+02
2.370000e-06	1.251500e-06	7.722383e-09	8.695177e+00	5.050264e+02
2.380000e-06	1.148947e-06	7.551878e-09	7.982657e+00	4.942475e+02
2.390000e-06	1.045965e-06	7.383999e-09	7.267163e+00	4.831696e+02
2.400000e-06	9.426144e-07	7.211598e-09	6.549100e+00	4.716988e+02
2.410000e-06	8.389312e-07	7.031448e-09	5.828730e+00	4.597189e+02
2.420000e-06	7.349983e-07	6.839414e-09	5.106624e+00	4.471329e+02
2.430000e-06	6.308878e-07	6.636673e-09	4.383284e+00	4.338999e+02
2.440000e-06	5.265583e-07	6.425778e-09	3.658424e+00	4.200475e+02
2.450000e-06	4.220071e-07	6.208093e-09	2.932022e+00	4.056530e+02
2.460000e-06	3.172809e-07	5.981215e-09	2.204405e+00	3.907984e+02
2.470000e-06	2.124666e-07	5.746474e-09	1.476177e+00	3.755167e+02
2.480000e-06	1.076542e-07	5.506653e-09	7.479601e-01	3.597545e+02
2.490000e-06	2.781396e-09	5.256150e-09	1.932459e-02	3.433674e+02
2.500000e-06	-1.021268e-07	4.993343e-09	-7.095570e-01	3.261566e+02
2.510000e-06	-2.069970e-07	4.712550e-09	-1.438175e+00	3.079300e+02
2.520000e-06	-3.118009e-07	4.416347e-09	-2.166331e+00	2.885644e+02
2.530000e-06	-4.164502e-07	4.108404e-09	-2.893414e+00	2.680342e+02
2.540000e-06	-5.209034e-07	3.783011e-09	-3.619135e+00	2.463880e+02
2.550000e-06	-6.251359e-07	3.437509e-09	-4.343321e+00	2.236686e+02
2.560000e-06	-7.291491e-07	3.072758e-09	-5.065985e+00	1.998025e+02
2.570000e-06	-8.329374e-07	2.686374e-09	-5.787086e+00	1.744996e+02
2.580000e-06	-9.364434e-07	2.268760e-09	-6.506225e+00	1.472102e+02
2.590000e-06	-1.039666e-06	1.808871e-09	-7.223394e+00	1.171739e+02
2.600000e-06	-1.142585e-06	1.298496e-09	-7.938460e+00	8.356621e+01
2.610000e-06	-1.245024e-06	7.314899e-10	-8.650181e+00	4.571549e+01
2.620000e-06	-1.346738e-06	9.838835e-11	-9.356872e+00	3.333379e+00
2.630000e-06	-1.447716e-06	-6.061152e-10	-1.005845e+01	-4.330922e+01
2.640000e-06	-1.548098e-06	-1.370428e-09	-1.075588e+01	-9.331910e+01
2.650000e-06	-1.647949e-06	-2.166963e-09	-1.144963e+01	-1.452595e+02
2.660000e-06	-1.747303e-06	-2.965772e-09	-1.213992e+01	-1.973591e+02
2.670000e-06	-1.846052e-06	-3.740234e-09	-1.282601e+01	-2.478015e+02
2.680000e-06	-1.944097e-06	-4.465699e-09	-1.350721e+01	-2.950212e+02
2.690000e-06	-2.041458e-06	-5.121129e-09	-1.418365e+01	-3.379337e+02
2.700000e-06	-2.138125e-06	-5.699843e-09	-1.485528e+01	-3.760445e+02
2.710000e-06	-2.234124e-06	-6.210761e-09	-1.552226e+01	-4.094221e+02
2.720000e-06	-2.329567e-06	-6.666063e-09	-1.618537e+01	-4.385579e+02
2.730000e-06	-2.424406e-06	-7.069394e-09	-1.684430e+01	-4.641632e+02
2.740000e-06	-2.518292e-06	-7.422239e-09	-1.749660e+01	-4.869686e+02
2.750000e-06	-2.611030e-06	-7.735545e-09	-1.814093e+01	-5.075764e+02
2.760000e-06	-2.702697e-06	-8.023097e-09	-1.877781e+01	-5.263956e+02
2.770000e-06	-2.793392e-06	-8.288768e-09	-1.940794e+01	-5.436564e+02
2.780000e-06	-2.883093e-06	-8.529979e-09	-2.003116e+01	-5.594775e+02
2.790000e-06	-2.971722e-06	-8.748790e-09	-2.064694e+01	-5.739469e+02
2.800000e-06	-3.059385e-06	-8.952252e-09	-2.125601e+01	-5.871815e+02
2.810000e-06	-3.146110e-06	-9.144831e-09	-2.185856e+01	-5.993461e+02
2.820000e-06	-3.231648e-06	-9.321808e-09	-2.245286e+01	-6.106332e+02
2.830000e-06	-3.315834e-06	-9.483276e-09	-2.303777e+01	-6.212215e+02
2.840000e-06	-3.398830e-06	-9.637150e-09	-2.361440e+01	-6.312356e+02
2.850000e-06	-3.480783e-06	-9.783729e-09	-2.418380e+01	-6.407289e+02
2.860000e-06	-3.561602e-06	-9.919924e-09	-2.474531e+01	-6.496943e+02
2.870000e-06	-3.641156e-06	-1.004372e-08	-2.529804e+01	-6.580988e+02
2.880000e-06	-3.719358e-06	-1.015882e-08	-2.584137e+01	-6.659237e+02
2.890000e-06	-3.796048e-06	-1.027013e-08	-2.637420e+01	-6.731930e+02
2.900000e-06	-3.871207e-06	-1.037616e-08	-2.689639e+01	-6.799786e+02
2.910000e-06	-3.944903e-06	-1.047580e-08	-2.740841e+01	-6.863819e+02
2.920000e-06	-4.017172e-06	-1.057116e-08	-2.791052e+01	-6.925019e+02
2.930000e-06	-4.088123e-06	-1.066526e-08	-2.840348e+01	-6.984047e+02
2.940000e-06	-4.157558e-06	-1.075640e-08	-2.888590e+01	-7.041086e+02
2.950000e-06	-4.225335e-06	-1.083981e-08	-2.935680e+01	-7.095905e+02
2.960000e-06	-4.291648e-06	-1.091530e-08	-2.981753e+01	-7.148097e+02
2.970000e-06	-4.356556e-06	-1.098819e-08	-3.026850e+01	-7.197365e+02
2.980000e-06	-4.420066e-06	-1.105959e-08	-3.070975e+01	-7.243734e+02
2.990000e-06	-4.481996e-06	-1.112740e-08	-3.114003e+01	-7.287587e+02
3.000000e-06	-4.542126e-06	-1.119186e-08	-3.155780e+01	-7.329509e+02
3.010000e-06	-4.600595e-06	-1.125674e-08	-3.196403e+01	-7.370036e+02
3.020000e-06	-4.657551e-06	-1.132049e-08	-3.235975e+01	-7.409405e+02
3.030000e-06	-4.712988e-06	-1.137923e-08	-3.274492e+01	-7.447453e+02
3.040000e-06	-4.766617e-06	-1.143098e-08	-3.311752e+01	-7.483697e+02
3.050000e-06	-4.818166e-06	-1.147802e-08	-3.347567e+01	-7.517565e+02
3.060000e-06	-4.867731e-06	-1.152489e-08	-3.382004e+01	-7.548686e+02
3.070000e-06	-4.915349e-06	-1.157175e-08	-3.415088e+01	-7.577092e+02
3.080000e-06	-4.961061e-06	-1.161381e-08	-3.446848e+01	-7.603250e+02
3.090000e-06	-5.005083e-06	-1.165245e-08	-3.477434e+01	-7.627895e+02
3.100000e-06	-5.047519e-06	-1.169016e-08	-3.506918e+01	-7.651740e+02
3.110000e-06	-5.088408e-06	-1.172566e-08	-3.535326e+01	-7.675186e+02
3.120000e-06	-5.127716e-06	-1.175897e-08	-3.562637e+01	-7.698157e+02
3.130000e-06	-5.165119e-06	-1.179046e-08	-3.588623e+01	-7.720140e+02
3.140000e-06	-5.200508e-06	-1.182181e-08	-3.613211e+01	-7.740407e+02
3.150000e-06	-5.234106e-06	-1.185138e-08	-3.636555e+01	-7.758345e+02
3.160000e-06	-5.266027e-06	-1.187692e-08	-3.658732e+01	-7.773728e+02
3.170000e-06	-5.296048e-06	-1.189384e-08	-3.679590e+01	-7.786840e+02
3.180000e-06	-5.324040e-06	-1.190608e-08	-3.699039e+01	-7.798374e+02
3.190000e-06	-5.350165e-06	-1.192080e-08	-3.717190e+01	-7.809162e+02
3.200000e-06	-5.374477e-06	-1.193734e-08	-3.734081e+01	-7.819841e+02
3.210000e-06	-5.396963e-06	-1.195429e-08	-3.749704e+01	-7.830602e+02
3.220000e-06	-5.417451e-06	-1.197142e-08	-3.763939e+01	-7.841127e+02
3.230000e-06	-5.435992e-06	-1.198826e-08	-3.776821e+01	-7.850737e+02
3.240000e-06	-5.452786e-06	-1.200226e-08	-3.788489e+01	-7.858690e+02
3.250000e-06	-5.467660e-06	-1.200896e-08	-3.798823e+01	-7.864511e+02
3.260000e-06	-5.480248e-06	-1.201040e-08	-3.807569e+01	-7.868196e+02
3.270000e-06	-5.490640e-06	-1.201057e-08	-3.814789e+01	-7.870226e+02
3.280000e-06	-5.499171e-06	-1.201050e-08	-3.820716e+01	-7.871368e+02
3.290000e-06	-5.505802e-06	-1.201059e-08	-3.825323e+01	-7.872360e+02
3.300000e-06	-5.510391e-06	-1.201175e-08	-3.828512e+01	-7.873610e+02
3.310000e-06	-5.513065e-06	-1.201296e-08	-3.830370e+01	-7.875031e+02
3.320000e-06	-5.513977e-06	-1.201497e-08	-3.831003e+01	-7.876096e+02
