# Temperatura_=_37.88
# Concentracion g/m^3_=_13400.0
# C_Vs_to_Am_M_A/Vsm_=_65563218390.804596
# pendiente_HvsI_1/m_=_3716.3
# ordenada_HvsI_A/m_=_1297.0
# frecuencia_Hz_=_301443.31427054

Tiempo_(s)	Campo_(V.s)	Magnetizacion_(V.s)	Campo_(kA/m)	Magnetizacion_(A/m)
0.000000e+00	-8.380646e-06	-1.785941e-08	-5.691005e+01	-1.170971e+03
1.000000e-08	-8.377608e-06	-1.785449e-08	-5.688942e+01	-1.170517e+03
2.000000e-08	-8.371824e-06	-1.784681e-08	-5.685014e+01	-1.170326e+03
3.000000e-08	-8.363440e-06	-1.784365e-08	-5.679321e+01	-1.170304e+03
4.000000e-08	-8.352185e-06	-1.783797e-08	-5.671678e+01	-1.170239e+03
5.000000e-08	-8.337843e-06	-1.782668e-08	-5.661939e+01	-1.169894e+03
6.000000e-08	-8.320531e-06	-1.781034e-08	-5.650183e+01	-1.169108e+03
7.000000e-08	-8.300656e-06	-1.778217e-08	-5.636687e+01	-1.167867e+03
8.000000e-08	-8.278275e-06	-1.780291e-08	-5.621488e+01	-1.166311e+03
9.000000e-08	-8.252822e-06	-1.784319e-08	-5.604204e+01	-1.164667e+03
1.000000e-07	-8.223983e-06	-1.779359e-08	-5.584621e+01	-1.163157e+03
1.100000e-07	-8.191935e-06	-1.774599e-08	-5.562858e+01	-1.161906e+03
1.200000e-07	-8.156878e-06	-1.772333e-08	-5.539052e+01	-1.160892e+03
1.300000e-07	-8.119130e-06	-1.767744e-08	-5.513419e+01	-1.159965e+03
1.400000e-07	-8.079015e-06	-1.758628e-08	-5.486178e+01	-1.158920e+03
1.500000e-07	-8.036447e-06	-1.758108e-08	-5.457271e+01	-1.157582e+03
1.600000e-07	-7.991099e-06	-1.766405e-08	-5.426478e+01	-1.155882e+03
1.700000e-07	-7.942889e-06	-1.754836e-08	-5.393740e+01	-1.153878e+03
1.800000e-07	-7.891769e-06	-1.758981e-08	-5.359026e+01	-1.151710e+03
1.900000e-07	-7.837529e-06	-1.757576e-08	-5.322193e+01	-1.149526e+03
2.000000e-07	-7.780323e-06	-1.743563e-08	-5.283347e+01	-1.147405e+03
2.100000e-07	-7.720347e-06	-1.740716e-08	-5.242619e+01	-1.145308e+03
2.200000e-07	-7.657704e-06	-1.732463e-08	-5.200080e+01	-1.143098e+03
2.300000e-07	-7.592320e-06	-1.735744e-08	-5.155681e+01	-1.140597e+03
2.400000e-07	-7.524015e-06	-1.731472e-08	-5.109297e+01	-1.137676e+03
2.500000e-07	-7.452932e-06	-1.727641e-08	-5.061027e+01	-1.134321e+03
2.600000e-07	-7.379029e-06	-1.724113e-08	-5.010842e+01	-1.130643e+03
2.700000e-07	-7.302191e-06	-1.717029e-08	-4.958664e+01	-1.126839e+03
2.800000e-07	-7.222504e-06	-1.710490e-08	-4.904551e+01	-1.123101e+03
2.900000e-07	-7.140156e-06	-1.699592e-08	-4.848632e+01	-1.119532e+03
3.000000e-07	-7.055401e-06	-1.697564e-08	-4.791078e+01	-1.116092e+03
3.100000e-07	-6.968270e-06	-1.693290e-08	-4.731910e+01	-1.112610e+03
3.200000e-07	-6.878681e-06	-1.688966e-08	-4.671073e+01	-1.108855e+03
3.300000e-07	-6.786619e-06	-1.682891e-08	-4.608557e+01	-1.104636e+03
3.400000e-07	-6.692126e-06	-1.672973e-08	-4.544390e+01	-1.099890e+03
3.500000e-07	-6.595212e-06	-1.666004e-08	-4.478579e+01	-1.094709e+03
3.600000e-07	-6.495916e-06	-1.658189e-08	-4.411150e+01	-1.089306e+03
3.700000e-07	-6.394247e-06	-1.650484e-08	-4.342111e+01	-1.083920e+03
3.800000e-07	-6.290235e-06	-1.641251e-08	-4.271479e+01	-1.078707e+03
3.900000e-07	-6.183951e-06	-1.635224e-08	-4.199306e+01	-1.073668e+03
4.000000e-07	-6.075449e-06	-1.628292e-08	-4.125626e+01	-1.068638e+03
4.100000e-07	-5.964848e-06	-1.618501e-08	-4.050521e+01	-1.063353e+03
4.200000e-07	-5.852079e-06	-1.608009e-08	-3.973943e+01	-1.057563e+03
4.300000e-07	-5.736956e-06	-1.598322e-08	-3.895767e+01	-1.051135e+03
4.400000e-07	-5.619495e-06	-1.590186e-08	-3.816004e+01	-1.044115e+03
4.500000e-07	-5.499941e-06	-1.580795e-08	-3.734818e+01	-1.036707e+03
4.600000e-07	-5.378428e-06	-1.569938e-08	-3.652303e+01	-1.029180e+03
4.700000e-07	-5.254996e-06	-1.557439e-08	-3.568485e+01	-1.021747e+03
4.800000e-07	-5.129694e-06	-1.545260e-08	-3.483397e+01	-1.014466e+03
4.900000e-07	-5.002532e-06	-1.533340e-08	-3.397045e+01	-1.007205e+03
5.000000e-07	-4.873524e-06	-1.520594e-08	-3.309440e+01	-9.996944e+02
5.100000e-07	-4.742737e-06	-1.507475e-08	-3.220628e+01	-9.916430e+02
5.200000e-07	-4.610279e-06	-1.495530e-08	-3.130680e+01	-9.828627e+02
5.300000e-07	-4.476249e-06	-1.483882e-08	-3.039665e+01	-9.733543e+02
5.400000e-07	-4.340644e-06	-1.470140e-08	-2.947580e+01	-9.633065e+02
5.500000e-07	-4.203328e-06	-1.453397e-08	-2.854334e+01	-9.530105e+02
5.600000e-07	-4.064367e-06	-1.436220e-08	-2.759970e+01	-9.427238e+02
5.700000e-07	-3.923836e-06	-1.419716e-08	-2.664541e+01	-9.325439e+02
5.800000e-07	-3.781685e-06	-1.403664e-08	-2.568011e+01	-9.223501e+02
5.900000e-07	-3.638026e-06	-1.386925e-08	-2.470457e+01	-9.118429e+02
6.000000e-07	-3.493032e-06	-1.369606e-08	-2.371997e+01	-9.006663e+02
6.100000e-07	-3.346836e-06	-1.352304e-08	-2.272720e+01	-8.885621e+02
6.200000e-07	-3.199471e-06	-1.334520e-08	-2.172649e+01	-8.754853e+02
6.300000e-07	-3.050961e-06	-1.314621e-08	-2.071801e+01	-8.616268e+02
6.400000e-07	-2.901437e-06	-1.292014e-08	-1.970265e+01	-8.473273e+02
6.500000e-07	-2.750970e-06	-1.269119e-08	-1.868088e+01	-8.329155e+02
6.600000e-07	-2.599523e-06	-1.246646e-08	-1.765246e+01	-8.185410e+02
6.700000e-07	-2.447113e-06	-1.223853e-08	-1.661749e+01	-8.040783e+02
6.800000e-07	-2.293779e-06	-1.199591e-08	-1.557626e+01	-7.891509e+02
6.900000e-07	-2.139595e-06	-1.174623e-08	-1.452924e+01	-7.732734e+02
7.000000e-07	-1.984635e-06	-1.149103e-08	-1.347697e+01	-7.560523e+02
7.100000e-07	-1.828929e-06	-1.122247e-08	-1.241962e+01	-7.373591e+02
7.200000e-07	-1.672534e-06	-1.093281e-08	-1.135759e+01	-7.173900e+02
7.300000e-07	-1.515529e-06	-1.062521e-08	-1.029143e+01	-6.965752e+02
7.400000e-07	-1.357993e-06	-1.030934e-08	-9.221656e+00	-6.753651e+02
7.500000e-07	-1.200036e-06	-9.978691e-09	-8.149029e+00	-6.539804e+02
7.600000e-07	-1.041689e-06	-9.626782e-09	-7.073747e+00	-6.322386e+02
7.700000e-07	-8.829787e-07	-9.251093e-09	-5.996001e+00	-6.095466e+02
7.800000e-07	-7.239933e-07	-8.858849e-09	-4.916387e+00	-5.850824e+02
7.900000e-07	-5.647949e-07	-8.449553e-09	-3.835325e+00	-5.581044e+02
8.000000e-07	-4.053461e-07	-8.015846e-09	-2.752565e+00	-5.282603e+02
8.100000e-07	-2.457077e-07	-7.549394e-09	-1.668515e+00	-4.957467e+02
8.200000e-07	-8.599477e-08	-7.049640e-09	-5.839606e-01	-4.612169e+02
8.300000e-07	7.382158e-08	-6.518651e-09	5.012966e-01	-4.254276e+02
8.400000e-07	2.336031e-07	-5.944724e-09	1.586317e+00	-3.887283e+02
8.500000e-07	3.932402e-07	-5.318475e-09	2.670357e+00	-3.505834e+02
8.600000e-07	5.526691e-07	-4.633317e-09	3.752984e+00	-3.093363e+02
8.700000e-07	7.118574e-07	-3.882399e-09	4.833976e+00	-2.623673e+02
8.800000e-07	8.707859e-07	-3.044448e-09	5.913204e+00	-2.066663e+02
8.900000e-07	1.029453e-06	-2.082522e-09	6.990656e+00	-1.396971e+02
9.000000e-07	1.187796e-06	-9.442512e-10	8.065909e+00	-6.030281e+01
9.100000e-07	1.345698e-06	4.152651e-10	9.138168e+00	3.063633e+01
9.200000e-07	1.503158e-06	1.984476e-09	1.020742e+01	1.300314e+02
9.300000e-07	1.660135e-06	3.657257e-09	1.127340e+01	2.329955e+02
9.400000e-07	1.816501e-06	5.260667e-09	1.233523e+01	3.337552e+02
9.500000e-07	1.972211e-06	6.659818e-09	1.339260e+01	4.268188e+02
9.600000e-07	2.127217e-06	7.812426e-09	1.444519e+01	5.080767e+02
9.700000e-07	2.281403e-06	8.750784e-09	1.549222e+01	5.755257e+02
9.800000e-07	2.434754e-06	9.525063e-09	1.653357e+01	6.294317e+02
9.900000e-07	2.587224e-06	1.017672e-08	1.756894e+01	6.719196e+02
1.000000e-06	2.738701e-06	1.073539e-08	1.859756e+01	7.061521e+02
1.010000e-06	2.889140e-06	1.121943e-08	1.961914e+01	7.353731e+02
1.020000e-06	3.038538e-06	1.164653e-08	2.063365e+01	7.621082e+02
1.030000e-06	3.186881e-06	1.203220e-08	2.164100e+01	7.877347e+02
1.040000e-06	3.334104e-06	1.238384e-08	2.264074e+01	8.124930e+02
1.050000e-06	3.480145e-06	1.270489e-08	2.363245e+01	8.358582e+02
1.060000e-06	3.624938e-06	1.300109e-08	2.461569e+01	8.570830e+02
1.070000e-06	3.768405e-06	1.327548e-08	2.558993e+01	8.756903e+02
1.080000e-06	3.910490e-06	1.352987e-08	2.655478e+01	8.917464e+02
1.090000e-06	4.051040e-06	1.376399e-08	2.750921e+01	9.058475e+02
1.100000e-06	4.190027e-06	1.398174e-08	2.845302e+01	9.188726e+02
1.110000e-06	4.327443e-06	1.418698e-08	2.938616e+01	9.316361e+02
1.120000e-06	4.463220e-06	1.438299e-08	3.030818e+01	9.445973e+02
1.130000e-06	4.597409e-06	1.457150e-08	3.121941e+01	9.577417e+02
1.140000e-06	4.729982e-06	1.474944e-08	3.211966e+01	9.706673e+02
1.150000e-06	4.860876e-06	1.491862e-08	3.300852e+01	9.828206e+02
1.160000e-06	4.990043e-06	1.508006e-08	3.388565e+01	9.937709e+02
1.170000e-06	5.117422e-06	1.523235e-08	3.475063e+01	1.003405e+03
1.180000e-06	5.243032e-06	1.537478e-08	3.560360e+01	1.011969e+03
1.190000e-06	5.366781e-06	1.551037e-08	3.644394e+01	1.019945e+03
1.200000e-06	5.488607e-06	1.564254e-08	3.727122e+01	1.027844e+03
1.210000e-06	5.608432e-06	1.577052e-08	3.808491e+01	1.035988e+03
1.220000e-06	5.726140e-06	1.589254e-08	3.888422e+01	1.044393e+03
1.230000e-06	5.841649e-06	1.600843e-08	3.966861e+01	1.052787e+03
1.240000e-06	5.954839e-06	1.611926e-08	4.043724e+01	1.060756e+03
1.250000e-06	6.065852e-06	1.622547e-08	4.119109e+01	1.067937e+03
1.260000e-06	6.174850e-06	1.632393e-08	4.193126e+01	1.074182e+03
1.270000e-06	6.281697e-06	1.641371e-08	4.265682e+01	1.079623e+03
1.280000e-06	6.386222e-06	1.650161e-08	4.336661e+01	1.084606e+03
1.290000e-06	6.488452e-06	1.658876e-08	4.406082e+01	1.089546e+03
1.300000e-06	6.588320e-06	1.667065e-08	4.473899e+01	1.094745e+03
1.310000e-06	6.685693e-06	1.674392e-08	4.540022e+01	1.100277e+03
1.320000e-06	6.780681e-06	1.681469e-08	4.604525e+01	1.105972e+03
1.330000e-06	6.873383e-06	1.688925e-08	4.667475e+01	1.111499e+03
1.340000e-06	6.963677e-06	1.696246e-08	4.728791e+01	1.116525e+03
1.350000e-06	7.051488e-06	1.702962e-08	4.788420e+01	1.120858e+03
1.360000e-06	7.136904e-06	1.709201e-08	4.846423e+01	1.124529e+03
1.370000e-06	7.219845e-06	1.715390e-08	4.902746e+01	1.127771e+03
1.380000e-06	7.300155e-06	1.721421e-08	4.957281e+01	1.130911e+03
1.390000e-06	7.377840e-06	1.727006e-08	5.010035e+01	1.134225e+03
1.400000e-06	7.452702e-06	1.732051e-08	5.060871e+01	1.137821e+03
1.410000e-06	7.524755e-06	1.736834e-08	5.109799e+01	1.141602e+03
1.420000e-06	7.594231e-06	1.741779e-08	5.156978e+01	1.145313e+03
1.430000e-06	7.660974e-06	1.746713e-08	5.202301e+01	1.148661e+03
1.440000e-06	7.724920e-06	1.751251e-08	5.245725e+01	1.151446e+03
1.450000e-06	7.786295e-06	1.755460e-08	5.287402e+01	1.153651e+03
1.460000e-06	7.844943e-06	1.759398e-08	5.327228e+01	1.155440e+03
1.470000e-06	7.900735e-06	1.763018e-08	5.365114e+01	1.157087e+03
1.480000e-06	7.953574e-06	1.766302e-08	5.400996e+01	1.158852e+03
1.490000e-06	8.003177e-06	1.769347e-08	5.434679e+01	1.160868e+03
1.500000e-06	8.049735e-06	1.772442e-08	5.466295e+01	1.163088e+03
1.510000e-06	8.093452e-06	1.775361e-08	5.495982e+01	1.165305e+03
1.520000e-06	8.134265e-06	1.777787e-08	5.523696e+01	1.167254e+03
1.530000e-06	8.172285e-06	1.780044e-08	5.549515e+01	1.168726e+03
1.540000e-06	8.207565e-06	1.782106e-08	5.573472e+01	1.169663e+03
1.550000e-06	8.239937e-06	1.783843e-08	5.595455e+01	1.170183e+03
1.560000e-06	8.269467e-06	1.785417e-08	5.615508e+01	1.170524e+03
1.570000e-06	8.296014e-06	1.786949e-08	5.633535e+01	1.170944e+03
1.580000e-06	8.319491e-06	1.788389e-08	5.649477e+01	1.171607e+03
1.590000e-06	8.340184e-06	1.789613e-08	5.663529e+01	1.172512e+03
1.600000e-06	8.357957e-06	1.790512e-08	5.675598e+01	1.173502e+03
1.610000e-06	8.372614e-06	1.791018e-08	5.685551e+01	1.174332e+03
1.620000e-06	8.384093e-06	1.791293e-08	5.693346e+01	1.174781e+03
1.630000e-06	8.392393e-06	1.791530e-08	5.698982e+01	1.174749e+03
1.640000e-06	8.397688e-06	1.791733e-08	5.702578e+01	1.174302e+03
1.650000e-06	8.400003e-06	1.791985e-08	5.704150e+01	1.173637e+03
1.660000e-06	8.399432e-06	1.791952e-08	5.703762e+01	1.173003e+03
1.670000e-06	8.396155e-06	1.791354e-08	5.701537e+01	1.172585e+03
1.680000e-06	8.390082e-06	1.790769e-08	5.697413e+01	1.172426e+03
1.690000e-06	8.381200e-06	1.789668e-08	5.691381e+01	1.172412e+03
1.700000e-06	8.369388e-06	1.788467e-08	5.683360e+01	1.172320e+03
1.710000e-06	8.354654e-06	1.787931e-08	5.673355e+01	1.171917e+03
1.720000e-06	8.337403e-06	1.788129e-08	5.661640e+01	1.171062e+03
1.730000e-06	8.317630e-06	1.785910e-08	5.648213e+01	1.169764e+03
1.740000e-06	8.294954e-06	1.775482e-08	5.632814e+01	1.168179e+03
1.750000e-06	8.268657e-06	1.774916e-08	5.614957e+01	1.166540e+03
1.760000e-06	8.238378e-06	1.776454e-08	5.594396e+01	1.165062e+03
1.770000e-06	8.204883e-06	1.774019e-08	5.571651e+01	1.163848e+03
1.780000e-06	8.168847e-06	1.775283e-08	5.547180e+01	1.162857e+03
1.790000e-06	8.130446e-06	1.783445e-08	5.521103e+01	1.161925e+03
1.800000e-06	8.090055e-06	1.773036e-08	5.493675e+01	1.160846e+03
1.810000e-06	8.047472e-06	1.767471e-08	5.464758e+01	1.159456e+03
1.820000e-06	8.001948e-06	1.773063e-08	5.433845e+01	1.157706e+03
1.830000e-06	7.953570e-06	1.755749e-08	5.400993e+01	1.155667e+03
1.840000e-06	7.902070e-06	1.765389e-08	5.366021e+01	1.153487e+03
1.850000e-06	7.847260e-06	1.762319e-08	5.328801e+01	1.151309e+03
1.860000e-06	7.789725e-06	1.760051e-08	5.289731e+01	1.149196e+03
1.870000e-06	7.729309e-06	1.763258e-08	5.248705e+01	1.147092e+03
1.880000e-06	7.666125e-06	1.744838e-08	5.205798e+01	1.144849e+03
1.890000e-06	7.600148e-06	1.745988e-08	5.160996e+01	1.142293e+03
1.900000e-06	7.531248e-06	1.734862e-08	5.114208e+01	1.139307e+03
1.910000e-06	7.459507e-06	1.731869e-08	5.065491e+01	1.135895e+03
1.920000e-06	7.384786e-06	1.730932e-08	5.014751e+01	1.132185e+03
1.930000e-06	7.307331e-06	1.726960e-08	4.962154e+01	1.128378e+03
1.940000e-06	7.227276e-06	1.727920e-08	4.907792e+01	1.124660e+03
1.950000e-06	7.144745e-06	1.713581e-08	4.851748e+01	1.121115e+03
1.960000e-06	7.059576e-06	1.710565e-08	4.793912e+01	1.117680e+03
1.970000e-06	6.971674e-06	1.697503e-08	4.734222e+01	1.114172e+03
1.980000e-06	6.881404e-06	1.691723e-08	4.672922e+01	1.110359e+03
1.990000e-06	6.788689e-06	1.688529e-08	4.609962e+01	1.106064e+03
2.000000e-06	6.693564e-06	1.683150e-08	4.545367e+01	1.101245e+03
2.010000e-06	6.596191e-06	1.679102e-08	4.479244e+01	1.096017e+03
2.020000e-06	6.496475e-06	1.668181e-08	4.411530e+01	1.090602e+03
2.030000e-06	6.394299e-06	1.661964e-08	4.342146e+01	1.085233e+03
2.040000e-06	6.289757e-06	1.649326e-08	4.271155e+01	1.080048e+03
2.050000e-06	6.183007e-06	1.642762e-08	4.198665e+01	1.075022e+03
2.060000e-06	6.074121e-06	1.632677e-08	4.124724e+01	1.069971e+03
2.070000e-06	5.963096e-06	1.625861e-08	4.049331e+01	1.064627e+03
2.080000e-06	5.849784e-06	1.616984e-08	3.972385e+01	1.058749e+03
2.090000e-06	5.734128e-06	1.607581e-08	3.893847e+01	1.052228e+03
2.100000e-06	5.616187e-06	1.597341e-08	3.813757e+01	1.045136e+03
2.110000e-06	5.496178e-06	1.584535e-08	3.732264e+01	1.037693e+03
2.120000e-06	5.374163e-06	1.574061e-08	3.649407e+01	1.030168e+03
2.130000e-06	5.250223e-06	1.561904e-08	3.565244e+01	1.022757e+03
2.140000e-06	5.124397e-06	1.552134e-08	3.479800e+01	1.015490e+03
2.150000e-06	4.996749e-06	1.540306e-08	3.393118e+01	1.008210e+03
2.160000e-06	4.867387e-06	1.528464e-08	3.305273e+01	1.000638e+03
2.170000e-06	4.736270e-06	1.514311e-08	3.216236e+01	9.924893e+02
2.180000e-06	4.603439e-06	1.500087e-08	3.126035e+01	9.835990e+02
2.190000e-06	4.468968e-06	1.485783e-08	3.034720e+01	9.739971e+02
2.200000e-06	4.332900e-06	1.472241e-08	2.942322e+01	9.638941e+02
2.210000e-06	4.195161e-06	1.457787e-08	2.848788e+01	9.535851e+02
2.220000e-06	4.055791e-06	1.443304e-08	2.754146e+01	9.433115e+02
2.230000e-06	3.914887e-06	1.427134e-08	2.658464e+01	9.331408e+02
2.240000e-06	3.772570e-06	1.410031e-08	2.561821e+01	9.229224e+02
2.250000e-06	3.628898e-06	1.392015e-08	2.464259e+01	9.123396e+02
2.260000e-06	3.483952e-06	1.373646e-08	2.365831e+01	9.010411e+02
2.270000e-06	3.337771e-06	1.355075e-08	2.266564e+01	8.887938e+02
2.280000e-06	3.190355e-06	1.335708e-08	2.166459e+01	8.755875e+02
2.290000e-06	3.041743e-06	1.316437e-08	2.065542e+01	8.616423e+02
2.300000e-06	2.892053e-06	1.296189e-08	1.963892e+01	8.473081e+02
2.310000e-06	2.741435e-06	1.275299e-08	1.861613e+01	8.328972e+02
2.320000e-06	2.589870e-06	1.252650e-08	1.758691e+01	8.185234e+02
2.330000e-06	2.437411e-06	1.229010e-08	1.655161e+01	8.040207e+02
2.340000e-06	2.284106e-06	1.204081e-08	1.551057e+01	7.889863e+02
2.350000e-06	2.129909e-06	1.178203e-08	1.446347e+01	7.729350e+02
2.360000e-06	1.974854e-06	1.151199e-08	1.341055e+01	7.555028e+02
2.370000e-06	1.819062e-06	1.123658e-08	1.235262e+01	7.366070e+02
2.380000e-06	1.662649e-06	1.095124e-08	1.129047e+01	7.164864e+02
2.390000e-06	1.505652e-06	1.065474e-08	1.022436e+01	6.955892e+02
2.400000e-06	1.348050e-06	1.034123e-08	9.154137e+00	6.743476e+02
2.410000e-06	1.189902e-06	1.000651e-08	8.080209e+00	6.529323e+02
2.420000e-06	1.031330e-06	9.649866e-09	7.003401e+00	6.310981e+02
2.430000e-06	8.724542e-07	9.269639e-09	5.924533e+00	6.082039e+02
2.440000e-06	7.132747e-07	8.869827e-09	4.843600e+00	5.834187e+02
2.450000e-06	5.538245e-07	8.451681e-09	3.760829e+00	5.560396e+02
2.460000e-06	3.941696e-07	8.015729e-09	2.676669e+00	5.257880e+02
2.470000e-06	2.343479e-07	7.556423e-09	1.591375e+00	4.929379e+02
2.480000e-06	7.447202e-08	7.062769e-09	5.057136e-01	4.581844e+02
2.490000e-06	-8.540211e-08	6.524978e-09	-5.799360e-01	4.222587e+02
2.500000e-06	-2.452590e-07	5.938123e-09	-1.665469e+00	3.854097e+02
2.510000e-06	-4.050333e-07	5.302508e-09	-2.750441e+00	3.469481e+02
2.520000e-06	-5.646368e-07	4.613228e-09	-3.834252e+00	3.050600e+02
2.530000e-06	-7.239955e-07	3.857083e-09	-4.916402e+00	2.570258e+02
2.540000e-06	-8.830463e-07	3.014583e-09	-5.996460e+00	1.998463e+02
2.550000e-06	-1.041773e-06	2.047250e-09	-7.074319e+00	1.311295e+02
2.560000e-06	-1.200085e-06	9.065504e-10	-8.149359e+00	4.997861e+01
2.570000e-06	-1.357865e-06	-4.591074e-10	-9.220786e+00	-4.240785e+01
2.580000e-06	-1.515110e-06	-2.044551e-09	-1.028859e+01	-1.426455e+02
2.590000e-06	-1.671855e-06	-3.735257e-09	-1.135299e+01	-2.456559e+02
2.600000e-06	-1.828106e-06	-5.350273e-09	-1.241403e+01	-3.456320e+02
2.610000e-06	-1.983682e-06	-6.747912e-09	-1.347049e+01	-4.372183e+02
2.620000e-06	-2.138396e-06	-7.892810e-09	-1.452110e+01	-5.165732e+02
2.630000e-06	-2.292210e-06	-8.823092e-09	-1.556560e+01	-5.820221e+02
2.640000e-06	-2.445146e-06	-9.592373e-09	-1.660414e+01	-6.341336e+02
2.650000e-06	-2.597261e-06	-1.024450e-08	-1.763710e+01	-6.752376e+02
2.660000e-06	-2.748523e-06	-1.080954e-08	-1.866427e+01	-7.085662e+02
2.670000e-06	-2.898772e-06	-1.130603e-08	-1.968455e+01	-7.373027e+02
2.680000e-06	-3.047939e-06	-1.174547e-08	-2.069749e+01	-7.638249e+02
2.690000e-06	-3.196068e-06	-1.213802e-08	-2.170339e+01	-7.893370e+02
2.700000e-06	-3.343058e-06	-1.249025e-08	-2.270155e+01	-8.139408e+02
2.710000e-06	-3.488781e-06	-1.280667e-08	-2.369110e+01	-8.370455e+02
2.720000e-06	-3.633272e-06	-1.309496e-08	-2.467229e+01	-8.579157e+02
2.730000e-06	-3.776478e-06	-1.336162e-08	-2.564475e+01	-8.761418e+02
2.740000e-06	-3.918255e-06	-1.361422e-08	-2.660751e+01	-8.918732e+02
2.750000e-06	-4.058527e-06	-1.385576e-08	-2.756004e+01	-9.057655e+02
2.760000e-06	-4.197205e-06	-1.408704e-08	-2.850176e+01	-9.187103e+02
2.770000e-06	-4.334275e-06	-1.430554e-08	-2.943255e+01	-9.314859e+02
2.780000e-06	-4.469823e-06	-1.450611e-08	-3.035301e+01	-9.444861e+02
2.790000e-06	-4.603810e-06	-1.468653e-08	-3.126287e+01	-9.576315e+02
2.800000e-06	-4.736120e-06	-1.485386e-08	-3.216134e+01	-9.704818e+02
2.810000e-06	-4.866713e-06	-1.501635e-08	-3.304815e+01	-9.824849e+02
2.820000e-06	-4.995630e-06	-1.517384e-08	-3.392358e+01	-9.932466e+02
2.830000e-06	-5.122785e-06	-1.532721e-08	-3.478705e+01	-1.002707e+03
2.840000e-06	-5.248099e-06	-1.547597e-08	-3.563801e+01	-1.011154e+03
2.850000e-06	-5.371576e-06	-1.561894e-08	-3.647650e+01	-1.019092e+03
2.860000e-06	-5.493186e-06	-1.575254e-08	-3.730231e+01	-1.027014e+03
2.870000e-06	-5.612803e-06	-1.587270e-08	-3.811459e+01	-1.035203e+03
2.880000e-06	-5.730245e-06	-1.598414e-08	-3.891210e+01	-1.043629e+03
2.890000e-06	-5.845401e-06	-1.609170e-08	-3.969409e+01	-1.051990e+03
2.900000e-06	-5.958106e-06	-1.619885e-08	-4.045942e+01	-1.059867e+03
2.910000e-06	-6.068455e-06	-1.630296e-08	-4.120877e+01	-1.066918e+03
2.920000e-06	-6.176716e-06	-1.639932e-08	-4.194393e+01	-1.073035e+03
2.930000e-06	-6.282948e-06	-1.649062e-08	-4.266531e+01	-1.078386e+03
2.940000e-06	-6.386961e-06	-1.657946e-08	-4.337163e+01	-1.083340e+03
2.950000e-06	-6.488564e-06	-1.666674e-08	-4.406158e+01	-1.088304e+03
2.960000e-06	-6.587809e-06	-1.675055e-08	-4.473552e+01	-1.093553e+03
2.970000e-06	-6.684837e-06	-1.682985e-08	-4.539440e+01	-1.099125e+03
2.980000e-06	-6.779537e-06	-1.690558e-08	-4.603747e+01	-1.104819e+03
2.990000e-06	-6.871738e-06	-1.697903e-08	-4.666358e+01	-1.110294e+03
3.000000e-06	-6.961567e-06	-1.705043e-08	-4.727358e+01	-1.115229e+03
3.010000e-06	-7.049071e-06	-1.711689e-08	-4.786779e+01	-1.119462e+03
3.020000e-06	-7.134031e-06	-1.717745e-08	-4.844472e+01	-1.123055e+03
3.030000e-06	-7.216457e-06	-1.723481e-08	-4.900445e+01	-1.126264e+03
3.040000e-06	-7.296474e-06	-1.728971e-08	-4.954781e+01	-1.129415e+03
3.050000e-06	-7.373722e-06	-1.734168e-08	-5.007238e+01	-1.132768e+03
3.060000e-06	-7.448031e-06	-1.739081e-08	-5.057699e+01	-1.136403e+03
3.070000e-06	-7.519602e-06	-1.743982e-08	-5.106300e+01	-1.140193e+03
3.080000e-06	-7.588458e-06	-1.748694e-08	-5.153058e+01	-1.143870e+03
3.090000e-06	-7.654609e-06	-1.752872e-08	-5.197979e+01	-1.147147e+03
3.100000e-06	-7.718047e-06	-1.756722e-08	-5.241057e+01	-1.149848e+03
3.110000e-06	-7.778674e-06	-1.760202e-08	-5.282227e+01	-1.151980e+03
3.120000e-06	-7.836525e-06	-1.763306e-08	-5.321512e+01	-1.153732e+03
3.130000e-06	-7.891583e-06	-1.766099e-08	-5.358899e+01	-1.155383e+03
3.140000e-06	-7.943635e-06	-1.768843e-08	-5.394246e+01	-1.157181e+03
3.150000e-06	-7.992398e-06	-1.771578e-08	-5.427359e+01	-1.159235e+03
3.160000e-06	-8.037996e-06	-1.774408e-08	-5.458324e+01	-1.161470e+03
3.170000e-06	-8.081018e-06	-1.777137e-08	-5.487538e+01	-1.163667e+03
3.180000e-06	-8.121531e-06	-1.779236e-08	-5.515049e+01	-1.165559e+03
3.190000e-06	-8.159168e-06	-1.780912e-08	-5.540607e+01	-1.166955e+03
3.200000e-06	-8.193904e-06	-1.782308e-08	-5.564195e+01	-1.167823e+03
3.210000e-06	-8.225810e-06	-1.783437e-08	-5.585861e+01	-1.168301e+03
3.220000e-06	-8.254730e-06	-1.784239e-08	-5.605500e+01	-1.168640e+03
3.230000e-06	-8.280727e-06	-1.784929e-08	-5.623153e+01	-1.169090e+03
3.240000e-06	-8.303866e-06	-1.785827e-08	-5.638866e+01	-1.169792e+03
3.250000e-06	-8.324015e-06	-1.786812e-08	-5.652549e+01	-1.170724e+03
3.260000e-06	-8.341250e-06	-1.787482e-08	-5.664253e+01	-1.171707e+03
3.270000e-06	-8.355428e-06	-1.787947e-08	-5.673880e+01	-1.172496e+03
3.280000e-06	-8.366334e-06	-1.788178e-08	-5.681286e+01	-1.172880e+03
3.290000e-06	-8.374192e-06	-1.787932e-08	-5.686622e+01	-1.172782e+03
3.300000e-06	-8.379096e-06	-1.787308e-08	-5.689953e+01	-1.172290e+03
3.310000e-06	-8.381110e-06	-1.786481e-08	-5.691320e+01	-1.171617e+03
