# Temperatura_=_25.28
# Concentracion g/m^3_=_13400.0
# C_Vs_to_Am_M_A/Vsm_=_65563218390.804596
# pendiente_HvsI_1/m_=_3716.3
# ordenada_HvsI_A/m_=_1297.0
# frecuencia_Hz_=_301428.60304642253

Tiempo_(s)	Campo_(V.s)	Magnetizacion_(V.s)	Campo_(kA/m)	Magnetizacion_(A/m)
0.000000e+00	-8.298408e-06	-1.857477e-08	-5.692050e+01	-1.217143e+03
1.000000e-08	-8.295577e-06	-1.857228e-08	-5.690108e+01	-1.216513e+03
2.000000e-08	-8.290019e-06	-1.856571e-08	-5.686296e+01	-1.216097e+03
3.000000e-08	-8.281869e-06	-1.855742e-08	-5.680705e+01	-1.215907e+03
4.000000e-08	-8.270914e-06	-1.854635e-08	-5.673191e+01	-1.215810e+03
5.000000e-08	-8.256917e-06	-1.853313e-08	-5.663590e+01	-1.215587e+03
6.000000e-08	-8.239858e-06	-1.851819e-08	-5.651889e+01	-1.215029e+03
7.000000e-08	-8.220171e-06	-1.849899e-08	-5.638386e+01	-1.214029e+03
8.000000e-08	-8.198028e-06	-1.849813e-08	-5.623197e+01	-1.212629e+03
9.000000e-08	-8.172919e-06	-1.852258e-08	-5.605974e+01	-1.210997e+03
1.000000e-07	-8.144483e-06	-1.851178e-08	-5.586469e+01	-1.209360e+03
1.100000e-07	-8.112900e-06	-1.847106e-08	-5.564806e+01	-1.207905e+03
1.200000e-07	-8.078356e-06	-1.842903e-08	-5.541112e+01	-1.206702e+03
1.300000e-07	-8.041068e-06	-1.838348e-08	-5.515535e+01	-1.205678e+03
1.400000e-07	-8.001424e-06	-1.832729e-08	-5.488342e+01	-1.204650e+03
1.500000e-07	-7.959398e-06	-1.831334e-08	-5.459516e+01	-1.203412e+03
1.600000e-07	-7.914625e-06	-1.833858e-08	-5.428805e+01	-1.201814e+03
1.700000e-07	-7.867070e-06	-1.827964e-08	-5.396187e+01	-1.199823e+03
1.800000e-07	-7.816639e-06	-1.827555e-08	-5.361594e+01	-1.197526e+03
1.900000e-07	-7.763063e-06	-1.825743e-08	-5.324845e+01	-1.195078e+03
2.000000e-07	-7.706587e-06	-1.816178e-08	-5.286108e+01	-1.192622e+03
2.100000e-07	-7.647338e-06	-1.811010e-08	-5.245468e+01	-1.190219e+03
2.200000e-07	-7.585358e-06	-1.805560e-08	-5.202954e+01	-1.187814e+03
2.300000e-07	-7.520688e-06	-1.804693e-08	-5.158596e+01	-1.185266e+03
2.400000e-07	-7.453171e-06	-1.801790e-08	-5.112284e+01	-1.182411e+03
2.500000e-07	-7.382919e-06	-1.796366e-08	-5.064097e+01	-1.179144e+03
2.600000e-07	-7.309927e-06	-1.791406e-08	-5.014030e+01	-1.175471e+03
2.700000e-07	-7.234110e-06	-1.784768e-08	-4.962026e+01	-1.171509e+03
2.800000e-07	-7.155439e-06	-1.778287e-08	-4.908064e+01	-1.167440e+03
2.900000e-07	-7.073913e-06	-1.770477e-08	-4.852144e+01	-1.163425e+03
3.000000e-07	-6.989901e-06	-1.765991e-08	-4.794518e+01	-1.159530e+03
3.100000e-07	-6.903645e-06	-1.761684e-08	-4.735353e+01	-1.155692e+03
3.200000e-07	-6.815016e-06	-1.755860e-08	-4.674561e+01	-1.151743e+03
3.300000e-07	-6.723918e-06	-1.748765e-08	-4.612075e+01	-1.147479e+03
3.400000e-07	-6.630445e-06	-1.739085e-08	-4.547959e+01	-1.142756e+03
3.500000e-07	-6.534676e-06	-1.731575e-08	-4.482269e+01	-1.137548e+03
3.600000e-07	-6.436511e-06	-1.724559e-08	-4.414936e+01	-1.131969e+03
3.700000e-07	-6.335887e-06	-1.716945e-08	-4.345916e+01	-1.126213e+03
3.800000e-07	-6.232983e-06	-1.708191e-08	-4.275332e+01	-1.120476e+03
3.900000e-07	-6.127881e-06	-1.699716e-08	-4.203241e+01	-1.114856e+03
4.000000e-07	-6.020600e-06	-1.691167e-08	-4.129654e+01	-1.109308e+03
4.100000e-07	-5.911193e-06	-1.681217e-08	-4.054609e+01	-1.103653e+03
4.200000e-07	-5.799615e-06	-1.671117e-08	-3.978076e+01	-1.097656e+03
4.300000e-07	-5.685782e-06	-1.660829e-08	-3.899995e+01	-1.091122e+03
4.400000e-07	-5.569681e-06	-1.651272e-08	-3.820360e+01	-1.083986e+03
4.500000e-07	-5.451473e-06	-1.641348e-08	-3.739278e+01	-1.076342e+03
4.600000e-07	-5.331288e-06	-1.630060e-08	-3.656841e+01	-1.068400e+03
4.700000e-07	-5.209196e-06	-1.617187e-08	-3.573096e+01	-1.060394e+03
4.800000e-07	-5.085208e-06	-1.604115e-08	-3.488050e+01	-1.052476e+03
4.900000e-07	-4.959442e-06	-1.591765e-08	-3.401784e+01	-1.044636e+03
5.000000e-07	-4.831916e-06	-1.579272e-08	-3.314312e+01	-1.036703e+03
5.100000e-07	-4.702631e-06	-1.566086e-08	-3.225632e+01	-1.028410e+03
5.200000e-07	-4.571602e-06	-1.552754e-08	-3.135756e+01	-1.019510e+03
5.300000e-07	-4.438886e-06	-1.539111e-08	-3.044723e+01	-1.009881e+03
5.400000e-07	-4.304635e-06	-1.524034e-08	-2.952638e+01	-9.995797e+02
5.500000e-07	-4.168779e-06	-1.507457e-08	-2.859452e+01	-9.888162e+02
5.600000e-07	-4.031382e-06	-1.490529e-08	-2.765209e+01	-9.778556e+02
5.700000e-07	-3.892536e-06	-1.473914e-08	-2.669971e+01	-9.668918e+02
5.800000e-07	-3.752076e-06	-1.456961e-08	-2.573627e+01	-9.559483e+02
5.900000e-07	-3.610006e-06	-1.438957e-08	-2.476178e+01	-9.448527e+02
6.000000e-07	-3.466547e-06	-1.420277e-08	-2.377776e+01	-9.333007e+02
6.100000e-07	-3.321814e-06	-1.401489e-08	-2.278501e+01	-9.209824e+02
6.200000e-07	-3.175855e-06	-1.382205e-08	-2.178385e+01	-9.077184e+02
6.300000e-07	-3.028740e-06	-1.361319e-08	-2.077475e+01	-8.935410e+02
6.400000e-07	-2.880606e-06	-1.338846e-08	-1.975867e+01	-8.786819e+02
6.500000e-07	-2.731560e-06	-1.315930e-08	-1.873634e+01	-8.634659e+02
6.600000e-07	-2.581640e-06	-1.292792e-08	-1.770800e+01	-8.481522e+02
6.700000e-07	-2.430824e-06	-1.268969e-08	-1.667353e+01	-8.327963e+02
6.800000e-07	-2.279086e-06	-1.243894e-08	-1.563272e+01	-8.171933e+02
6.900000e-07	-2.126557e-06	-1.217881e-08	-1.458650e+01	-8.009377e+02
7.000000e-07	-1.973246e-06	-1.190952e-08	-1.353490e+01	-7.835787e+02
7.100000e-07	-1.819180e-06	-1.162731e-08	-1.247814e+01	-7.648065e+02
7.200000e-07	-1.664481e-06	-1.132820e-08	-1.141702e+01	-7.445855e+02
7.300000e-07	-1.509184e-06	-1.101420e-08	-1.035180e+01	-7.231687e+02
7.400000e-07	-1.353356e-06	-1.068939e-08	-9.282950e+00	-7.009739e+02
7.500000e-07	-1.196984e-06	-1.034959e-08	-8.210359e+00	-6.783673e+02
7.600000e-07	-1.040110e-06	-9.989976e-09	-7.134329e+00	-6.554451e+02
7.700000e-07	-8.828751e-07	-9.608853e-09	-6.055823e+00	-6.319138e+02
7.800000e-07	-7.253603e-07	-9.208640e-09	-4.975397e+00	-6.071371e+02
7.900000e-07	-5.676004e-07	-8.787780e-09	-3.893289e+00	-5.803470e+02
8.000000e-07	-4.096344e-07	-8.344326e-09	-2.809767e+00	-5.509405e+02
8.100000e-07	-2.515143e-07	-7.872470e-09	-1.725189e+00	-5.187345e+02
8.200000e-07	-9.333753e-08	-7.371035e-09	-6.402215e-01	-4.840489e+02
8.300000e-07	6.485897e-08	-6.840229e-09	4.448811e-01	-4.475462e+02
8.400000e-07	2.230123e-07	-6.272067e-09	1.529687e+00	-4.098508e+02
8.500000e-07	3.810747e-07	-5.657870e-09	2.613870e+00	-3.710704e+02
8.600000e-07	5.390426e-07	-4.992898e-09	3.697405e+00	-3.304062e+02
8.700000e-07	6.968122e-07	-4.274178e-09	4.779579e+00	-2.860353e+02
8.800000e-07	8.543119e-07	-3.486033e-09	5.859902e+00	-2.353725e+02
8.900000e-07	1.011568e-06	-2.600073e-09	6.938557e+00	-1.756920e+02
9.000000e-07	1.168559e-06	-1.577459e-09	8.015389e+00	-1.049579e+02
9.100000e-07	1.325097e-06	-3.761860e-10	9.089115e+00	-2.261420e+01
9.200000e-07	1.480999e-06	1.026412e-09	1.015848e+01	6.992339e+01
9.300000e-07	1.636286e-06	2.598703e-09	1.122363e+01	1.692610e+02
9.400000e-07	1.790988e-06	4.227588e-09	1.228476e+01	2.705469e+02
9.500000e-07	1.945102e-06	5.761679e-09	1.334186e+01	3.683971e+02
9.600000e-07	2.098525e-06	7.094492e-09	1.439422e+01	4.579752e+02
9.700000e-07	2.251145e-06	8.204931e-09	1.544107e+01	5.359241e+02
9.800000e-07	2.402958e-06	9.126024e-09	1.648238e+01	6.008968e+02
9.900000e-07	2.553883e-06	9.898955e-09	1.751761e+01	6.535581e+02
1.000000e-06	2.703891e-06	1.055792e-08	1.854655e+01	6.960947e+02
1.010000e-06	2.853002e-06	1.112865e-08	1.956933e+01	7.314184e+02
1.020000e-06	3.001088e-06	1.162997e-08	2.058508e+01	7.623215e+02
1.030000e-06	3.148085e-06	1.207748e-08	2.159337e+01	7.908367e+02
1.040000e-06	3.293978e-06	1.248279e-08	2.259407e+01	8.179588e+02
1.050000e-06	3.438664e-06	1.285155e-08	2.358651e+01	8.437510e+02
1.060000e-06	3.582094e-06	1.319040e-08	2.457033e+01	8.677313e+02
1.070000e-06	3.724201e-06	1.350253e-08	2.554507e+01	8.893528e+02
1.080000e-06	3.864842e-06	1.378753e-08	2.650975e+01	9.083891e+02
1.090000e-06	4.003943e-06	1.404999e-08	2.746387e+01	9.250978e+02
1.100000e-06	4.141517e-06	1.429595e-08	2.840752e+01	9.401364e+02
1.110000e-06	4.277560e-06	1.452900e-08	2.934067e+01	9.543045e+02
1.120000e-06	4.412046e-06	1.475052e-08	3.026314e+01	9.682429e+02
1.130000e-06	4.544989e-06	1.495994e-08	3.117502e+01	9.822228e+02
1.140000e-06	4.676338e-06	1.515702e-08	3.207597e+01	9.961054e+02
1.150000e-06	4.806004e-06	1.534387e-08	3.296538e+01	1.009474e+03
1.160000e-06	4.933955e-06	1.552065e-08	3.384302e+01	1.021866e+03
1.170000e-06	5.060172e-06	1.568793e-08	3.470877e+01	1.033006e+03
1.180000e-06	5.184664e-06	1.584674e-08	3.556268e+01	1.042930e+03
1.190000e-06	5.307323e-06	1.599907e-08	3.640403e+01	1.051969e+03
1.200000e-06	5.428086e-06	1.614625e-08	3.723237e+01	1.060599e+03
1.210000e-06	5.546861e-06	1.628651e-08	3.804707e+01	1.069239e+03
1.220000e-06	5.663461e-06	1.642094e-08	3.884685e+01	1.078083e+03
1.230000e-06	5.777853e-06	1.654989e-08	3.963149e+01	1.087035e+03
1.240000e-06	5.890077e-06	1.667313e-08	4.040125e+01	1.095775e+03
1.250000e-06	6.000191e-06	1.679044e-08	4.115655e+01	1.103914e+03
1.260000e-06	6.108206e-06	1.690104e-08	4.189745e+01	1.111178e+03
1.270000e-06	6.214032e-06	1.700410e-08	4.262333e+01	1.117526e+03
1.280000e-06	6.317614e-06	1.710055e-08	4.333382e+01	1.123168e+03
1.290000e-06	6.418951e-06	1.719269e-08	4.402892e+01	1.128471e+03
1.300000e-06	6.517965e-06	1.727796e-08	4.470807e+01	1.133805e+03
1.310000e-06	6.614533e-06	1.735702e-08	4.537045e+01	1.139388e+03
1.320000e-06	6.708741e-06	1.743716e-08	4.601665e+01	1.145206e+03
1.330000e-06	6.800647e-06	1.751946e-08	4.664704e+01	1.151038e+03
1.340000e-06	6.890159e-06	1.759730e-08	4.726103e+01	1.156560e+03
1.350000e-06	6.977281e-06	1.766619e-08	4.785861e+01	1.161499e+03
1.360000e-06	7.062016e-06	1.773047e-08	4.843983e+01	1.165749e+03
1.370000e-06	7.144269e-06	1.779423e-08	4.900402e+01	1.169419e+03
1.380000e-06	7.223927e-06	1.785627e-08	4.955041e+01	1.172775e+03
1.390000e-06	7.300898e-06	1.791440e-08	5.007837e+01	1.176130e+03
1.400000e-06	7.375096e-06	1.796938e-08	5.058731e+01	1.179699e+03
1.410000e-06	7.446594e-06	1.802391e-08	5.107773e+01	1.183517e+03
1.420000e-06	7.515466e-06	1.807761e-08	5.155014e+01	1.187431e+03
1.430000e-06	7.581581e-06	1.812961e-08	5.200364e+01	1.191167e+03
1.440000e-06	7.645021e-06	1.817589e-08	5.243878e+01	1.194461e+03
1.450000e-06	7.705934e-06	1.821751e-08	5.285660e+01	1.197172e+03
1.460000e-06	7.764105e-06	1.825939e-08	5.325560e+01	1.199339e+03
1.470000e-06	7.819469e-06	1.830016e-08	5.363536e+01	1.201165e+03
1.480000e-06	7.871823e-06	1.833575e-08	5.399447e+01	1.202921e+03
1.490000e-06	7.920971e-06	1.836589e-08	5.433158e+01	1.204827e+03
1.500000e-06	7.967225e-06	1.839621e-08	5.464885e+01	1.206962e+03
1.510000e-06	8.010685e-06	1.842781e-08	5.494695e+01	1.209230e+03
1.520000e-06	8.051276e-06	1.845475e-08	5.522537e+01	1.211407e+03
1.530000e-06	8.089085e-06	1.847779e-08	5.548471e+01	1.213247e+03
1.540000e-06	8.124086e-06	1.850063e-08	5.572479e+01	1.214587e+03
1.550000e-06	8.156184e-06	1.852345e-08	5.594495e+01	1.215421e+03
1.560000e-06	8.185499e-06	1.854026e-08	5.614603e+01	1.215901e+03
1.570000e-06	8.211880e-06	1.855026e-08	5.632699e+01	1.216268e+03
1.580000e-06	8.235236e-06	1.855889e-08	5.648719e+01	1.216749e+03
1.590000e-06	8.255847e-06	1.856933e-08	5.662857e+01	1.217459e+03
1.600000e-06	8.273618e-06	1.858019e-08	5.675046e+01	1.218351e+03
1.610000e-06	8.288312e-06	1.858827e-08	5.685125e+01	1.219247e+03
1.620000e-06	8.299778e-06	1.859502e-08	5.692990e+01	1.219913e+03
1.630000e-06	8.308095e-06	1.859982e-08	5.698694e+01	1.220170e+03
1.640000e-06	8.313524e-06	1.860074e-08	5.702418e+01	1.219969e+03
1.650000e-06	8.316049e-06	1.859838e-08	5.704150e+01	1.219416e+03
1.660000e-06	8.315673e-06	1.859182e-08	5.703893e+01	1.218720e+03
1.670000e-06	8.312560e-06	1.858372e-08	5.701757e+01	1.218107e+03
1.680000e-06	8.306667e-06	1.857916e-08	5.697715e+01	1.217716e+03
1.690000e-06	8.297985e-06	1.857296e-08	5.691759e+01	1.217544e+03
1.700000e-06	8.286418e-06	1.856408e-08	5.683826e+01	1.217443e+03
1.710000e-06	8.271928e-06	1.855608e-08	5.673887e+01	1.217192e+03
1.720000e-06	8.254915e-06	1.855401e-08	5.662217e+01	1.216589e+03
1.730000e-06	8.235467e-06	1.854733e-08	5.648877e+01	1.215541e+03
1.740000e-06	8.213188e-06	1.848700e-08	5.633595e+01	1.214105e+03
1.750000e-06	8.187381e-06	1.844182e-08	5.615894e+01	1.212460e+03
1.760000e-06	8.157656e-06	1.843475e-08	5.595505e+01	1.210835e+03
1.770000e-06	8.124651e-06	1.842887e-08	5.572867e+01	1.209405e+03
1.780000e-06	8.089093e-06	1.843264e-08	5.548476e+01	1.208226e+03
1.790000e-06	8.051181e-06	1.845447e-08	5.522472e+01	1.207210e+03
1.800000e-06	8.011226e-06	1.840183e-08	5.495066e+01	1.206169e+03
1.810000e-06	7.969133e-06	1.834751e-08	5.466194e+01	1.204897e+03
1.820000e-06	7.924207e-06	1.836420e-08	5.435378e+01	1.203255e+03
1.830000e-06	7.876468e-06	1.829706e-08	5.402632e+01	1.201224e+03
1.840000e-06	7.825670e-06	1.830145e-08	5.367789e+01	1.198902e+03
1.850000e-06	7.771547e-06	1.828719e-08	5.330665e+01	1.196446e+03
1.860000e-06	7.714657e-06	1.825654e-08	5.291643e+01	1.193994e+03
1.870000e-06	7.654956e-06	1.826162e-08	5.250693e+01	1.191594e+03
1.880000e-06	7.592537e-06	1.815174e-08	5.207878e+01	1.189181e+03
1.890000e-06	7.527429e-06	1.809975e-08	5.163220e+01	1.186606e+03
1.900000e-06	7.459413e-06	1.804145e-08	5.116566e+01	1.183710e+03
1.910000e-06	7.388578e-06	1.799882e-08	5.067979e+01	1.180396e+03
1.920000e-06	7.314884e-06	1.798776e-08	5.017430e+01	1.176683e+03
1.930000e-06	7.238403e-06	1.793417e-08	4.964970e+01	1.172700e+03
1.940000e-06	7.159190e-06	1.789764e-08	4.910637e+01	1.168629e+03
1.950000e-06	7.077481e-06	1.779353e-08	4.854591e+01	1.164625e+03
1.960000e-06	6.993275e-06	1.772933e-08	4.796832e+01	1.160741e+03
1.970000e-06	6.906420e-06	1.764699e-08	4.737256e+01	1.156900e+03
1.980000e-06	6.817176e-06	1.757023e-08	4.676042e+01	1.152925e+03
1.990000e-06	6.725529e-06	1.753596e-08	4.613179e+01	1.148616e+03
2.000000e-06	6.631468e-06	1.746649e-08	4.548661e+01	1.143839e+03
2.010000e-06	6.535085e-06	1.740775e-08	4.482550e+01	1.138583e+03
2.020000e-06	6.436452e-06	1.730617e-08	4.414896e+01	1.132973e+03
2.030000e-06	6.335462e-06	1.722043e-08	4.345625e+01	1.127211e+03
2.040000e-06	6.232058e-06	1.712341e-08	4.274698e+01	1.121483e+03
2.050000e-06	6.126466e-06	1.703951e-08	4.202270e+01	1.115875e+03
2.060000e-06	6.018805e-06	1.695421e-08	4.128423e+01	1.110324e+03
2.070000e-06	5.909050e-06	1.685790e-08	4.053140e+01	1.104643e+03
2.080000e-06	5.797052e-06	1.676771e-08	3.976318e+01	1.098595e+03
2.090000e-06	5.682756e-06	1.666466e-08	3.897920e+01	1.091996e+03
2.100000e-06	5.566161e-06	1.656040e-08	3.817945e+01	1.084798e+03
2.110000e-06	5.447406e-06	1.644163e-08	3.736488e+01	1.077109e+03
2.120000e-06	5.326701e-06	1.632776e-08	3.653695e+01	1.069148e+03
2.130000e-06	5.204134e-06	1.620828e-08	3.569623e+01	1.061147e+03
2.140000e-06	5.079671e-06	1.608769e-08	3.484252e+01	1.053239e+03
2.150000e-06	4.953386e-06	1.596268e-08	3.397630e+01	1.045399e+03
2.160000e-06	4.825327e-06	1.583660e-08	3.309792e+01	1.037440e+03
2.170000e-06	4.695520e-06	1.570244e-08	3.220754e+01	1.029091e+03
2.180000e-06	4.564072e-06	1.556077e-08	3.130592e+01	1.020115e+03
2.190000e-06	4.431015e-06	1.541425e-08	3.039325e+01	1.010407e+03
2.200000e-06	4.296470e-06	1.526458e-08	2.947037e+01	1.000044e+03
2.210000e-06	4.160338e-06	1.510980e-08	2.853662e+01	9.892456e+02
2.220000e-06	4.022538e-06	1.495119e-08	2.759142e+01	9.782768e+02
2.230000e-06	3.883185e-06	1.478522e-08	2.663557e+01	9.673167e+02
2.240000e-06	3.742393e-06	1.461377e-08	2.566985e+01	9.563673e+02
2.250000e-06	3.600229e-06	1.443599e-08	2.469472e+01	9.452377e+02
2.260000e-06	3.456721e-06	1.425073e-08	2.371037e+01	9.336162e+02
2.270000e-06	3.311981e-06	1.405512e-08	2.271756e+01	9.212009e+02
2.280000e-06	3.166036e-06	1.384918e-08	2.171650e+01	9.078325e+02
2.290000e-06	3.018916e-06	1.364027e-08	2.070737e+01	8.935672e+02
2.300000e-06	2.870797e-06	1.342841e-08	1.969139e+01	8.786532e+02
2.310000e-06	2.721705e-06	1.321069e-08	1.866874e+01	8.634159e+02
2.320000e-06	2.571628e-06	1.298075e-08	1.763933e+01	8.480987e+02
2.330000e-06	2.420595e-06	1.274106e-08	1.660336e+01	8.327296e+02
2.340000e-06	2.268649e-06	1.248837e-08	1.556114e+01	8.170775e+02
2.350000e-06	2.115923e-06	1.222273e-08	1.451356e+01	8.007233e+02
2.360000e-06	1.962438e-06	1.194347e-08	1.346077e+01	7.832227e+02
2.370000e-06	1.808242e-06	1.165743e-08	1.240311e+01	7.642905e+02
2.380000e-06	1.653428e-06	1.136237e-08	1.134121e+01	7.439240e+02
2.390000e-06	1.498046e-06	1.105582e-08	1.027541e+01	7.224018e+02
2.400000e-06	1.342133e-06	1.073183e-08	9.205967e+00	7.001475e+02
2.410000e-06	1.185689e-06	1.038963e-08	8.132889e+00	6.775080e+02
2.420000e-06	1.028781e-06	1.002978e-08	7.056622e+00	6.545407e+02
2.430000e-06	8.715129e-07	9.648531e-09	5.977887e+00	6.309100e+02
2.440000e-06	7.139779e-07	9.246412e-09	4.897322e+00	6.059530e+02
2.450000e-06	5.562494e-07	8.821996e-09	3.815430e+00	5.789048e+02
2.460000e-06	3.983709e-07	8.376803e-09	2.732508e+00	5.491972e+02
2.470000e-06	2.403284e-07	7.906893e-09	1.648462e+00	5.167010e+02
2.480000e-06	8.214432e-08	7.404452e-09	5.634449e-01	4.817849e+02
2.490000e-06	-7.603740e-08	6.864057e-09	-5.215563e-01	4.451287e+02
2.500000e-06	-2.341169e-07	6.287038e-09	-1.605856e+00	4.073244e+02
2.510000e-06	-3.920684e-07	5.673418e-09	-2.689278e+00	3.683977e+02
2.520000e-06	-5.498839e-07	5.012996e-09	-3.771767e+00	3.274396e+02
2.530000e-06	-7.075223e-07	4.289903e-09	-4.853042e+00	2.825261e+02
2.540000e-06	-8.649295e-07	3.491506e-09	-5.932731e+00	2.310216e+02
2.550000e-06	-1.022012e-06	2.597015e-09	-7.010192e+00	1.702331e+02
2.560000e-06	-1.178705e-06	1.570616e-09	-8.084982e+00	9.824857e+01
2.570000e-06	-1.334949e-06	3.651991e-10	-9.156689e+00	1.470723e+01
2.580000e-06	-1.490656e-06	-1.048478e-09	-1.022472e+01	-7.875406e+01
2.590000e-06	-1.645811e-06	-2.633233e-09	-1.128896e+01	-1.785516e+02
2.600000e-06	-1.800414e-06	-4.269320e-09	-1.234941e+01	-2.797272e+02
2.610000e-06	-1.954415e-06	-5.804799e-09	-1.340574e+01	-3.769040e+02
2.620000e-06	-2.107668e-06	-7.139521e-09	-1.445693e+01	-4.653648e+02
2.630000e-06	-2.260090e-06	-8.254302e-09	-1.550243e+01	-5.419514e+02
2.640000e-06	-2.411705e-06	-9.179999e-09	-1.654238e+01	-6.055417e+02
2.650000e-06	-2.562471e-06	-9.956568e-09	-1.757652e+01	-6.569945e+02
2.660000e-06	-2.712266e-06	-1.061987e-08	-1.860400e+01	-6.986154e+02
2.670000e-06	-2.861083e-06	-1.119844e-08	-1.962476e+01	-7.333419e+02
2.680000e-06	-3.008870e-06	-1.170855e-08	-2.063846e+01	-7.639103e+02
2.690000e-06	-3.155562e-06	-1.216120e-08	-2.164466e+01	-7.922483e+02
2.700000e-06	-3.301160e-06	-1.256743e-08	-2.264334e+01	-8.192393e+02
2.710000e-06	-3.445581e-06	-1.293472e-08	-2.363395e+01	-8.448665e+02
2.720000e-06	-3.588773e-06	-1.326874e-08	-2.461614e+01	-8.686181e+02
2.730000e-06	-3.730615e-06	-1.357697e-08	-2.558906e+01	-8.899663e+02
2.740000e-06	-3.870999e-06	-1.386204e-08	-2.655198e+01	-9.087333e+02
2.750000e-06	-4.009921e-06	-1.412650e-08	-2.750488e+01	-9.252275e+02
2.760000e-06	-4.147313e-06	-1.437740e-08	-2.844728e+01	-9.401360e+02
2.770000e-06	-4.283172e-06	-1.461758e-08	-2.937917e+01	-9.542550e+02
2.780000e-06	-4.417494e-06	-1.484295e-08	-3.030051e+01	-9.681934e+02
2.790000e-06	-4.550219e-06	-1.505016e-08	-3.121089e+01	-9.821770e+02
2.800000e-06	-4.681331e-06	-1.524474e-08	-3.211022e+01	-9.960283e+02
2.810000e-06	-4.810817e-06	-1.543022e-08	-3.299839e+01	-1.009313e+03
2.820000e-06	-4.938636e-06	-1.560539e-08	-3.387513e+01	-1.021581e+03
2.830000e-06	-5.064668e-06	-1.577045e-08	-3.473961e+01	-1.032584e+03
2.840000e-06	-5.188860e-06	-1.592701e-08	-3.559147e+01	-1.042394e+03
2.850000e-06	-5.311263e-06	-1.607976e-08	-3.643105e+01	-1.051366e+03
2.860000e-06	-5.431810e-06	-1.622496e-08	-3.725791e+01	-1.059981e+03
2.870000e-06	-5.550259e-06	-1.635914e-08	-3.807038e+01	-1.068640e+03
2.880000e-06	-5.666505e-06	-1.648785e-08	-3.886773e+01	-1.077506e+03
2.890000e-06	-5.780461e-06	-1.661314e-08	-3.964938e+01	-1.086455e+03
2.900000e-06	-5.892027e-06	-1.673402e-08	-4.041464e+01	-1.095148e+03
2.910000e-06	-6.001369e-06	-1.684619e-08	-4.116463e+01	-1.103205e+03
2.920000e-06	-6.108706e-06	-1.694883e-08	-4.190088e+01	-1.110369e+03
2.930000e-06	-6.214086e-06	-1.704560e-08	-4.262370e+01	-1.116628e+03
2.940000e-06	-6.317197e-06	-1.714011e-08	-4.333097e+01	-1.122216e+03
2.950000e-06	-6.417890e-06	-1.723285e-08	-4.402163e+01	-1.127507e+03
2.960000e-06	-6.516326e-06	-1.732247e-08	-4.469683e+01	-1.132862e+03
2.970000e-06	-6.612554e-06	-1.741088e-08	-4.535688e+01	-1.138476e+03
2.980000e-06	-6.706472e-06	-1.749731e-08	-4.600108e+01	-1.144310e+03
2.990000e-06	-6.797978e-06	-1.757814e-08	-4.662874e+01	-1.150125e+03
3.000000e-06	-6.887165e-06	-1.765162e-08	-4.724049e+01	-1.155597e+03
3.010000e-06	-6.973987e-06	-1.771859e-08	-4.783602e+01	-1.160464e+03
3.020000e-06	-7.058265e-06	-1.778452e-08	-4.841410e+01	-1.164645e+03
3.030000e-06	-7.140044e-06	-1.785054e-08	-4.897504e+01	-1.168267e+03
3.040000e-06	-7.219302e-06	-1.791237e-08	-4.951869e+01	-1.171610e+03
3.050000e-06	-7.295793e-06	-1.797028e-08	-5.004335e+01	-1.174980e+03
3.060000e-06	-7.369511e-06	-1.802567e-08	-5.054900e+01	-1.178579e+03
3.070000e-06	-7.440563e-06	-1.807858e-08	-5.103636e+01	-1.182419e+03
3.080000e-06	-7.508894e-06	-1.812661e-08	-5.150506e+01	-1.186329e+03
3.090000e-06	-7.574566e-06	-1.817125e-08	-5.195552e+01	-1.190030e+03
3.100000e-06	-7.637579e-06	-1.821552e-08	-5.238773e+01	-1.193266e+03
3.110000e-06	-7.697832e-06	-1.825872e-08	-5.280102e+01	-1.195914e+03
3.120000e-06	-7.755356e-06	-1.829659e-08	-5.319560e+01	-1.198035e+03
3.130000e-06	-7.810018e-06	-1.832764e-08	-5.357053e+01	-1.199841e+03
3.140000e-06	-7.861635e-06	-1.835709e-08	-5.392458e+01	-1.201604e+03
3.150000e-06	-7.910074e-06	-1.838805e-08	-5.425684e+01	-1.203536e+03
3.160000e-06	-7.955526e-06	-1.841805e-08	-5.456860e+01	-1.205693e+03
3.170000e-06	-7.998411e-06	-1.844492e-08	-5.486276e+01	-1.207964e+03
3.180000e-06	-8.038719e-06	-1.846853e-08	-5.513924e+01	-1.210118e+03
3.190000e-06	-8.076205e-06	-1.848786e-08	-5.539636e+01	-1.211911e+03
3.200000e-06	-8.110852e-06	-1.850270e-08	-5.563401e+01	-1.213195e+03
3.210000e-06	-8.142698e-06	-1.851611e-08	-5.585246e+01	-1.213982e+03
3.220000e-06	-8.171557e-06	-1.853173e-08	-5.605040e+01	-1.214438e+03
3.230000e-06	-8.197438e-06	-1.854619e-08	-5.622793e+01	-1.214809e+03
3.240000e-06	-8.220498e-06	-1.855682e-08	-5.638610e+01	-1.215313e+03
3.250000e-06	-8.240698e-06	-1.856454e-08	-5.652466e+01	-1.216048e+03
3.260000e-06	-8.258018e-06	-1.857033e-08	-5.664346e+01	-1.216952e+03
3.270000e-06	-8.272266e-06	-1.857479e-08	-5.674118e+01	-1.217835e+03
3.280000e-06	-8.283317e-06	-1.857555e-08	-5.681699e+01	-1.218465e+03
3.290000e-06	-8.291415e-06	-1.857355e-08	-5.687253e+01	-1.218674e+03
3.300000e-06	-8.296556e-06	-1.857329e-08	-5.690779e+01	-1.218429e+03
3.310000e-06	-8.298721e-06	-1.857442e-08	-5.692264e+01	-1.217849e+03
