# Temperatura_=_71.54
# Concentracion g/m^3_=_13400.0
# C_Vs_to_Am_M_A/Vsm_=_65563218390.804596
# pendiente_HvsI_1/m_=_3716.3
# ordenada_HvsI_A/m_=_1297.0
# frecuencia_Hz_=_301440.54252370255

Tiempo_(s)	Campo_(V.s)	Magnetizacion_(V.s)	Campo_(kA/m)	Magnetizacion_(A/m)
0.000000e+00	-8.337552e-06	-1.900122e-08	-5.691631e+01	-1.246331e+03
1.000000e-08	-8.334687e-06	-1.899450e-08	-5.689676e+01	-1.246021e+03
2.000000e-08	-8.329033e-06	-1.898696e-08	-5.685816e+01	-1.245968e+03
3.000000e-08	-8.320782e-06	-1.898106e-08	-5.680183e+01	-1.245969e+03
4.000000e-08	-8.309661e-06	-1.897009e-08	-5.672592e+01	-1.245743e+03
5.000000e-08	-8.295481e-06	-1.895387e-08	-5.662911e+01	-1.245048e+03
6.000000e-08	-8.278352e-06	-1.893461e-08	-5.651218e+01	-1.243792e+03
7.000000e-08	-8.258563e-06	-1.890667e-08	-5.637709e+01	-1.242064e+03
8.000000e-08	-8.236236e-06	-1.890981e-08	-5.622468e+01	-1.240101e+03
9.000000e-08	-8.210908e-06	-1.894933e-08	-5.605178e+01	-1.238183e+03
1.000000e-07	-8.182252e-06	-1.892547e-08	-5.585616e+01	-1.236520e+03
1.100000e-07	-8.150429e-06	-1.887701e-08	-5.563891e+01	-1.235168e+03
1.200000e-07	-8.115612e-06	-1.883333e-08	-5.540124e+01	-1.234016e+03
1.300000e-07	-8.078096e-06	-1.877668e-08	-5.514513e+01	-1.232841e+03
1.400000e-07	-8.038245e-06	-1.870234e-08	-5.487309e+01	-1.231411e+03
1.500000e-07	-7.995958e-06	-1.866685e-08	-5.458442e+01	-1.229582e+03
1.600000e-07	-7.950893e-06	-1.870571e-08	-5.427678e+01	-1.227347e+03
1.700000e-07	-7.902996e-06	-1.862940e-08	-5.394982e+01	-1.224825e+03
1.800000e-07	-7.852173e-06	-1.863591e-08	-5.360287e+01	-1.222186e+03
1.900000e-07	-7.798208e-06	-1.862193e-08	-5.323448e+01	-1.219554e+03
2.000000e-07	-7.741367e-06	-1.849946e-08	-5.284646e+01	-1.216943e+03
2.100000e-07	-7.681772e-06	-1.844532e-08	-5.243963e+01	-1.214239e+03
2.200000e-07	-7.619436e-06	-1.835997e-08	-5.201409e+01	-1.211253e+03
2.300000e-07	-7.554426e-06	-1.834956e-08	-5.157030e+01	-1.207812e+03
2.400000e-07	-7.486550e-06	-1.830982e-08	-5.110694e+01	-1.203850e+03
2.500000e-07	-7.415848e-06	-1.824945e-08	-5.062430e+01	-1.199448e+03
2.600000e-07	-7.342353e-06	-1.821030e-08	-5.012259e+01	-1.194809e+03
2.700000e-07	-7.266007e-06	-1.814486e-08	-4.960141e+01	-1.190175e+03
2.800000e-07	-7.186834e-06	-1.806998e-08	-4.906094e+01	-1.185720e+03
2.900000e-07	-7.104880e-06	-1.795271e-08	-4.850148e+01	-1.181467e+03
3.000000e-07	-7.020469e-06	-1.789599e-08	-4.792525e+01	-1.177274e+03
3.100000e-07	-6.933805e-06	-1.784131e-08	-4.733363e+01	-1.172885e+03
3.200000e-07	-6.844809e-06	-1.777172e-08	-4.672610e+01	-1.168045e+03
3.300000e-07	-6.753326e-06	-1.770222e-08	-4.610160e+01	-1.162609e+03
3.400000e-07	-6.659367e-06	-1.760008e-08	-4.546018e+01	-1.156606e+03
3.500000e-07	-6.563070e-06	-1.751741e-08	-4.480281e+01	-1.150234e+03
3.600000e-07	-6.464297e-06	-1.742913e-08	-4.412853e+01	-1.143771e+03
3.700000e-07	-6.363086e-06	-1.733547e-08	-4.343762e+01	-1.137449e+03
3.800000e-07	-6.259615e-06	-1.722843e-08	-4.273128e+01	-1.131354e+03
3.900000e-07	-6.153933e-06	-1.713691e-08	-4.200984e+01	-1.125373e+03
4.000000e-07	-6.046030e-06	-1.704596e-08	-4.127323e+01	-1.119245e+03
4.100000e-07	-5.935966e-06	-1.693260e-08	-4.052188e+01	-1.112668e+03
4.200000e-07	-5.823734e-06	-1.681450e-08	-3.975573e+01	-1.105435e+03
4.300000e-07	-5.709273e-06	-1.669873e-08	-3.897436e+01	-1.097523e+03
4.400000e-07	-5.592562e-06	-1.659931e-08	-3.817764e+01	-1.089109e+03
4.500000e-07	-5.473687e-06	-1.649036e-08	-3.736613e+01	-1.080491e+03
4.600000e-07	-5.352889e-06	-1.636568e-08	-3.654151e+01	-1.071956e+03
4.700000e-07	-5.230210e-06	-1.622369e-08	-3.570404e+01	-1.063644e+03
4.800000e-07	-5.105588e-06	-1.608370e-08	-3.485331e+01	-1.055476e+03
4.900000e-07	-4.979086e-06	-1.594774e-08	-3.398974e+01	-1.047181e+03
5.000000e-07	-4.850819e-06	-1.580500e-08	-3.311412e+01	-1.038403e+03
5.100000e-07	-4.720848e-06	-1.565707e-08	-3.222688e+01	-1.028860e+03
5.200000e-07	-4.589146e-06	-1.551206e-08	-3.132781e+01	-1.018468e+03
5.300000e-07	-4.455797e-06	-1.536966e-08	-3.041750e+01	-1.007379e+03
5.400000e-07	-4.320824e-06	-1.521015e-08	-2.949611e+01	-9.959200e+02
5.500000e-07	-4.184260e-06	-1.502727e-08	-2.856386e+01	-9.844441e+02
5.600000e-07	-4.046215e-06	-1.484019e-08	-2.762149e+01	-9.731648e+02
5.700000e-07	-3.906572e-06	-1.466246e-08	-2.666822e+01	-9.620474e+02
5.800000e-07	-3.765290e-06	-1.448349e-08	-2.570376e+01	-9.508072e+02
5.900000e-07	-3.622536e-06	-1.429025e-08	-2.472925e+01	-9.390220e+02
6.000000e-07	-3.478445e-06	-1.408929e-08	-2.374561e+01	-9.263123e+02
6.100000e-07	-3.333067e-06	-1.389272e-08	-2.275318e+01	-9.125098e+02
6.200000e-07	-3.186379e-06	-1.369500e-08	-2.175182e+01	-8.977385e+02
6.300000e-07	-3.038510e-06	-1.347753e-08	-2.074239e+01	-8.823648e+02
6.400000e-07	-2.889660e-06	-1.323761e-08	-1.972627e+01	-8.668323e+02
6.500000e-07	-2.739870e-06	-1.299420e-08	-1.870373e+01	-8.514508e+02
6.600000e-07	-2.589198e-06	-1.275172e-08	-1.767516e+01	-8.362313e+02
6.700000e-07	-2.437656e-06	-1.249952e-08	-1.664066e+01	-8.208475e+02
6.800000e-07	-2.285235e-06	-1.223213e-08	-1.560016e+01	-8.047488e+02
6.900000e-07	-2.131997e-06	-1.196050e-08	-1.455408e+01	-7.873834e+02
7.000000e-07	-1.977986e-06	-1.168789e-08	-1.350273e+01	-7.684382e+02
7.100000e-07	-1.823205e-06	-1.140343e-08	-1.244612e+01	-7.479841e+02
7.200000e-07	-1.667735e-06	-1.109685e-08	-1.138479e+01	-7.264532e+02
7.300000e-07	-1.511686e-06	-1.076983e-08	-1.031952e+01	-7.044406e+02
7.400000e-07	-1.355102e-06	-1.043075e-08	-9.250608e+00	-6.824071e+02
7.500000e-07	-1.197981e-06	-1.007748e-08	-8.178020e+00	-6.604090e+02
7.600000e-07	-1.040336e-06	-9.704989e-09	-7.101856e+00	-6.379813e+02
7.700000e-07	-8.822387e-07	-9.313667e-09	-6.022604e+00	-6.142476e+02
7.800000e-07	-7.238184e-07	-8.907756e-09	-4.941148e+00	-5.882294e+02
7.900000e-07	-5.651689e-07	-8.482608e-09	-3.858127e+00	-5.592385e+02
8.000000e-07	-4.063314e-07	-8.029408e-09	-2.773822e+00	-5.271782e+02
8.100000e-07	-2.473563e-07	-7.538221e-09	-1.688578e+00	-4.925962e+02
8.200000e-07	-8.836813e-08	-7.007124e-09	-6.032452e-01	-4.564189e+02
8.300000e-07	7.057344e-08	-6.440970e-09	4.817697e-01	-4.194248e+02
8.400000e-07	2.295374e-07	-5.834341e-09	1.566938e+00	-3.816337e+02
8.500000e-07	3.884465e-07	-5.172945e-09	2.651731e+00	-3.418590e+02
8.600000e-07	5.471668e-07	-4.442199e-09	3.735235e+00	-2.976422e+02
8.700000e-07	7.056925e-07	-3.630211e-09	4.817411e+00	-2.456752e+02
8.800000e-07	8.640096e-07	-2.712267e-09	5.898163e+00	-1.826521e+02
8.900000e-07	1.022087e-06	-1.640716e-09	6.977282e+00	-1.063220e+02
9.000000e-07	1.179793e-06	-3.495214e-10	8.053858e+00	-1.642059e+01
9.100000e-07	1.336938e-06	1.199979e-09	9.126609e+00	8.483609e+01
9.200000e-07	1.493539e-06	2.953094e-09	1.019564e+01	1.928950e+02
9.300000e-07	1.649634e-06	4.736597e-09	1.126123e+01	3.016510e+02
9.400000e-07	1.805224e-06	6.348082e-09	1.232336e+01	4.046759e+02
9.500000e-07	1.960215e-06	7.683717e-09	1.338141e+01	4.965500e+02
9.600000e-07	2.114393e-06	8.751989e-09	1.443390e+01	5.739192e+02
9.700000e-07	2.267673e-06	9.613675e-09	1.548027e+01	6.359894e+02
9.800000e-07	2.420133e-06	1.032565e-08	1.652105e+01	6.843467e+02
9.900000e-07	2.571781e-06	1.093081e-08	1.755627e+01	7.222032e+02
1.000000e-06	2.722527e-06	1.145820e-08	1.858533e+01	7.533355e+02
1.010000e-06	2.872236e-06	1.192227e-08	1.960732e+01	7.810547e+02
1.020000e-06	3.020896e-06	1.233820e-08	2.062215e+01	8.075066e+02
1.030000e-06	3.168510e-06	1.271843e-08	2.162984e+01	8.334612e+02
1.040000e-06	3.314977e-06	1.306692e-08	2.262969e+01	8.585776e+02
1.050000e-06	3.460289e-06	1.338386e-08	2.362167e+01	8.819724e+02
1.060000e-06	3.604383e-06	1.367578e-08	2.460533e+01	9.028437e+02
1.070000e-06	3.747098e-06	1.394923e-08	2.557957e+01	9.209176e+02
1.080000e-06	3.888341e-06	1.420709e-08	2.654377e+01	9.365831e+02
1.090000e-06	4.028149e-06	1.445153e-08	2.749817e+01	9.507156e+02
1.100000e-06	4.166457e-06	1.468307e-08	2.844233e+01	9.643065e+02
1.110000e-06	4.303171e-06	1.490264e-08	2.937561e+01	9.780776e+02
1.120000e-06	4.438253e-06	1.511118e-08	3.029774e+01	9.922443e+02
1.130000e-06	4.571724e-06	1.530740e-08	3.120888e+01	1.006508e+03
1.140000e-06	4.703653e-06	1.549092e-08	3.210950e+01	1.020263e+03
1.150000e-06	4.833886e-06	1.566695e-08	3.299853e+01	1.032908e+03
1.160000e-06	4.962349e-06	1.583737e-08	3.387549e+01	1.044126e+03
1.170000e-06	5.089129e-06	1.600243e-08	3.474095e+01	1.054018e+03
1.180000e-06	5.214168e-06	1.616133e-08	3.559453e+01	1.063043e+03
1.190000e-06	5.337338e-06	1.631443e-08	3.643535e+01	1.071805e+03
1.200000e-06	5.458538e-06	1.646193e-08	3.726272e+01	1.080799e+03
1.210000e-06	5.577730e-06	1.660247e-08	3.807638e+01	1.090206e+03
1.220000e-06	5.694840e-06	1.673633e-08	3.887583e+01	1.099846e+03
1.230000e-06	5.809745e-06	1.686516e-08	3.966024e+01	1.109277e+03
1.240000e-06	5.922383e-06	1.698894e-08	4.042916e+01	1.118013e+03
1.250000e-06	6.032889e-06	1.710811e-08	4.118353e+01	1.125737e+03
1.260000e-06	6.141360e-06	1.722176e-08	4.192400e+01	1.132435e+03
1.270000e-06	6.247645e-06	1.732883e-08	4.264956e+01	1.138395e+03
1.280000e-06	6.351648e-06	1.743117e-08	4.335954e+01	1.144073e+03
1.290000e-06	6.453360e-06	1.752892e-08	4.405387e+01	1.149894e+03
1.300000e-06	6.552740e-06	1.762079e-08	4.473229e+01	1.156077e+03
1.310000e-06	6.649732e-06	1.770669e-08	4.539441e+01	1.162558e+03
1.320000e-06	6.744340e-06	1.779073e-08	4.604025e+01	1.169035e+03
1.330000e-06	6.836625e-06	1.787423e-08	4.667023e+01	1.175120e+03
1.340000e-06	6.926508e-06	1.795455e-08	4.728382e+01	1.180512e+03
1.350000e-06	7.013897e-06	1.802945e-08	4.788038e+01	1.185133e+03
1.360000e-06	7.098880e-06	1.809901e-08	4.846052e+01	1.189156e+03
1.370000e-06	7.181422e-06	1.816580e-08	4.902399e+01	1.192921e+03
1.380000e-06	7.261352e-06	1.823099e-08	4.956963e+01	1.196785e+03
1.390000e-06	7.338648e-06	1.829609e-08	5.009730e+01	1.200961e+03
1.400000e-06	7.413186e-06	1.835930e-08	5.060613e+01	1.205438e+03
1.410000e-06	7.484918e-06	1.841951e-08	5.109581e+01	1.209985e+03
1.420000e-06	7.554030e-06	1.847756e-08	5.156760e+01	1.214269e+03
1.430000e-06	7.620465e-06	1.853356e-08	5.202112e+01	1.218000e+03
1.440000e-06	7.684143e-06	1.858576e-08	5.245582e+01	1.221058e+03
1.450000e-06	7.745211e-06	1.863336e-08	5.287270e+01	1.223547e+03
1.460000e-06	7.803584e-06	1.867869e-08	5.327118e+01	1.225741e+03
1.470000e-06	7.859106e-06	1.872163e-08	5.365020e+01	1.227959e+03
1.480000e-06	7.911592e-06	1.876224e-08	5.400850e+01	1.230425e+03
1.490000e-06	7.960933e-06	1.880078e-08	5.434533e+01	1.233169e+03
1.500000e-06	8.007340e-06	1.883964e-08	5.466212e+01	1.236020e+03
1.510000e-06	8.050890e-06	1.887708e-08	5.495942e+01	1.238679e+03
1.520000e-06	8.091542e-06	1.890849e-08	5.523692e+01	1.240860e+03
1.530000e-06	8.129384e-06	1.893440e-08	5.549525e+01	1.242410e+03
1.540000e-06	8.164404e-06	1.895696e-08	5.573432e+01	1.243382e+03
1.550000e-06	8.196533e-06	1.897694e-08	5.595365e+01	1.244006e+03
1.560000e-06	8.225874e-06	1.899383e-08	5.615395e+01	1.244589e+03
1.570000e-06	8.252312e-06	1.900915e-08	5.633442e+01	1.245383e+03
1.580000e-06	8.275747e-06	1.902538e-08	5.649440e+01	1.246477e+03
1.590000e-06	8.296317e-06	1.904217e-08	5.663482e+01	1.247758e+03
1.600000e-06	8.313926e-06	1.905721e-08	5.675503e+01	1.248972e+03
1.610000e-06	8.328465e-06	1.906836e-08	5.685428e+01	1.249829e+03
1.620000e-06	8.339819e-06	1.907464e-08	5.693179e+01	1.250140e+03
1.630000e-06	8.348034e-06	1.907585e-08	5.698787e+01	1.249894e+03
1.640000e-06	8.353418e-06	1.907442e-08	5.702463e+01	1.249264e+03
1.650000e-06	8.355890e-06	1.907259e-08	5.704150e+01	1.248530e+03
1.660000e-06	8.355444e-06	1.906806e-08	5.703845e+01	1.247957e+03
1.670000e-06	8.352257e-06	1.905960e-08	5.701670e+01	1.247678e+03
1.680000e-06	8.346285e-06	1.905450e-08	5.697593e+01	1.247642e+03
1.690000e-06	8.337514e-06	1.904806e-08	5.691605e+01	1.247632e+03
1.700000e-06	8.325774e-06	1.903736e-08	5.683591e+01	1.247364e+03
1.710000e-06	8.311112e-06	1.902698e-08	5.673582e+01	1.246611e+03
1.720000e-06	8.293964e-06	1.902180e-08	5.661876e+01	1.245295e+03
1.730000e-06	8.274414e-06	1.900441e-08	5.648530e+01	1.243529e+03
1.740000e-06	8.251981e-06	1.890745e-08	5.633217e+01	1.241556e+03
1.750000e-06	8.225919e-06	1.886400e-08	5.615425e+01	1.239657e+03
1.760000e-06	8.195928e-06	1.885617e-08	5.594952e+01	1.238027e+03
1.770000e-06	8.162699e-06	1.883808e-08	5.572268e+01	1.236704e+03
1.780000e-06	8.126964e-06	1.884841e-08	5.547874e+01	1.235560e+03
1.790000e-06	8.088823e-06	1.889565e-08	5.521837e+01	1.234368e+03
1.800000e-06	8.048593e-06	1.882860e-08	5.494374e+01	1.232899e+03
1.810000e-06	8.006231e-06	1.876783e-08	5.465455e+01	1.231023e+03
1.820000e-06	7.960939e-06	1.880115e-08	5.434537e+01	1.228749e+03
1.830000e-06	7.912776e-06	1.868706e-08	5.401658e+01	1.226206e+03
1.840000e-06	7.861609e-06	1.872591e-08	5.366729e+01	1.223562e+03
1.850000e-06	7.807135e-06	1.868451e-08	5.329542e+01	1.220934e+03
1.860000e-06	7.749889e-06	1.864053e-08	5.290463e+01	1.218319e+03
1.870000e-06	7.689781e-06	1.867456e-08	5.249431e+01	1.215594e+03
1.880000e-06	7.626893e-06	1.851925e-08	5.206500e+01	1.212565e+03
1.890000e-06	7.561294e-06	1.848829e-08	5.161719e+01	1.209068e+03
1.900000e-06	7.492825e-06	1.838914e-08	5.114979e+01	1.205052e+03
1.910000e-06	7.421554e-06	1.831222e-08	5.066325e+01	1.200612e+03
1.920000e-06	7.347363e-06	1.828296e-08	5.015679e+01	1.195962e+03
1.930000e-06	7.270374e-06	1.822263e-08	4.963122e+01	1.191340e+03
1.940000e-06	7.190700e-06	1.821635e-08	4.908733e+01	1.186908e+03
1.950000e-06	7.108555e-06	1.809377e-08	4.852657e+01	1.182670e+03
1.960000e-06	7.023896e-06	1.803711e-08	4.794864e+01	1.178468e+03
1.970000e-06	6.936595e-06	1.790962e-08	4.735268e+01	1.174042e+03
1.980000e-06	6.846857e-06	1.780863e-08	4.674008e+01	1.169141e+03
1.990000e-06	6.754710e-06	1.775931e-08	4.611104e+01	1.163639e+03
2.000000e-06	6.660210e-06	1.768451e-08	4.546594e+01	1.157584e+03
2.010000e-06	6.563307e-06	1.762800e-08	4.480443e+01	1.151188e+03
2.020000e-06	6.464065e-06	1.750993e-08	4.412695e+01	1.144730e+03
2.030000e-06	6.362422e-06	1.742377e-08	4.343309e+01	1.138431e+03
2.040000e-06	6.258436e-06	1.729360e-08	4.272322e+01	1.132355e+03
2.050000e-06	6.152293e-06	1.720277e-08	4.199864e+01	1.126372e+03
2.060000e-06	6.043993e-06	1.708728e-08	4.125933e+01	1.120209e+03
2.070000e-06	5.933564e-06	1.699169e-08	4.050549e+01	1.113569e+03
2.080000e-06	5.820889e-06	1.688779e-08	3.973631e+01	1.106260e+03
2.090000e-06	5.705967e-06	1.677165e-08	3.895180e+01	1.098282e+03
2.100000e-06	5.588741e-06	1.665489e-08	3.815155e+01	1.089829e+03
2.110000e-06	5.469331e-06	1.650851e-08	3.733640e+01	1.081208e+03
2.120000e-06	5.347970e-06	1.638928e-08	3.650792e+01	1.072693e+03
2.130000e-06	5.224757e-06	1.625115e-08	3.566681e+01	1.064403e+03
2.140000e-06	5.099708e-06	1.613155e-08	3.481317e+01	1.056236e+03
2.150000e-06	4.972783e-06	1.598803e-08	3.394671e+01	1.047905e+03
2.160000e-06	4.844019e-06	1.584684e-08	3.306771e+01	1.039056e+03
2.170000e-06	4.713472e-06	1.569302e-08	3.217652e+01	1.029421e+03
2.180000e-06	4.581299e-06	1.553489e-08	3.127424e+01	1.018942e+03
2.190000e-06	4.447555e-06	1.537437e-08	3.036124e+01	1.007795e+03
2.200000e-06	4.312104e-06	1.521542e-08	2.943659e+01	9.963179e+02
2.210000e-06	4.175016e-06	1.505340e-08	2.850075e+01	9.848559e+02
2.220000e-06	4.036463e-06	1.488648e-08	2.755492e+01	9.735997e+02
2.230000e-06	3.896386e-06	1.470509e-08	2.659869e+01	9.624857e+02
2.240000e-06	3.754843e-06	1.451075e-08	2.563244e+01	9.512073e+02
2.250000e-06	3.611948e-06	1.431485e-08	2.465697e+01	9.393380e+02
2.260000e-06	3.467724e-06	1.411346e-08	2.367242e+01	9.265136e+02
2.270000e-06	3.322210e-06	1.391058e-08	2.267907e+01	9.125954e+02
2.280000e-06	3.175568e-06	1.369352e-08	2.167802e+01	8.977382e+02
2.290000e-06	3.027884e-06	1.347869e-08	2.066985e+01	8.823261e+02
2.300000e-06	2.879078e-06	1.325645e-08	1.965403e+01	8.667985e+02
2.310000e-06	2.729221e-06	1.302819e-08	1.863103e+01	8.514392e+02
2.320000e-06	2.578437e-06	1.278257e-08	1.760170e+01	8.362223e+02
2.330000e-06	2.426727e-06	1.252517e-08	1.656606e+01	8.207896e+02
2.340000e-06	2.274040e-06	1.225961e-08	1.552374e+01	8.045785e+02
2.350000e-06	2.120500e-06	1.198272e-08	1.447560e+01	7.870519e+02
2.360000e-06	1.966201e-06	1.169413e-08	1.342227e+01	7.679336e+02
2.370000e-06	1.811190e-06	1.139700e-08	1.236409e+01	7.473377e+02
2.380000e-06	1.655630e-06	1.109554e-08	1.130216e+01	7.257257e+02
2.390000e-06	1.499555e-06	1.078568e-08	1.023671e+01	7.036932e+02
2.400000e-06	1.342915e-06	1.045595e-08	9.167412e+00	6.816691e+02
2.410000e-06	1.185706e-06	1.009877e-08	8.094226e+00	6.596554e+02
2.420000e-06	1.028053e-06	9.720961e-09	7.018006e+00	6.371339e+02
2.430000e-06	8.700534e-07	9.323623e-09	5.939421e+00	6.131995e+02
2.440000e-06	7.117018e-07	8.909281e-09	4.858434e+00	5.868864e+02
2.450000e-06	5.530904e-07	8.474447e-09	3.775673e+00	5.575585e+02
2.460000e-06	3.943402e-07	8.018342e-09	2.691964e+00	5.251911e+02
2.470000e-06	2.354844e-07	7.534996e-09	1.607535e+00	4.903905e+02
2.480000e-06	7.655813e-08	7.012717e-09	5.226242e-01	4.540962e+02
2.490000e-06	-8.237451e-08	6.444330e-09	-5.623297e-01	4.170335e+02
2.500000e-06	-2.412678e-07	5.824214e-09	-1.647015e+00	3.791094e+02
2.510000e-06	-4.000971e-07	5.151622e-09	-2.731264e+00	3.389959e+02
2.520000e-06	-5.587665e-07	4.416278e-09	-3.814420e+00	2.941144e+02
2.530000e-06	-7.171989e-07	3.599579e-09	-4.895959e+00	2.411106e+02
2.540000e-06	-8.754324e-07	2.675277e-09	-5.976141e+00	1.767403e+02
2.550000e-06	-1.033343e-06	1.596034e-09	-7.054120e+00	9.892625e+01
2.560000e-06	-1.190775e-06	2.989629e-10	-8.128827e+00	7.656612e+00
2.570000e-06	-1.347710e-06	-1.258972e-09	-9.200144e+00	-9.458343e+01
2.580000e-06	-1.504104e-06	-3.025347e-09	-1.026777e+01	-2.030268e+02
2.590000e-06	-1.659929e-06	-4.822424e-09	-1.133151e+01	-3.114700e+02
2.600000e-06	-1.815193e-06	-6.440679e-09	-1.239142e+01	-4.135309e+02
2.610000e-06	-1.969830e-06	-7.772227e-09	-1.344705e+01	-5.039687e+02
2.620000e-06	-2.123738e-06	-8.835076e-09	-1.449770e+01	-5.796916e+02
2.630000e-06	-2.276850e-06	-9.693820e-09	-1.554292e+01	-6.401808e+02
2.640000e-06	-2.429108e-06	-1.040841e-08	-1.658231e+01	-6.872408e+02
2.650000e-06	-2.580494e-06	-1.101910e-08	-1.761575e+01	-7.241974e+02
2.660000e-06	-2.730987e-06	-1.155153e-08	-1.864309e+01	-7.548227e+02
2.670000e-06	-2.880437e-06	-1.202450e-08	-1.966331e+01	-7.823287e+02
2.680000e-06	-3.028787e-06	-1.244859e-08	-2.067602e+01	-8.087144e+02
2.690000e-06	-3.176107e-06	-1.282997e-08	-2.168170e+01	-8.346113e+02
2.700000e-06	-3.322327e-06	-1.317400e-08	-2.267987e+01	-8.595898e+02
2.710000e-06	-3.467308e-06	-1.348910e-08	-2.366958e+01	-8.827468e+02
2.720000e-06	-3.611038e-06	-1.378230e-08	-2.465076e+01	-9.033205e+02
2.730000e-06	-3.753486e-06	-1.405547e-08	-2.562318e+01	-9.211074e+02
2.740000e-06	-3.894492e-06	-1.431111e-08	-2.658576e+01	-9.365621e+02
2.750000e-06	-4.034010e-06	-1.455478e-08	-2.753817e+01	-9.505918e+02
2.760000e-06	-4.172023e-06	-1.478994e-08	-2.848032e+01	-9.641758e+02
2.770000e-06	-4.308440e-06	-1.501509e-08	-2.941158e+01	-9.779897e+02
2.780000e-06	-4.443314e-06	-1.522502e-08	-3.033229e+01	-9.921896e+02
2.790000e-06	-4.576608e-06	-1.541761e-08	-3.124222e+01	-1.006431e+03
2.800000e-06	-4.708260e-06	-1.559945e-08	-3.214094e+01	-1.020094e+03
2.810000e-06	-4.838270e-06	-1.577411e-08	-3.302846e+01	-1.032595e+03
2.820000e-06	-4.966556e-06	-1.594152e-08	-3.390420e+01	-1.043660e+03
2.830000e-06	-5.093108e-06	-1.610365e-08	-3.476811e+01	-1.053433e+03
2.840000e-06	-5.217825e-06	-1.626151e-08	-3.561949e+01	-1.062401e+03
2.850000e-06	-5.340659e-06	-1.641573e-08	-3.645802e+01	-1.071169e+03
2.860000e-06	-5.461639e-06	-1.656106e-08	-3.728389e+01	-1.080206e+03
2.870000e-06	-5.580611e-06	-1.669378e-08	-3.809605e+01	-1.089654e+03
2.880000e-06	-5.697433e-06	-1.681904e-08	-3.889353e+01	-1.099295e+03
2.890000e-06	-5.811930e-06	-1.694155e-08	-3.967515e+01	-1.108675e+03
2.900000e-06	-5.924061e-06	-1.706115e-08	-4.044062e+01	-1.117314e+03
2.910000e-06	-6.033979e-06	-1.717435e-08	-4.119097e+01	-1.124923e+03
2.920000e-06	-6.141792e-06	-1.728073e-08	-4.192695e+01	-1.131525e+03
2.930000e-06	-6.247496e-06	-1.738305e-08	-4.264854e+01	-1.137432e+03
2.940000e-06	-6.350975e-06	-1.748277e-08	-4.335495e+01	-1.143109e+03
2.950000e-06	-6.452137e-06	-1.757907e-08	-4.404552e+01	-1.148963e+03
2.960000e-06	-6.550925e-06	-1.767084e-08	-4.471990e+01	-1.155187e+03
2.970000e-06	-6.647424e-06	-1.775904e-08	-4.537865e+01	-1.161686e+03
2.980000e-06	-6.741678e-06	-1.784426e-08	-4.602208e+01	-1.168141e+03
2.990000e-06	-6.833557e-06	-1.792674e-08	-4.664929e+01	-1.174163e+03
3.000000e-06	-6.923037e-06	-1.800621e-08	-4.726013e+01	-1.179472e+03
3.010000e-06	-7.010170e-06	-1.808126e-08	-4.785494e+01	-1.184018e+03
3.020000e-06	-7.094803e-06	-1.815400e-08	-4.843269e+01	-1.187996e+03
3.030000e-06	-7.176886e-06	-1.822516e-08	-4.899302e+01	-1.191757e+03
3.040000e-06	-7.256463e-06	-1.829232e-08	-4.953626e+01	-1.195648e+03
3.050000e-06	-7.333288e-06	-1.835526e-08	-5.006071e+01	-1.199862e+03
3.060000e-06	-7.407257e-06	-1.841514e-08	-5.056566e+01	-1.204361e+03
3.070000e-06	-7.478505e-06	-1.847219e-08	-5.105203e+01	-1.208898e+03
3.080000e-06	-7.547050e-06	-1.852442e-08	-5.151995e+01	-1.213135e+03
3.090000e-06	-7.612894e-06	-1.857080e-08	-5.196943e+01	-1.216796e+03
3.100000e-06	-7.676099e-06	-1.861521e-08	-5.240090e+01	-1.219785e+03
3.110000e-06	-7.736541e-06	-1.866104e-08	-5.281351e+01	-1.222229e+03
3.120000e-06	-7.794181e-06	-1.870678e-08	-5.320699e+01	-1.224411e+03
3.130000e-06	-7.848963e-06	-1.874710e-08	-5.358096e+01	-1.226649e+03
3.140000e-06	-7.900698e-06	-1.878155e-08	-5.393413e+01	-1.229148e+03
3.150000e-06	-7.949344e-06	-1.881474e-08	-5.426621e+01	-1.231915e+03
3.160000e-06	-7.994944e-06	-1.884694e-08	-5.457750e+01	-1.234761e+03
3.170000e-06	-8.037844e-06	-1.887467e-08	-5.487036e+01	-1.237382e+03
3.180000e-06	-8.078226e-06	-1.889612e-08	-5.514603e+01	-1.239500e+03
3.190000e-06	-8.115737e-06	-1.891576e-08	-5.540209e+01	-1.240983e+03
3.200000e-06	-8.150334e-06	-1.893672e-08	-5.563827e+01	-1.241905e+03
3.210000e-06	-8.182188e-06	-1.895761e-08	-5.585572e+01	-1.242511e+03
3.220000e-06	-8.211107e-06	-1.897427e-08	-5.605314e+01	-1.243107e+03
3.230000e-06	-8.237059e-06	-1.898610e-08	-5.623029e+01	-1.243934e+03
3.240000e-06	-8.260149e-06	-1.899559e-08	-5.638792e+01	-1.245057e+03
3.250000e-06	-8.280312e-06	-1.900406e-08	-5.652556e+01	-1.246346e+03
3.260000e-06	-8.297605e-06	-1.901008e-08	-5.664361e+01	-1.247535e+03
3.270000e-06	-8.311850e-06	-1.901216e-08	-5.674086e+01	-1.248341e+03
3.280000e-06	-8.322838e-06	-1.901180e-08	-5.681587e+01	-1.248590e+03
3.290000e-06	-8.330807e-06	-1.901166e-08	-5.687027e+01	-1.248292e+03
3.300000e-06	-8.335798e-06	-1.901237e-08	-5.690434e+01	-1.247638e+03
3.310000e-06	-8.337879e-06	-1.900875e-08	-5.691854e+01	-1.246910e+03
