# Temperatura_=_68.76
# Concentracion g/m^3_=_13400.0
# C_Vs_to_Am_M_A/Vsm_=_65563218390.804596
# pendiente_HvsI_1/m_=_3716.3
# ordenada_HvsI_A/m_=_1297.0
# frecuencia_Hz_=_301439.5259769788

Tiempo_(s)	Campo_(V.s)	Magnetizacion_(V.s)	Campo_(kA/m)	Magnetizacion_(A/m)
0.000000e+00	-8.302471e-06	-1.890646e-08	-5.690961e+01	-1.239823e+03
1.000000e-08	-8.299434e-06	-1.890107e-08	-5.688879e+01	-1.239518e+03
2.000000e-08	-8.293696e-06	-1.889126e-08	-5.684946e+01	-1.239448e+03
3.000000e-08	-8.285339e-06	-1.888322e-08	-5.679218e+01	-1.239414e+03
4.000000e-08	-8.274099e-06	-1.887280e-08	-5.671513e+01	-1.239148e+03
5.000000e-08	-8.259872e-06	-1.885860e-08	-5.661761e+01	-1.238425e+03
6.000000e-08	-8.242688e-06	-1.883728e-08	-5.649982e+01	-1.237165e+03
7.000000e-08	-8.222887e-06	-1.880316e-08	-5.636410e+01	-1.235462e+03
8.000000e-08	-8.200613e-06	-1.881665e-08	-5.621142e+01	-1.233550e+03
9.000000e-08	-8.175274e-06	-1.886529e-08	-5.603773e+01	-1.231700e+03
1.000000e-07	-8.146506e-06	-1.882999e-08	-5.584054e+01	-1.230109e+03
1.100000e-07	-8.114620e-06	-1.877575e-08	-5.562198e+01	-1.228822e+03
1.200000e-07	-8.079825e-06	-1.873920e-08	-5.538347e+01	-1.227723e+03
1.300000e-07	-8.042263e-06	-1.868402e-08	-5.512601e+01	-1.226592e+03
1.400000e-07	-8.002402e-06	-1.859196e-08	-5.485277e+01	-1.225202e+03
1.500000e-07	-7.960176e-06	-1.858648e-08	-5.456333e+01	-1.223414e+03
1.600000e-07	-7.915173e-06	-1.863188e-08	-5.425486e+01	-1.221229e+03
1.700000e-07	-7.867412e-06	-1.852832e-08	-5.392748e+01	-1.218763e+03
1.800000e-07	-7.816732e-06	-1.857103e-08	-5.358009e+01	-1.216183e+03
1.900000e-07	-7.762916e-06	-1.853607e-08	-5.321121e+01	-1.213607e+03
2.000000e-07	-7.706238e-06	-1.839994e-08	-5.282271e+01	-1.211046e+03
2.100000e-07	-7.646773e-06	-1.835006e-08	-5.241510e+01	-1.208387e+03
2.200000e-07	-7.584572e-06	-1.826187e-08	-5.198874e+01	-1.205448e+03
2.300000e-07	-7.519670e-06	-1.827592e-08	-5.154387e+01	-1.202067e+03
2.400000e-07	-7.451917e-06	-1.822907e-08	-5.107945e+01	-1.198187e+03
2.500000e-07	-7.381412e-06	-1.818524e-08	-5.059617e+01	-1.193896e+03
2.600000e-07	-7.308133e-06	-1.814221e-08	-5.009388e+01	-1.189395e+03
2.700000e-07	-7.232043e-06	-1.806258e-08	-4.957232e+01	-1.184921e+03
2.800000e-07	-7.153118e-06	-1.798329e-08	-4.903132e+01	-1.180631e+03
2.900000e-07	-7.071351e-06	-1.786592e-08	-4.847085e+01	-1.176536e+03
3.000000e-07	-6.987112e-06	-1.782591e-08	-4.789343e+01	-1.172479e+03
3.100000e-07	-6.900655e-06	-1.777214e-08	-4.730081e+01	-1.168200e+03
3.200000e-07	-6.811863e-06	-1.772021e-08	-4.669218e+01	-1.163442e+03
3.300000e-07	-6.720521e-06	-1.764819e-08	-4.606607e+01	-1.158067e+03
3.400000e-07	-6.626777e-06	-1.753226e-08	-4.542350e+01	-1.152118e+03
3.500000e-07	-6.530751e-06	-1.744504e-08	-4.476529e+01	-1.145805e+03
3.600000e-07	-6.432298e-06	-1.734873e-08	-4.409043e+01	-1.139415e+03
3.700000e-07	-6.331464e-06	-1.725853e-08	-4.339927e+01	-1.133187e+03
3.800000e-07	-6.228404e-06	-1.715600e-08	-4.269284e+01	-1.127204e+03
3.900000e-07	-6.123084e-06	-1.707785e-08	-4.197091e+01	-1.121349e+03
4.000000e-07	-6.015510e-06	-1.699351e-08	-4.123355e+01	-1.115350e+03
4.100000e-07	-5.905844e-06	-1.688328e-08	-4.048184e+01	-1.108892e+03
4.200000e-07	-5.794037e-06	-1.676262e-08	-3.971545e+01	-1.101757e+03
4.300000e-07	-5.679963e-06	-1.664119e-08	-3.893353e+01	-1.093913e+03
4.400000e-07	-5.563604e-06	-1.653487e-08	-3.813594e+01	-1.085538e+03
4.500000e-07	-5.445139e-06	-1.642372e-08	-3.732391e+01	-1.076935e+03
4.600000e-07	-5.324716e-06	-1.630523e-08	-3.649847e+01	-1.068401e+03
4.700000e-07	-5.202371e-06	-1.616873e-08	-3.565985e+01	-1.060089e+03
4.800000e-07	-5.078125e-06	-1.603231e-08	-3.480820e+01	-1.051937e+03
4.900000e-07	-4.952092e-06	-1.589570e-08	-3.394430e+01	-1.043680e+03
5.000000e-07	-4.824295e-06	-1.575042e-08	-3.306832e+01	-1.034968e+03
5.100000e-07	-4.694722e-06	-1.559818e-08	-3.218015e+01	-1.025513e+03
5.200000e-07	-4.563437e-06	-1.545326e-08	-3.128025e+01	-1.015216e+03
5.300000e-07	-4.430490e-06	-1.531326e-08	-3.036897e+01	-1.004215e+03
5.400000e-07	-4.296039e-06	-1.515867e-08	-2.944737e+01	-9.928226e+02
5.500000e-07	-4.160039e-06	-1.498089e-08	-2.851515e+01	-9.813834e+02
5.600000e-07	-4.022411e-06	-1.479606e-08	-2.757177e+01	-9.701115e+02
5.700000e-07	-3.883255e-06	-1.461466e-08	-2.661792e+01	-9.589810e+02
5.800000e-07	-3.742581e-06	-1.443116e-08	-2.565367e+01	-9.477218e+02
5.900000e-07	-3.600371e-06	-1.423802e-08	-2.467888e+01	-9.359267e+02
6.000000e-07	-3.456741e-06	-1.404122e-08	-2.369437e+01	-9.232263e+02
6.100000e-07	-3.311808e-06	-1.384661e-08	-2.270091e+01	-9.094555e+02
6.200000e-07	-3.165642e-06	-1.364484e-08	-2.169902e+01	-8.947334e+02
6.300000e-07	-3.018385e-06	-1.342478e-08	-2.068964e+01	-8.794166e+02
6.400000e-07	-2.870133e-06	-1.318605e-08	-1.967344e+01	-8.639390e+02
6.500000e-07	-2.720906e-06	-1.294557e-08	-1.865056e+01	-8.486042e+02
6.600000e-07	-2.570750e-06	-1.270188e-08	-1.762130e+01	-8.334239e+02
6.700000e-07	-2.419764e-06	-1.245020e-08	-1.658636e+01	-8.180782e+02
6.800000e-07	-2.267966e-06	-1.218754e-08	-1.554586e+01	-8.020251e+02
6.900000e-07	-2.115306e-06	-1.192044e-08	-1.449944e+01	-7.847200e+02
7.000000e-07	-1.961817e-06	-1.164703e-08	-1.344735e+01	-7.658512e+02
7.100000e-07	-1.807635e-06	-1.135859e-08	-1.239050e+01	-7.454849e+02
7.200000e-07	-1.652871e-06	-1.105240e-08	-1.132967e+01	-7.240440e+02
7.300000e-07	-1.497510e-06	-1.072894e-08	-1.026474e+01	-7.021154e+02
7.400000e-07	-1.341546e-06	-1.039369e-08	-9.195680e+00	-6.801567e+02
7.500000e-07	-1.185017e-06	-1.004183e-08	-8.122744e+00	-6.582284e+02
7.600000e-07	-1.028038e-06	-9.670983e-09	-7.046727e+00	-6.358770e+02
7.700000e-07	-8.706668e-07	-9.283107e-09	-5.968019e+00	-6.122393e+02
7.800000e-07	-7.129352e-07	-8.879949e-09	-4.886842e+00	-5.863460e+02
7.900000e-07	-5.549744e-07	-8.453630e-09	-3.804094e+00	-5.575084e+02
8.000000e-07	-3.968219e-07	-7.996562e-09	-2.720031e+00	-5.256189e+02
8.100000e-07	-2.385273e-07	-7.504631e-09	-1.634995e+00	-4.912086e+02
8.200000e-07	-8.013166e-08	-6.978719e-09	-5.492655e-01	-4.551906e+02
8.300000e-07	7.829912e-08	-6.419914e-09	5.367044e-01	-4.183440e+02
8.400000e-07	2.366890e-07	-5.818467e-09	1.622394e+00	-3.807105e+02
8.500000e-07	3.949884e-07	-5.161771e-09	2.707463e+00	-3.411473e+02
8.600000e-07	5.531938e-07	-4.437470e-09	3.791888e+00	-2.972520e+02
8.700000e-07	7.112139e-07	-3.633429e-09	4.875043e+00	-2.457697e+02
8.800000e-07	8.689370e-07	-2.722649e-09	5.956162e+00	-1.834248e+02
8.900000e-07	1.026381e-06	-1.659134e-09	7.035370e+00	-1.079575e+02
9.000000e-07	1.183371e-06	-3.818218e-10	8.111459e+00	-1.904991e+01
9.100000e-07	1.339765e-06	1.146086e-09	9.183473e+00	8.117498e+01
9.200000e-07	1.495643e-06	2.877813e-09	1.025194e+01	1.882771e+02
9.300000e-07	1.651015e-06	4.649394e-09	1.131694e+01	2.962584e+02
9.400000e-07	1.805835e-06	6.256129e-09	1.237817e+01	3.987658e+02
9.500000e-07	1.960033e-06	7.589721e-09	1.343512e+01	4.904050e+02
9.600000e-07	2.113510e-06	8.657444e-09	1.448714e+01	5.677929e+02
9.700000e-07	2.266186e-06	9.522341e-09	1.553366e+01	6.300626e+02
9.800000e-07	2.417957e-06	1.024015e-08	1.657398e+01	6.787052e+02
9.900000e-07	2.568842e-06	1.085040e-08	1.760823e+01	7.168420e+02
1.000000e-06	2.718890e-06	1.138137e-08	1.863674e+01	7.481845e+02
1.010000e-06	2.867972e-06	1.184722e-08	1.965862e+01	7.760168e+02
1.020000e-06	3.016030e-06	1.226298e-08	2.067350e+01	8.024947e+02
1.030000e-06	3.163024e-06	1.263904e-08	2.168107e+01	8.284228e+02
1.040000e-06	3.308886e-06	1.298453e-08	2.268089e+01	8.535017e+02
1.050000e-06	3.453576e-06	1.330419e-08	2.367267e+01	8.768792e+02
1.060000e-06	3.597001e-06	1.360182e-08	2.465578e+01	8.977641e+02
1.070000e-06	3.739026e-06	1.387746e-08	2.562930e+01	9.158731e+02
1.080000e-06	3.879533e-06	1.413385e-08	2.659241e+01	9.315730e+02
1.090000e-06	4.018576e-06	1.437751e-08	2.754548e+01	9.457163e+02
1.100000e-06	4.156151e-06	1.460699e-08	2.848850e+01	9.592824e+02
1.110000e-06	4.292160e-06	1.482094e-08	2.942078e+01	9.729971e+02
1.120000e-06	4.426646e-06	1.502403e-08	3.034262e+01	9.870933e+02
1.130000e-06	4.559558e-06	1.522074e-08	3.125366e+01	1.001296e+03
1.140000e-06	4.690816e-06	1.541073e-08	3.215338e+01	1.015019e+03
1.150000e-06	4.820410e-06	1.559297e-08	3.304169e+01	1.027666e+03
1.160000e-06	4.948298e-06	1.576411e-08	3.391830e+01	1.038913e+03
1.170000e-06	5.074490e-06	1.592690e-08	3.478329e+01	1.048841e+03
1.180000e-06	5.198854e-06	1.608308e-08	3.563575e+01	1.057887e+03
1.190000e-06	5.321333e-06	1.623404e-08	3.647529e+01	1.066644e+03
1.200000e-06	5.441938e-06	1.637667e-08	3.730198e+01	1.075603e+03
1.210000e-06	5.560530e-06	1.651255e-08	3.811487e+01	1.084959e+03
1.220000e-06	5.676947e-06	1.664916e-08	3.891285e+01	1.094551e+03
1.230000e-06	5.791136e-06	1.678508e-08	3.969557e+01	1.103959e+03
1.240000e-06	5.903204e-06	1.691409e-08	4.046374e+01	1.112705e+03
1.250000e-06	6.013236e-06	1.703174e-08	4.121796e+01	1.120467e+03
1.260000e-06	6.121149e-06	1.714084e-08	4.195765e+01	1.127216e+03
1.270000e-06	6.226804e-06	1.724576e-08	4.268187e+01	1.133220e+03
1.280000e-06	6.330238e-06	1.734729e-08	4.339086e+01	1.138916e+03
1.290000e-06	6.431484e-06	1.744382e-08	4.408486e+01	1.144724e+03
1.300000e-06	6.530391e-06	1.753407e-08	4.476281e+01	1.150873e+03
1.310000e-06	6.626861e-06	1.762068e-08	4.542408e+01	1.157318e+03
1.320000e-06	6.721004e-06	1.770925e-08	4.606938e+01	1.163780e+03
1.330000e-06	6.812864e-06	1.779713e-08	4.669904e+01	1.169884e+03
1.340000e-06	6.902243e-06	1.787709e-08	4.731169e+01	1.175332e+03
1.350000e-06	6.989140e-06	1.794844e-08	4.790733e+01	1.180030e+03
1.360000e-06	7.073670e-06	1.801591e-08	4.848675e+01	1.184127e+03
1.370000e-06	7.155707e-06	1.808381e-08	4.904907e+01	1.187936e+03
1.380000e-06	7.235128e-06	1.815007e-08	4.959347e+01	1.191791e+03
1.390000e-06	7.311866e-06	1.821391e-08	5.011947e+01	1.195907e+03
1.400000e-06	7.385888e-06	1.827755e-08	5.062686e+01	1.200281e+03
1.410000e-06	7.457269e-06	1.834024e-08	5.111614e+01	1.204710e+03
1.420000e-06	7.525994e-06	1.839816e-08	5.158721e+01	1.208886e+03
1.430000e-06	7.591983e-06	1.844906e-08	5.203954e+01	1.212538e+03
1.440000e-06	7.655325e-06	1.849544e-08	5.247372e+01	1.215554e+03
1.450000e-06	7.716046e-06	1.854146e-08	5.288993e+01	1.218025e+03
1.460000e-06	7.774007e-06	1.858807e-08	5.328723e+01	1.220206e+03
1.470000e-06	7.829141e-06	1.863310e-08	5.366515e+01	1.222395e+03
1.480000e-06	7.881240e-06	1.867578e-08	5.402226e+01	1.224802e+03
1.490000e-06	7.930175e-06	1.871753e-08	5.435769e+01	1.227455e+03
1.500000e-06	7.976191e-06	1.875828e-08	5.467311e+01	1.230195e+03
1.510000e-06	8.019428e-06	1.879214e-08	5.496948e+01	1.232744e+03
1.520000e-06	8.059822e-06	1.881551e-08	5.524636e+01	1.234833e+03
1.530000e-06	8.097445e-06	1.883471e-08	5.550425e+01	1.236322e+03
1.540000e-06	8.132254e-06	1.885664e-08	5.574285e+01	1.237260e+03
1.550000e-06	8.164123e-06	1.887977e-08	5.596130e+01	1.237867e+03
1.560000e-06	8.193200e-06	1.889917e-08	5.616061e+01	1.238431e+03
1.570000e-06	8.219353e-06	1.891625e-08	5.633988e+01	1.239189e+03
1.580000e-06	8.242502e-06	1.893389e-08	5.649855e+01	1.240221e+03
1.590000e-06	8.262899e-06	1.895116e-08	5.663836e+01	1.241421e+03
1.600000e-06	8.280430e-06	1.896243e-08	5.675853e+01	1.242545e+03
1.610000e-06	8.294858e-06	1.896690e-08	5.685742e+01	1.243326e+03
1.620000e-06	8.306085e-06	1.896790e-08	5.693438e+01	1.243586e+03
1.630000e-06	8.314211e-06	1.896654e-08	5.699008e+01	1.243323e+03
1.640000e-06	8.319436e-06	1.896675e-08	5.702589e+01	1.242703e+03
1.650000e-06	8.321713e-06	1.896860e-08	5.704150e+01	1.241992e+03
1.660000e-06	8.321118e-06	1.896561e-08	5.703743e+01	1.241439e+03
1.670000e-06	8.317806e-06	1.895991e-08	5.701472e+01	1.241164e+03
1.680000e-06	8.311659e-06	1.895602e-08	5.697259e+01	1.241108e+03
1.690000e-06	8.302734e-06	1.894626e-08	5.691141e+01	1.241062e+03
1.700000e-06	8.290947e-06	1.893008e-08	5.683061e+01	1.240756e+03
1.710000e-06	8.276260e-06	1.891802e-08	5.672994e+01	1.239975e+03
1.720000e-06	8.259025e-06	1.891904e-08	5.661181e+01	1.238659e+03
1.730000e-06	8.239318e-06	1.890068e-08	5.647672e+01	1.236920e+03
1.740000e-06	8.216741e-06	1.879344e-08	5.632197e+01	1.235002e+03
1.750000e-06	8.190577e-06	1.876407e-08	5.614263e+01	1.233171e+03
1.760000e-06	8.160511e-06	1.876502e-08	5.593654e+01	1.231613e+03
1.770000e-06	8.127221e-06	1.873911e-08	5.570835e+01	1.230354e+03
1.780000e-06	8.091440e-06	1.875517e-08	5.546309e+01	1.229262e+03
1.790000e-06	8.053330e-06	1.881772e-08	5.520186e+01	1.228112e+03
1.800000e-06	8.013199e-06	1.870590e-08	5.492678e+01	1.226683e+03
1.810000e-06	7.970851e-06	1.866451e-08	5.463651e+01	1.224850e+03
1.820000e-06	7.925557e-06	1.870879e-08	5.432603e+01	1.222626e+03
1.830000e-06	7.877427e-06	1.857372e-08	5.399613e+01	1.220140e+03
1.840000e-06	7.826202e-06	1.865497e-08	5.364500e+01	1.217555e+03
1.850000e-06	7.771756e-06	1.858289e-08	5.327180e+01	1.214982e+03
1.860000e-06	7.714676e-06	1.856174e-08	5.288054e+01	1.212417e+03
1.870000e-06	7.654755e-06	1.858697e-08	5.246981e+01	1.209736e+03
1.880000e-06	7.592078e-06	1.840893e-08	5.204019e+01	1.206756e+03
1.890000e-06	7.526695e-06	1.840208e-08	5.159202e+01	1.203321e+03
1.900000e-06	7.458403e-06	1.827537e-08	5.112391e+01	1.199389e+03
1.910000e-06	7.387234e-06	1.823013e-08	5.063608e+01	1.195064e+03
1.920000e-06	7.313196e-06	1.820771e-08	5.012858e+01	1.190555e+03
1.930000e-06	7.236400e-06	1.814794e-08	4.960219e+01	1.186093e+03
1.940000e-06	7.156889e-06	1.815052e-08	4.905717e+01	1.181827e+03
1.950000e-06	7.074935e-06	1.800461e-08	4.849542e+01	1.177745e+03
1.960000e-06	6.990417e-06	1.796011e-08	4.791608e+01	1.173677e+03
1.970000e-06	6.903201e-06	1.781410e-08	4.731826e+01	1.169356e+03
1.980000e-06	6.813664e-06	1.773497e-08	4.670452e+01	1.164535e+03
1.990000e-06	6.721808e-06	1.769513e-08	4.607489e+01	1.159093e+03
2.000000e-06	6.627540e-06	1.761979e-08	4.542873e+01	1.153092e+03
2.010000e-06	6.530877e-06	1.757295e-08	4.476615e+01	1.146756e+03
2.020000e-06	6.431976e-06	1.744491e-08	4.408823e+01	1.140373e+03
2.030000e-06	6.330658e-06	1.736924e-08	4.339374e+01	1.134170e+03
2.040000e-06	6.226939e-06	1.722758e-08	4.268279e+01	1.128209e+03
2.050000e-06	6.121074e-06	1.713808e-08	4.195714e+01	1.122353e+03
2.060000e-06	6.013064e-06	1.702136e-08	4.121678e+01	1.116318e+03
2.070000e-06	5.902913e-06	1.693381e-08	4.046175e+01	1.109795e+03
2.080000e-06	5.790535e-06	1.683682e-08	3.969145e+01	1.102580e+03
2.090000e-06	5.675967e-06	1.672335e-08	3.890613e+01	1.094668e+03
2.100000e-06	5.559145e-06	1.660860e-08	3.810538e+01	1.086252e+03
2.110000e-06	5.440138e-06	1.646074e-08	3.728964e+01	1.077643e+03
2.120000e-06	5.319150e-06	1.634012e-08	3.646032e+01	1.069128e+03
2.130000e-06	5.196338e-06	1.619388e-08	3.561850e+01	1.060840e+03
2.140000e-06	5.071715e-06	1.607318e-08	3.476427e+01	1.052690e+03
2.150000e-06	4.945215e-06	1.593276e-08	3.389717e+01	1.044401e+03
2.160000e-06	4.816900e-06	1.580305e-08	3.301762e+01	1.035620e+03
2.170000e-06	4.686880e-06	1.565489e-08	3.212640e+01	1.026074e+03
2.180000e-06	4.555216e-06	1.549894e-08	3.122391e+01	1.015691e+03
2.190000e-06	4.421970e-06	1.533462e-08	3.031057e+01	1.004630e+03
2.200000e-06	4.287118e-06	1.517090e-08	2.938622e+01	9.932167e+02
2.210000e-06	4.150664e-06	1.500274e-08	2.845089e+01	9.817881e+02
2.220000e-06	4.012660e-06	1.483284e-08	2.750493e+01	9.705365e+02
2.230000e-06	3.873087e-06	1.465435e-08	2.654822e+01	9.594081e+02
2.240000e-06	3.732061e-06	1.446847e-08	2.558156e+01	9.481112e+02
2.250000e-06	3.589620e-06	1.427845e-08	2.460519e+01	9.362336e+02
2.260000e-06	3.445841e-06	1.407659e-08	2.361965e+01	9.234209e+02
2.270000e-06	3.300877e-06	1.387010e-08	2.262599e+01	9.095366e+02
2.280000e-06	3.154817e-06	1.365164e-08	2.162481e+01	8.947300e+02
2.290000e-06	3.007633e-06	1.343610e-08	2.061594e+01	8.793751e+02
2.300000e-06	2.859318e-06	1.321196e-08	1.959931e+01	8.639016e+02
2.310000e-06	2.710013e-06	1.298618e-08	1.857589e+01	8.485882e+02
2.320000e-06	2.559770e-06	1.274610e-08	1.754604e+01	8.334100e+02
2.330000e-06	2.408600e-06	1.249419e-08	1.650984e+01	8.180158e+02
2.340000e-06	2.256508e-06	1.222661e-08	1.546732e+01	8.018516e+02
2.350000e-06	2.103579e-06	1.194690e-08	1.441907e+01	7.843872e+02
2.360000e-06	1.950003e-06	1.165862e-08	1.336637e+01	7.653469e+02
2.370000e-06	1.795781e-06	1.136589e-08	1.230925e+01	7.448394e+02
2.380000e-06	1.640854e-06	1.106433e-08	1.124729e+01	7.233172e+02
2.390000e-06	1.485307e-06	1.074993e-08	1.018109e+01	7.013678e+02
2.400000e-06	1.329264e-06	1.041837e-08	9.111494e+00	6.794175e+02
2.410000e-06	1.172730e-06	1.006630e-08	8.038522e+00	6.574738e+02
2.420000e-06	1.015732e-06	9.695144e-09	6.962375e+00	6.350301e+02
2.430000e-06	8.584091e-07	9.301419e-09	5.883998e+00	6.111946e+02
2.440000e-06	7.007631e-07	8.887747e-09	4.803407e+00	5.850096e+02
2.450000e-06	5.428429e-07	8.454168e-09	3.720938e+00	5.558376e+02
2.460000e-06	3.847640e-07	8.001284e-09	2.637380e+00	5.236419e+02
2.470000e-06	2.265663e-07	7.518908e-09	1.553008e+00	4.890123e+02
2.480000e-06	6.830915e-08	6.996251e-09	4.682277e-01	4.528757e+02
2.490000e-06	-8.994673e-08	6.428819e-09	-6.165434e-01	4.159602e+02
2.500000e-06	-2.481469e-07	5.813686e-09	-1.700932e+00	3.781971e+02
2.510000e-06	-4.062694e-07	5.146872e-09	-2.784789e+00	3.383040e+02
2.520000e-06	-5.642693e-07	4.417118e-09	-3.867806e+00	2.937592e+02
2.530000e-06	-7.220360e-07	3.607378e-09	-4.949224e+00	2.412600e+02
2.540000e-06	-8.795213e-07	2.690618e-09	-6.028713e+00	1.775889e+02
2.550000e-06	-1.036731e-06	1.619178e-09	-7.106313e+00	1.006552e+02
2.560000e-06	-1.193503e-06	3.343658e-10	-8.180915e+00	1.038837e+01
2.570000e-06	-1.349774e-06	-1.204650e-09	-9.252080e+00	-9.082235e+01
2.580000e-06	-1.505562e-06	-2.951008e-09	-1.031993e+01	-1.983237e+02
2.590000e-06	-1.660792e-06	-4.735102e-09	-1.138397e+01	-3.060168e+02
2.600000e-06	-1.815453e-06	-6.348077e-09	-1.244409e+01	-4.075903e+02
2.610000e-06	-1.969454e-06	-7.677396e-09	-1.349970e+01	-4.978226e+02
2.620000e-06	-2.122737e-06	-8.739353e-09	-1.455038e+01	-5.735876e+02
2.630000e-06	-2.275258e-06	-9.602393e-09	-1.559585e+01	-6.342902e+02
2.640000e-06	-2.426903e-06	-1.032505e-08	-1.663530e+01	-6.816391e+02
2.650000e-06	-2.577608e-06	-1.094179e-08	-1.766831e+01	-7.188708e+02
2.660000e-06	-2.727348e-06	-1.147578e-08	-1.869471e+01	-7.496965e+02
2.670000e-06	-2.876121e-06	-1.194682e-08	-1.971448e+01	-7.773051e+02
2.680000e-06	-3.023908e-06	-1.236917e-08	-2.072750e+01	-8.037093e+02
2.690000e-06	-3.170644e-06	-1.275012e-08	-2.173330e+01	-8.295766e+02
2.700000e-06	-3.316268e-06	-1.309376e-08	-2.273149e+01	-8.545185e+02
2.710000e-06	-3.460705e-06	-1.340851e-08	-2.372154e+01	-8.776613e+02
2.720000e-06	-3.603815e-06	-1.370347e-08	-2.470249e+01	-8.982517e+02
2.730000e-06	-3.745548e-06	-1.397989e-08	-2.567400e+01	-9.160748e+02
2.740000e-06	-3.885928e-06	-1.423776e-08	-2.663624e+01	-9.315623e+02
2.750000e-06	-4.024855e-06	-1.447977e-08	-2.758853e+01	-9.455992e+02
2.760000e-06	-4.162229e-06	-1.471251e-08	-2.853016e+01	-9.591546e+02
2.770000e-06	-4.298043e-06	-1.493768e-08	-2.946110e+01	-9.729095e+02
2.780000e-06	-4.432289e-06	-1.514762e-08	-3.038130e+01	-9.870388e+02
2.790000e-06	-4.564931e-06	-1.533811e-08	-3.129050e+01	-1.001222e+03
2.800000e-06	-4.695925e-06	-1.551809e-08	-3.218840e+01	-1.014856e+03
2.810000e-06	-4.825284e-06	-1.569403e-08	-3.307509e+01	-1.027363e+03
2.820000e-06	-4.952948e-06	-1.586256e-08	-3.395017e+01	-1.038458e+03
2.830000e-06	-5.078837e-06	-1.602431e-08	-3.481308e+01	-1.048266e+03
2.840000e-06	-5.202963e-06	-1.618263e-08	-3.566391e+01	-1.057253e+03
2.850000e-06	-5.325281e-06	-1.633776e-08	-3.650235e+01	-1.066013e+03
2.860000e-06	-5.445656e-06	-1.648347e-08	-3.732746e+01	-1.075012e+03
2.870000e-06	-5.563943e-06	-1.661571e-08	-3.813826e+01	-1.084408e+03
2.880000e-06	-5.680026e-06	-1.674029e-08	-3.893396e+01	-1.094004e+03
2.890000e-06	-5.793829e-06	-1.686217e-08	-3.971403e+01	-1.103364e+03
2.900000e-06	-5.905349e-06	-1.698176e-08	-4.047844e+01	-1.112016e+03
2.910000e-06	-6.014622e-06	-1.709440e-08	-4.122746e+01	-1.119666e+03
2.920000e-06	-6.121787e-06	-1.720049e-08	-4.196203e+01	-1.126319e+03
2.930000e-06	-6.226914e-06	-1.730559e-08	-4.268262e+01	-1.132268e+03
2.940000e-06	-6.329804e-06	-1.740920e-08	-4.338789e+01	-1.137959e+03
2.950000e-06	-6.430395e-06	-1.750602e-08	-4.407739e+01	-1.143798e+03
2.960000e-06	-6.528757e-06	-1.759490e-08	-4.475161e+01	-1.149987e+03
2.970000e-06	-6.624875e-06	-1.768034e-08	-4.541046e+01	-1.156450e+03
2.980000e-06	-6.718663e-06	-1.776564e-08	-4.605333e+01	-1.162892e+03
2.990000e-06	-6.810028e-06	-1.785007e-08	-4.667960e+01	-1.168938e+03
3.000000e-06	-6.898991e-06	-1.793012e-08	-4.728940e+01	-1.174307e+03
3.010000e-06	-6.985512e-06	-1.800599e-08	-4.788246e+01	-1.178931e+03
3.020000e-06	-7.069531e-06	-1.808114e-08	-4.845837e+01	-1.182981e+03
3.030000e-06	-7.151081e-06	-1.815429e-08	-4.901736e+01	-1.186780e+03
3.040000e-06	-7.230109e-06	-1.821962e-08	-4.955906e+01	-1.190657e+03
3.050000e-06	-7.306424e-06	-1.827918e-08	-5.008216e+01	-1.194805e+03
3.060000e-06	-7.379947e-06	-1.833677e-08	-5.058613e+01	-1.199199e+03
3.070000e-06	-7.450751e-06	-1.839262e-08	-5.107146e+01	-1.203617e+03
3.080000e-06	-7.518859e-06	-1.844369e-08	-5.153831e+01	-1.207749e+03
3.090000e-06	-7.584317e-06	-1.849000e-08	-5.198699e+01	-1.211335e+03
3.100000e-06	-7.647153e-06	-1.853587e-08	-5.241771e+01	-1.214285e+03
3.110000e-06	-7.707254e-06	-1.858295e-08	-5.282967e+01	-1.216712e+03
3.120000e-06	-7.764549e-06	-1.862644e-08	-5.322240e+01	-1.218881e+03
3.130000e-06	-7.818957e-06	-1.866221e-08	-5.359534e+01	-1.221086e+03
3.140000e-06	-7.870316e-06	-1.869398e-08	-5.394738e+01	-1.223522e+03
3.150000e-06	-7.918529e-06	-1.872495e-08	-5.427786e+01	-1.226197e+03
3.160000e-06	-7.963797e-06	-1.875376e-08	-5.458815e+01	-1.228931e+03
3.170000e-06	-8.006426e-06	-1.877995e-08	-5.488035e+01	-1.231443e+03
3.180000e-06	-8.046444e-06	-1.880466e-08	-5.515466e+01	-1.233472e+03
3.190000e-06	-8.083662e-06	-1.882760e-08	-5.540977e+01	-1.234896e+03
3.200000e-06	-8.118045e-06	-1.884783e-08	-5.564545e+01	-1.235787e+03
3.210000e-06	-8.149604e-06	-1.886608e-08	-5.586177e+01	-1.236376e+03
3.220000e-06	-8.178181e-06	-1.888096e-08	-5.605766e+01	-1.236953e+03
3.230000e-06	-8.203884e-06	-1.889045e-08	-5.623384e+01	-1.237741e+03
3.240000e-06	-8.226749e-06	-1.889616e-08	-5.639057e+01	-1.238799e+03
3.250000e-06	-8.246651e-06	-1.890188e-08	-5.652699e+01	-1.240005e+03
3.260000e-06	-8.263645e-06	-1.890980e-08	-5.664348e+01	-1.241105e+03
3.270000e-06	-8.277570e-06	-1.891717e-08	-5.673892e+01	-1.241837e+03
3.280000e-06	-8.288336e-06	-1.891928e-08	-5.681272e+01	-1.242039e+03
3.290000e-06	-8.296160e-06	-1.891703e-08	-5.686635e+01	-1.241727e+03
3.300000e-06	-8.301015e-06	-1.891540e-08	-5.689963e+01	-1.241085e+03
3.310000e-06	-8.302964e-06	-1.891076e-08	-5.691299e+01	-1.240382e+03
