# Temperatura_=_37.21
# Concentracion g/m^3_=_13400.0
# C_Vs_to_Am_M_A/Vsm_=_65563218390.804596
# pendiente_HvsI_1/m_=_3716.3
# ordenada_HvsI_A/m_=_1297.0
# frecuencia_Hz_=_301433.8866659782

Tiempo_(s)	Campo_(V.s)	Magnetizacion_(V.s)	Campo_(kA/m)	Magnetizacion_(A/m)
0.000000e+00	-8.357383e-06	-1.782148e-08	-5.691402e+01	-1.168949e+03
1.000000e-08	-8.354167e-06	-1.781802e-08	-5.689212e+01	-1.168498e+03
2.000000e-08	-8.348229e-06	-1.781153e-08	-5.685168e+01	-1.168335e+03
3.000000e-08	-8.339611e-06	-1.780647e-08	-5.679300e+01	-1.168342e+03
4.000000e-08	-8.328109e-06	-1.779965e-08	-5.671466e+01	-1.168282e+03
5.000000e-08	-8.313609e-06	-1.779011e-08	-5.661592e+01	-1.167900e+03
6.000000e-08	-8.296136e-06	-1.777352e-08	-5.649693e+01	-1.167037e+03
7.000000e-08	-8.276081e-06	-1.774434e-08	-5.636035e+01	-1.165695e+03
8.000000e-08	-8.253552e-06	-1.776259e-08	-5.620693e+01	-1.164036e+03
9.000000e-08	-8.227908e-06	-1.780429e-08	-5.603229e+01	-1.162311e+03
1.000000e-07	-8.198831e-06	-1.776094e-08	-5.583428e+01	-1.160758e+03
1.100000e-07	-8.166628e-06	-1.770972e-08	-5.561497e+01	-1.159501e+03
1.200000e-07	-8.131468e-06	-1.767926e-08	-5.537553e+01	-1.158506e+03
1.300000e-07	-8.093596e-06	-1.763106e-08	-5.511762e+01	-1.157605e+03
1.400000e-07	-8.053405e-06	-1.754916e-08	-5.484392e+01	-1.156574e+03
1.500000e-07	-8.010761e-06	-1.755569e-08	-5.455351e+01	-1.155231e+03
1.600000e-07	-7.965309e-06	-1.759935e-08	-5.424399e+01	-1.153510e+03
1.700000e-07	-7.917008e-06	-1.750349e-08	-5.391506e+01	-1.151477e+03
1.800000e-07	-7.865719e-06	-1.755436e-08	-5.356577e+01	-1.149287e+03
1.900000e-07	-7.811363e-06	-1.751884e-08	-5.319561e+01	-1.147099e+03
2.000000e-07	-7.754169e-06	-1.739772e-08	-5.280612e+01	-1.144990e+03
2.100000e-07	-7.694188e-06	-1.736005e-08	-5.239764e+01	-1.142917e+03
2.200000e-07	-7.631478e-06	-1.728298e-08	-5.197059e+01	-1.140728e+03
2.300000e-07	-7.566035e-06	-1.730681e-08	-5.152492e+01	-1.138235e+03
2.400000e-07	-7.497733e-06	-1.726714e-08	-5.105978e+01	-1.135303e+03
2.500000e-07	-7.426638e-06	-1.723152e-08	-5.057562e+01	-1.131919e+03
2.600000e-07	-7.352681e-06	-1.719691e-08	-5.007197e+01	-1.128204e+03
2.700000e-07	-7.275844e-06	-1.713405e-08	-4.954871e+01	-1.124366e+03
2.800000e-07	-7.196162e-06	-1.706249e-08	-4.900607e+01	-1.120611e+03
2.900000e-07	-7.113733e-06	-1.695654e-08	-4.844473e+01	-1.117045e+03
3.000000e-07	-7.028951e-06	-1.693593e-08	-4.786736e+01	-1.113626e+03
3.100000e-07	-6.941901e-06	-1.688959e-08	-4.727455e+01	-1.110177e+03
3.200000e-07	-6.852376e-06	-1.684376e-08	-4.666488e+01	-1.106458e+03
3.300000e-07	-6.760335e-06	-1.678600e-08	-4.603807e+01	-1.102270e+03
3.400000e-07	-6.665929e-06	-1.669322e-08	-4.539517e+01	-1.097544e+03
3.500000e-07	-6.569170e-06	-1.662778e-08	-4.473624e+01	-1.092374e+03
3.600000e-07	-6.469955e-06	-1.654988e-08	-4.406058e+01	-1.086973e+03
3.700000e-07	-6.368340e-06	-1.647136e-08	-4.336858e+01	-1.081581e+03
3.800000e-07	-6.264446e-06	-1.637999e-08	-4.266106e+01	-1.076355e+03
3.900000e-07	-6.158320e-06	-1.631609e-08	-4.193834e+01	-1.071293e+03
4.000000e-07	-6.049974e-06	-1.624218e-08	-4.120050e+01	-1.066232e+03
4.100000e-07	-5.939496e-06	-1.614490e-08	-4.044814e+01	-1.060912e+03
4.200000e-07	-5.826800e-06	-1.604280e-08	-3.968068e+01	-1.055089e+03
4.300000e-07	-5.711758e-06	-1.594512e-08	-3.889724e+01	-1.048640e+03
4.400000e-07	-5.594464e-06	-1.586062e-08	-3.809846e+01	-1.041619e+03
4.500000e-07	-5.475118e-06	-1.576372e-08	-3.728571e+01	-1.034232e+03
4.600000e-07	-5.353822e-06	-1.565757e-08	-3.645968e+01	-1.026747e+03
4.700000e-07	-5.230604e-06	-1.554197e-08	-3.562056e+01	-1.019365e+03
4.800000e-07	-5.105505e-06	-1.542695e-08	-3.476863e+01	-1.012130e+03
4.900000e-07	-4.978547e-06	-1.530573e-08	-3.390405e+01	-1.004899e+03
5.000000e-07	-4.849815e-06	-1.517831e-08	-3.302738e+01	-9.973968e+02
5.100000e-07	-4.719399e-06	-1.504706e-08	-3.213924e+01	-9.893341e+02
5.200000e-07	-4.587243e-06	-1.492041e-08	-3.123926e+01	-9.805352e+02
5.300000e-07	-4.453386e-06	-1.479436e-08	-3.032769e+01	-9.710150e+02
5.400000e-07	-4.317948e-06	-1.465682e-08	-2.940535e+01	-9.609734e+02
5.500000e-07	-4.180909e-06	-1.450260e-08	-2.847211e+01	-9.507035e+02
5.600000e-07	-4.042278e-06	-1.434328e-08	-2.752803e+01	-9.404541e+02
5.700000e-07	-3.902002e-06	-1.418220e-08	-2.657275e+01	-9.303062e+02
5.800000e-07	-3.760120e-06	-1.401420e-08	-2.560652e+01	-9.201219e+02
5.900000e-07	-3.616769e-06	-1.383722e-08	-2.463030e+01	-9.095909e+02
6.000000e-07	-3.472093e-06	-1.365887e-08	-2.364505e+01	-8.983586e+02
6.100000e-07	-3.326123e-06	-1.348578e-08	-2.265100e+01	-8.861804e+02
6.200000e-07	-3.178910e-06	-1.330759e-08	-2.164847e+01	-8.730328e+02
6.300000e-07	-3.030673e-06	-1.311079e-08	-2.063897e+01	-8.591270e+02
6.400000e-07	-2.881468e-06	-1.289297e-08	-1.962288e+01	-8.448141e+02
6.500000e-07	-2.731269e-06	-1.267069e-08	-1.860002e+01	-8.304187e+02
6.600000e-07	-2.580129e-06	-1.244321e-08	-1.757075e+01	-8.160723e+02
6.700000e-07	-2.428100e-06	-1.220666e-08	-1.653543e+01	-8.016250e+02
6.800000e-07	-2.275175e-06	-1.196114e-08	-1.549401e+01	-7.866802e+02
6.900000e-07	-2.121362e-06	-1.171268e-08	-1.444654e+01	-7.707452e+02
7.000000e-07	-1.966759e-06	-1.145826e-08	-1.339368e+01	-7.534369e+02
7.100000e-07	-1.811542e-06	-1.118782e-08	-1.233666e+01	-7.346509e+02
7.200000e-07	-1.655772e-06	-1.089747e-08	-1.127586e+01	-7.146115e+02
7.300000e-07	-1.499355e-06	-1.059035e-08	-1.021065e+01	-6.937691e+02
7.400000e-07	-1.342238e-06	-1.027377e-08	-9.140683e+00	-6.725763e+02
7.500000e-07	-1.184538e-06	-9.943396e-09	-8.066739e+00	-6.512352e+02
7.600000e-07	-1.026388e-06	-9.593262e-09	-6.989733e+00	-6.295309e+02
7.700000e-07	-8.678742e-07	-9.221679e-09	-5.910249e+00	-6.068356e+02
7.800000e-07	-7.091432e-07	-8.832546e-09	-4.829286e+00	-5.823060e+02
7.900000e-07	-5.502049e-07	-8.423076e-09	-3.746912e+00	-5.552016e+02
8.000000e-07	-3.910750e-07	-7.985372e-09	-2.663232e+00	-5.251954e+02
8.100000e-07	-2.317951e-07	-7.511262e-09	-1.578531e+00	-4.925241e+02
8.200000e-07	-7.239878e-08	-7.004530e-09	-4.930378e-01	-4.578806e+02
8.300000e-07	8.699101e-08	-6.471655e-09	5.924113e-01	-4.220442e+02
8.400000e-07	2.463114e-07	-5.902985e-09	1.677388e+00	-3.853607e+02
8.500000e-07	4.055544e-07	-5.283382e-09	2.761838e+00	-3.472656e+02
8.600000e-07	5.646465e-07	-4.601391e-09	3.845259e+00	-3.060616e+02
8.700000e-07	7.235516e-07	-3.852473e-09	4.927408e+00	-2.590953e+02
8.800000e-07	8.822136e-07	-3.016646e-09	6.007900e+00	-2.033496e+02
8.900000e-07	1.040593e-06	-2.055201e-09	7.086465e+00	-1.363171e+02
9.000000e-07	1.198648e-06	-9.169199e-10	8.162827e+00	-5.690130e+01
9.100000e-07	1.356255e-06	4.393623e-10	9.236138e+00	3.394404e+01
9.200000e-07	1.513278e-06	1.999784e-09	1.030547e+01	1.330692e+02
9.300000e-07	1.669582e-06	3.661659e-09	1.136990e+01	2.355646e+02
9.400000e-07	1.825277e-06	5.257292e-09	1.243019e+01	3.356851e+02
9.500000e-07	1.980450e-06	6.651176e-09	1.348692e+01	4.280160e+02
9.600000e-07	2.134957e-06	7.797874e-09	1.453912e+01	5.085528e+02
9.700000e-07	2.288590e-06	8.729544e-09	1.558536e+01	5.753951e+02
9.800000e-07	2.441324e-06	9.499374e-09	1.662549e+01	6.288791e+02
9.900000e-07	2.593175e-06	1.014890e-08	1.765959e+01	6.711472e+02
1.000000e-06	2.744134e-06	1.070916e-08	1.868763e+01	7.053248e+02
1.010000e-06	2.894150e-06	1.119533e-08	1.970925e+01	7.345802e+02
1.020000e-06	3.043060e-06	1.162365e-08	2.072333e+01	7.613524e+02
1.030000e-06	3.190872e-06	1.200898e-08	2.172993e+01	7.869520e+02
1.040000e-06	3.337588e-06	1.236096e-08	2.272907e+01	8.115931e+02
1.050000e-06	3.483119e-06	1.268290e-08	2.372014e+01	8.347697e+02
1.060000e-06	3.627384e-06	1.297783e-08	2.470259e+01	8.557862e+02
1.070000e-06	3.770304e-06	1.324789e-08	2.567588e+01	8.742262e+02
1.080000e-06	3.911755e-06	1.349721e-08	2.663916e+01	8.901996e+02
1.090000e-06	4.051690e-06	1.373217e-08	2.759213e+01	9.043119e+02
1.100000e-06	4.190097e-06	1.395396e-08	2.853468e+01	9.174141e+02
1.110000e-06	4.326939e-06	1.416283e-08	2.946658e+01	9.302677e+02
1.120000e-06	4.462277e-06	1.436010e-08	3.038824e+01	9.432765e+02
1.130000e-06	4.595975e-06	1.454666e-08	3.129873e+01	9.563904e+02
1.140000e-06	4.727913e-06	1.472250e-08	3.219722e+01	9.692062e+02
1.150000e-06	4.858165e-06	1.489142e-08	3.308425e+01	9.812030e+02
1.160000e-06	4.986740e-06	1.505068e-08	3.395984e+01	9.920032e+02
1.170000e-06	5.113661e-06	1.520103e-08	3.482418e+01	1.001545e+03
1.180000e-06	5.238765e-06	1.534451e-08	3.567614e+01	1.010102e+03
1.190000e-06	5.361941e-06	1.548396e-08	3.651497e+01	1.018153e+03
1.200000e-06	5.483237e-06	1.562026e-08	3.734100e+01	1.026171e+03
1.210000e-06	5.602585e-06	1.574950e-08	3.815377e+01	1.034423e+03
1.220000e-06	5.719849e-06	1.587102e-08	3.895234e+01	1.042876e+03
1.230000e-06	5.834841e-06	1.598786e-08	3.973544e+01	1.051233e+03
1.240000e-06	5.947593e-06	1.610028e-08	4.050328e+01	1.059089e+03
1.250000e-06	6.058225e-06	1.620309e-08	4.125669e+01	1.066116e+03
1.260000e-06	6.166679e-06	1.629617e-08	4.199526e+01	1.072218e+03
1.270000e-06	6.272910e-06	1.638609e-08	4.271870e+01	1.077570e+03
1.280000e-06	6.376978e-06	1.647735e-08	4.342740e+01	1.082540e+03
1.290000e-06	6.478769e-06	1.656494e-08	4.412061e+01	1.087528e+03
1.300000e-06	6.578117e-06	1.664402e-08	4.479717e+01	1.092802e+03
1.310000e-06	6.675039e-06	1.671907e-08	4.545721e+01	1.098388e+03
1.320000e-06	6.769620e-06	1.679590e-08	4.610131e+01	1.104077e+03
1.330000e-06	6.861898e-06	1.687137e-08	4.672972e+01	1.109528e+03
1.340000e-06	6.951716e-06	1.694021e-08	4.734139e+01	1.114425e+03
1.350000e-06	7.039040e-06	1.700246e-08	4.793607e+01	1.118619e+03
1.360000e-06	7.124010e-06	1.706298e-08	4.851472e+01	1.122188e+03
1.370000e-06	7.206531e-06	1.712460e-08	4.907668e+01	1.125396e+03
1.380000e-06	7.286426e-06	1.718446e-08	4.962077e+01	1.128580e+03
1.390000e-06	7.363618e-06	1.724133e-08	5.014645e+01	1.131992e+03
1.400000e-06	7.438026e-06	1.729534e-08	5.065317e+01	1.135699e+03
1.410000e-06	7.509701e-06	1.734847e-08	5.114128e+01	1.139556e+03
1.420000e-06	7.578737e-06	1.740054e-08	5.161142e+01	1.143276e+03
1.430000e-06	7.645037e-06	1.744748e-08	5.206293e+01	1.146561e+03
1.440000e-06	7.708610e-06	1.748677e-08	5.249586e+01	1.149235e+03
1.450000e-06	7.769515e-06	1.752328e-08	5.291063e+01	1.151319e+03
1.460000e-06	7.827663e-06	1.756179e-08	5.330661e+01	1.153025e+03
1.470000e-06	7.883000e-06	1.760040e-08	5.368346e+01	1.154654e+03
1.480000e-06	7.935308e-06	1.763553e-08	5.403968e+01	1.156472e+03
1.490000e-06	7.984468e-06	1.766793e-08	5.437446e+01	1.158587e+03
1.500000e-06	8.030714e-06	1.770029e-08	5.468940e+01	1.160913e+03
1.510000e-06	8.074118e-06	1.772986e-08	5.498497e+01	1.163202e+03
1.520000e-06	8.114623e-06	1.775168e-08	5.526082e+01	1.165162e+03
1.530000e-06	8.152314e-06	1.776864e-08	5.551750e+01	1.166582e+03
1.540000e-06	8.187170e-06	1.778670e-08	5.575487e+01	1.167423e+03
1.550000e-06	8.219168e-06	1.780666e-08	5.597277e+01	1.167835e+03
1.560000e-06	8.248330e-06	1.782443e-08	5.617136e+01	1.168095e+03
1.570000e-06	8.274479e-06	1.783711e-08	5.634945e+01	1.168481e+03
1.580000e-06	8.297611e-06	1.784844e-08	5.650697e+01	1.169158e+03
1.590000e-06	8.317936e-06	1.785987e-08	5.664538e+01	1.170110e+03
1.600000e-06	8.335406e-06	1.786936e-08	5.676436e+01	1.171150e+03
1.610000e-06	8.349790e-06	1.787564e-08	5.686231e+01	1.172008e+03
1.620000e-06	8.360926e-06	1.787982e-08	5.693815e+01	1.172447e+03
1.630000e-06	8.368891e-06	1.788327e-08	5.699239e+01	1.172371e+03
1.640000e-06	8.373954e-06	1.788471e-08	5.702687e+01	1.171861e+03
1.650000e-06	8.376102e-06	1.788488e-08	5.704150e+01	1.171140e+03
1.660000e-06	8.375339e-06	1.788072e-08	5.703630e+01	1.170472e+03
1.670000e-06	8.371857e-06	1.787355e-08	5.701259e+01	1.170052e+03
1.680000e-06	8.365575e-06	1.786933e-08	5.696981e+01	1.169915e+03
1.690000e-06	8.356490e-06	1.786068e-08	5.690794e+01	1.169926e+03
1.700000e-06	8.344474e-06	1.784785e-08	5.682611e+01	1.169842e+03
1.710000e-06	8.329525e-06	1.784011e-08	5.672431e+01	1.169413e+03
1.720000e-06	8.312048e-06	1.784475e-08	5.660529e+01	1.168494e+03
1.730000e-06	8.292103e-06	1.782305e-08	5.646946e+01	1.167107e+03
1.740000e-06	8.269229e-06	1.772213e-08	5.631369e+01	1.165427e+03
1.750000e-06	8.242719e-06	1.770365e-08	5.613316e+01	1.163710e+03
1.760000e-06	8.212323e-06	1.770944e-08	5.592615e+01	1.162184e+03
1.770000e-06	8.178714e-06	1.768813e-08	5.569728e+01	1.160959e+03
1.780000e-06	8.142621e-06	1.770971e-08	5.545148e+01	1.159983e+03
1.790000e-06	8.104164e-06	1.777362e-08	5.518959e+01	1.159078e+03
1.800000e-06	8.063648e-06	1.767024e-08	5.491368e+01	1.158020e+03
1.810000e-06	8.020904e-06	1.762511e-08	5.462259e+01	1.156636e+03
1.820000e-06	7.975242e-06	1.766211e-08	5.431163e+01	1.154875e+03
1.830000e-06	7.926777e-06	1.753460e-08	5.398158e+01	1.152817e+03
1.840000e-06	7.875133e-06	1.760819e-08	5.362988e+01	1.150619e+03
1.850000e-06	7.820136e-06	1.756112e-08	5.325536e+01	1.148436e+03
1.860000e-06	7.762433e-06	1.756379e-08	5.286239e+01	1.146335e+03
1.870000e-06	7.701988e-06	1.759354e-08	5.245076e+01	1.144257e+03
1.880000e-06	7.638822e-06	1.744059e-08	5.202060e+01	1.142044e+03
1.890000e-06	7.572874e-06	1.742862e-08	5.157149e+01	1.139508e+03
1.900000e-06	7.504036e-06	1.730731e-08	5.110270e+01	1.136525e+03
1.910000e-06	7.432286e-06	1.728628e-08	5.061408e+01	1.133096e+03
1.920000e-06	7.357580e-06	1.726773e-08	5.010533e+01	1.129356e+03
1.930000e-06	7.280135e-06	1.722537e-08	4.957793e+01	1.125518e+03
1.940000e-06	7.200032e-06	1.723926e-08	4.903243e+01	1.121779e+03
1.950000e-06	7.117438e-06	1.710473e-08	4.846996e+01	1.118232e+03
1.960000e-06	7.032200e-06	1.706917e-08	4.788949e+01	1.114820e+03
1.970000e-06	6.944298e-06	1.694100e-08	4.729087e+01	1.111353e+03
1.980000e-06	6.854039e-06	1.687736e-08	4.667621e+01	1.107590e+03
1.990000e-06	6.761383e-06	1.684696e-08	4.604521e+01	1.103344e+03
2.000000e-06	6.666330e-06	1.678771e-08	4.539790e+01	1.098563e+03
2.010000e-06	6.568901e-06	1.675262e-08	4.473441e+01	1.093356e+03
2.020000e-06	6.469139e-06	1.664004e-08	4.405502e+01	1.087944e+03
2.030000e-06	6.366929e-06	1.657484e-08	4.335897e+01	1.082563e+03
2.040000e-06	6.262441e-06	1.645840e-08	4.264740e+01	1.077357e+03
2.050000e-06	6.155859e-06	1.638547e-08	4.192158e+01	1.072304e+03
2.060000e-06	6.047090e-06	1.628651e-08	4.118086e+01	1.067228e+03
2.070000e-06	5.936127e-06	1.621003e-08	4.042520e+01	1.061864e+03
2.080000e-06	5.822841e-06	1.613181e-08	3.965372e+01	1.055976e+03
2.090000e-06	5.707258e-06	1.603918e-08	3.886659e+01	1.049459e+03
2.100000e-06	5.589410e-06	1.593680e-08	3.806404e+01	1.042386e+03
2.110000e-06	5.469467e-06	1.581156e-08	3.724723e+01	1.034975e+03
2.120000e-06	5.347582e-06	1.570392e-08	3.641719e+01	1.027492e+03
2.130000e-06	5.223895e-06	1.558033e-08	3.557488e+01	1.020126e+03
2.140000e-06	5.098402e-06	1.547408e-08	3.472026e+01	1.012901e+03
2.150000e-06	4.970991e-06	1.535059e-08	3.385259e+01	1.005655e+03
2.160000e-06	4.841776e-06	1.523998e-08	3.297264e+01	9.981039e+02
2.170000e-06	4.710858e-06	1.511183e-08	3.208108e+01	9.899669e+02
2.180000e-06	4.578286e-06	1.497562e-08	3.117826e+01	9.810854e+02
2.190000e-06	4.444089e-06	1.482567e-08	3.026438e+01	9.714962e+02
2.200000e-06	4.308238e-06	1.467936e-08	2.933923e+01	9.614148e+02
2.210000e-06	4.170714e-06	1.453344e-08	2.840268e+01	9.511364e+02
2.220000e-06	4.031646e-06	1.438734e-08	2.745563e+01	9.408968e+02
2.230000e-06	3.891047e-06	1.423055e-08	2.649814e+01	9.307546e+02
2.240000e-06	3.748979e-06	1.406228e-08	2.553066e+01	9.205491e+02
2.250000e-06	3.605530e-06	1.388673e-08	2.455376e+01	9.099583e+02
2.260000e-06	3.460779e-06	1.370217e-08	2.356801e+01	8.986322e+02
2.270000e-06	3.314790e-06	1.351238e-08	2.257382e+01	8.863460e+02
2.280000e-06	3.167670e-06	1.331340e-08	2.157192e+01	8.731025e+02
2.290000e-06	3.019401e-06	1.311803e-08	2.056221e+01	8.591343e+02
2.300000e-06	2.870032e-06	1.291697e-08	1.954500e+01	8.447984e+02
2.310000e-06	2.719771e-06	1.271027e-08	1.852172e+01	8.304056e+02
2.320000e-06	2.568578e-06	1.248444e-08	1.749209e+01	8.160598e+02
2.330000e-06	2.416394e-06	1.224716e-08	1.645571e+01	8.015805e+02
2.340000e-06	2.263273e-06	1.199752e-08	1.541296e+01	7.865521e+02
2.350000e-06	2.109311e-06	1.173899e-08	1.436447e+01	7.704836e+02
2.360000e-06	1.954639e-06	1.147095e-08	1.331115e+01	7.530151e+02
2.370000e-06	1.799291e-06	1.119559e-08	1.225323e+01	7.340778e+02
2.380000e-06	1.643312e-06	1.091185e-08	1.119100e+01	7.139277e+02
2.390000e-06	1.486727e-06	1.061494e-08	1.012465e+01	6.930277e+02
2.400000e-06	1.329521e-06	1.029913e-08	9.054079e+00	6.718148e+02
2.410000e-06	1.171838e-06	9.961301e-09	7.980249e+00	6.504523e+02
2.420000e-06	1.013778e-06	9.602177e-09	6.903859e+00	6.286769e+02
2.430000e-06	8.554877e-07	9.224123e-09	5.825896e+00	6.058256e+02
2.440000e-06	6.969953e-07	8.829055e-09	4.746558e+00	5.810496e+02
2.450000e-06	5.382247e-07	8.414831e-09	3.665326e+00	5.536396e+02
2.460000e-06	3.792187e-07	7.980364e-09	2.582490e+00	5.233257e+02
2.470000e-06	2.201217e-07	7.517997e-09	1.499035e+00	4.904036e+02
2.480000e-06	6.094351e-08	7.018987e-09	4.150271e-01	4.555971e+02
2.490000e-06	-9.829285e-08	6.476554e-09	-6.693772e-01	4.196652e+02
2.500000e-06	-2.574377e-07	5.891122e-09	-1.753158e+00	3.828759e+02
2.510000e-06	-4.164266e-07	5.262839e-09	-2.835877e+00	3.445479e+02
2.520000e-06	-5.752808e-07	4.581466e-09	-3.917679e+00	3.028652e+02
2.530000e-06	-7.339685e-07	3.830496e-09	-4.998347e+00	2.551006e+02
2.540000e-06	-8.923486e-07	2.987708e-09	-6.076920e+00	1.982468e+02
2.550000e-06	-1.050441e-06	2.018027e-09	-7.153531e+00	1.299068e+02
2.560000e-06	-1.208264e-06	8.738720e-10	-8.228312e+00	4.918027e+01
2.570000e-06	-1.365628e-06	-4.888884e-10	-9.299967e+00	-4.274048e+01
2.580000e-06	-1.522415e-06	-2.064341e-09	-1.036769e+01	-1.424864e+02
2.590000e-06	-1.678626e-06	-3.744006e-09	-1.143149e+01	-2.450071e+02
2.600000e-06	-1.834222e-06	-5.347504e-09	-1.249110e+01	-3.445361e+02
2.610000e-06	-1.989159e-06	-6.736141e-09	-1.354623e+01	-4.357627e+02
2.620000e-06	-2.143357e-06	-7.877954e-09	-1.459633e+01	-5.148835e+02
2.630000e-06	-2.296774e-06	-8.811114e-09	-1.564110e+01	-5.802422e+02
2.640000e-06	-2.449386e-06	-9.582961e-09	-1.668039e+01	-6.323977e+02
2.650000e-06	-2.601025e-06	-1.023392e-08	-1.771306e+01	-6.736419e+02
2.660000e-06	-2.751661e-06	-1.079626e-08	-1.873889e+01	-7.071490e+02
2.670000e-06	-2.901355e-06	-1.129088e-08	-1.975831e+01	-7.360407e+02
2.680000e-06	-3.050017e-06	-1.172734e-08	-2.077070e+01	-7.626466e+02
2.690000e-06	-3.197600e-06	-1.211558e-08	-2.177575e+01	-7.881509e+02
2.700000e-06	-3.344074e-06	-1.246477e-08	-2.277324e+01	-8.126681e+02
2.710000e-06	-3.489391e-06	-1.278412e-08	-2.376285e+01	-8.356459e+02
2.720000e-06	-3.633422e-06	-1.307966e-08	-2.474371e+01	-8.563989e+02
2.730000e-06	-3.776031e-06	-1.334913e-08	-2.571488e+01	-8.745604e+02
2.740000e-06	-3.917208e-06	-1.359716e-08	-2.667630e+01	-8.902993e+02
2.750000e-06	-4.056923e-06	-1.383290e-08	-2.762776e+01	-9.042623e+02
2.760000e-06	-4.195128e-06	-1.406174e-08	-2.856895e+01	-9.173069e+02
2.770000e-06	-4.331769e-06	-1.427947e-08	-2.949947e+01	-9.301667e+02
2.780000e-06	-4.466799e-06	-1.447863e-08	-3.041903e+01	-9.431977e+02
2.790000e-06	-4.600244e-06	-1.465980e-08	-3.132779e+01	-9.563043e+02
2.800000e-06	-4.732095e-06	-1.483027e-08	-3.222570e+01	-9.690577e+02
2.810000e-06	-4.862312e-06	-1.499365e-08	-3.311248e+01	-9.809406e+02
2.820000e-06	-4.990776e-06	-1.514989e-08	-3.398733e+01	-9.916034e+02
2.830000e-06	-5.117436e-06	-1.530044e-08	-3.484989e+01	-1.001022e+03
2.840000e-06	-5.242283e-06	-1.544718e-08	-3.570010e+01	-1.009501e+03
2.850000e-06	-5.365305e-06	-1.558903e-08	-3.653788e+01	-1.017529e+03
2.860000e-06	-5.486431e-06	-1.572065e-08	-3.736276e+01	-1.025565e+03
2.870000e-06	-5.605484e-06	-1.584058e-08	-3.817351e+01	-1.033847e+03
2.880000e-06	-5.722325e-06	-1.595371e-08	-3.896920e+01	-1.042308e+03
2.890000e-06	-5.836828e-06	-1.606391e-08	-3.974897e+01	-1.050632e+03
2.900000e-06	-5.948941e-06	-1.617068e-08	-4.051246e+01	-1.058412e+03
2.910000e-06	-6.058800e-06	-1.627032e-08	-4.126061e+01	-1.065341e+03
2.920000e-06	-6.166575e-06	-1.636405e-08	-4.199456e+01	-1.071351e+03
2.930000e-06	-6.272287e-06	-1.645651e-08	-4.271446e+01	-1.076643e+03
2.940000e-06	-6.375813e-06	-1.654693e-08	-4.341947e+01	-1.081598e+03
2.950000e-06	-6.477015e-06	-1.663240e-08	-4.410866e+01	-1.086609e+03
2.960000e-06	-6.575926e-06	-1.671221e-08	-4.478224e+01	-1.091920e+03
2.970000e-06	-6.672497e-06	-1.679051e-08	-4.543990e+01	-1.097531e+03
2.980000e-06	-6.766712e-06	-1.686930e-08	-4.608151e+01	-1.103213e+03
2.990000e-06	-6.858582e-06	-1.694450e-08	-4.670714e+01	-1.108619e+03
3.000000e-06	-6.948054e-06	-1.701417e-08	-4.731645e+01	-1.113445e+03
3.010000e-06	-7.035105e-06	-1.707746e-08	-4.790927e+01	-1.117565e+03
3.020000e-06	-7.119627e-06	-1.713651e-08	-4.848487e+01	-1.121081e+03
3.030000e-06	-7.201656e-06	-1.719437e-08	-4.904348e+01	-1.124272e+03
3.040000e-06	-7.281186e-06	-1.724871e-08	-4.958509e+01	-1.127471e+03
3.050000e-06	-7.357962e-06	-1.730168e-08	-5.010793e+01	-1.130917e+03
3.060000e-06	-7.431924e-06	-1.735355e-08	-5.061162e+01	-1.134651e+03
3.070000e-06	-7.503109e-06	-1.740305e-08	-5.109639e+01	-1.138510e+03
3.080000e-06	-7.571523e-06	-1.744826e-08	-5.156229e+01	-1.142197e+03
3.090000e-06	-7.637260e-06	-1.748836e-08	-5.200996e+01	-1.145423e+03
3.100000e-06	-7.700356e-06	-1.752543e-08	-5.243965e+01	-1.148029e+03
3.110000e-06	-7.760714e-06	-1.756060e-08	-5.285068e+01	-1.150062e+03
3.120000e-06	-7.818254e-06	-1.759180e-08	-5.324254e+01	-1.151745e+03
3.130000e-06	-7.872913e-06	-1.761857e-08	-5.361476e+01	-1.153385e+03
3.140000e-06	-7.924537e-06	-1.764709e-08	-5.396633e+01	-1.155233e+03
3.150000e-06	-7.972954e-06	-1.767877e-08	-5.429605e+01	-1.157380e+03
3.160000e-06	-8.018320e-06	-1.770822e-08	-5.460499e+01	-1.159716e+03
3.170000e-06	-8.061090e-06	-1.773109e-08	-5.489625e+01	-1.161984e+03
3.180000e-06	-8.101320e-06	-1.775019e-08	-5.517023e+01	-1.163895e+03
3.190000e-06	-8.138707e-06	-1.776841e-08	-5.542483e+01	-1.165252e+03
3.200000e-06	-8.173178e-06	-1.778373e-08	-5.565958e+01	-1.166037e+03
3.210000e-06	-8.204807e-06	-1.779431e-08	-5.587498e+01	-1.166421e+03
3.220000e-06	-8.233477e-06	-1.780120e-08	-5.607022e+01	-1.166682e+03
3.230000e-06	-8.259248e-06	-1.780850e-08	-5.624572e+01	-1.167095e+03
3.240000e-06	-8.282139e-06	-1.781865e-08	-5.640161e+01	-1.167807e+03
3.250000e-06	-8.302039e-06	-1.782752e-08	-5.653712e+01	-1.168780e+03
3.260000e-06	-8.319063e-06	-1.783331e-08	-5.665306e+01	-1.169815e+03
3.270000e-06	-8.333033e-06	-1.783675e-08	-5.674820e+01	-1.170639e+03
3.280000e-06	-8.343776e-06	-1.783880e-08	-5.682136e+01	-1.171026e+03
3.290000e-06	-8.351460e-06	-1.783798e-08	-5.687369e+01	-1.170897e+03
3.300000e-06	-8.356174e-06	-1.783291e-08	-5.690579e+01	-1.170353e+03
3.310000e-06	-8.358032e-06	-1.782530e-08	-5.691844e+01	-1.169625e+03
