# Temperatura_=_48.94
# Concentracion g/m^3_=_13400.0
# C_Vs_to_Am_M_A/Vsm_=_65563218390.804596
# pendiente_HvsI_1/m_=_3716.3
# ordenada_HvsI_A/m_=_1297.0
# frecuencia_Hz_=_301442.5099351293

Tiempo_(s)	Campo_(V.s)	Magnetizacion_(V.s)	Campo_(kA/m)	Magnetizacion_(A/m)
0.000000e+00	-8.371733e-06	-1.813596e-08	-5.691437e+01	-1.190003e+03
1.000000e-08	-8.368978e-06	-1.813449e-08	-5.689564e+01	-1.189538e+03
2.000000e-08	-8.363402e-06	-1.812879e-08	-5.685773e+01	-1.189349e+03
3.000000e-08	-8.355165e-06	-1.812362e-08	-5.680174e+01	-1.189320e+03
4.000000e-08	-8.344068e-06	-1.811576e-08	-5.672630e+01	-1.189217e+03
5.000000e-08	-8.329898e-06	-1.810322e-08	-5.662997e+01	-1.188796e+03
6.000000e-08	-8.312708e-06	-1.808463e-08	-5.651310e+01	-1.187903e+03
7.000000e-08	-8.292915e-06	-1.805680e-08	-5.637854e+01	-1.186547e+03
8.000000e-08	-8.270669e-06	-1.806128e-08	-5.622730e+01	-1.184886e+03
9.000000e-08	-8.245364e-06	-1.811075e-08	-5.605527e+01	-1.183165e+03
1.000000e-07	-8.216629e-06	-1.808106e-08	-5.585991e+01	-1.181610e+03
1.100000e-07	-8.184742e-06	-1.802771e-08	-5.564314e+01	-1.180332e+03
1.200000e-07	-8.149905e-06	-1.799677e-08	-5.540630e+01	-1.179290e+03
1.300000e-07	-8.112329e-06	-1.794751e-08	-5.515084e+01	-1.178316e+03
1.400000e-07	-8.072363e-06	-1.786392e-08	-5.487914e+01	-1.177196e+03
1.500000e-07	-8.029953e-06	-1.782598e-08	-5.459082e+01	-1.175758e+03
1.600000e-07	-7.984804e-06	-1.790116e-08	-5.428388e+01	-1.173944e+03
1.700000e-07	-7.936790e-06	-1.781295e-08	-5.395746e+01	-1.171820e+03
1.800000e-07	-7.885798e-06	-1.783236e-08	-5.361079e+01	-1.169530e+03
1.900000e-07	-7.831689e-06	-1.784521e-08	-5.324294e+01	-1.167214e+03
2.000000e-07	-7.774689e-06	-1.770460e-08	-5.285543e+01	-1.164932e+03
2.100000e-07	-7.714952e-06	-1.766283e-08	-5.244932e+01	-1.162627e+03
2.200000e-07	-7.652498e-06	-1.757716e-08	-5.202473e+01	-1.160155e+03
2.300000e-07	-7.587301e-06	-1.757508e-08	-5.158149e+01	-1.157347e+03
2.400000e-07	-7.519246e-06	-1.754478e-08	-5.111883e+01	-1.154101e+03
2.500000e-07	-7.448414e-06	-1.749903e-08	-5.063729e+01	-1.150435e+03
2.600000e-07	-7.374749e-06	-1.747475e-08	-5.013648e+01	-1.146492e+03
2.700000e-07	-7.298216e-06	-1.740607e-08	-4.961618e+01	-1.142483e+03
2.800000e-07	-7.218803e-06	-1.735034e-08	-4.907630e+01	-1.138592e+03
2.900000e-07	-7.136591e-06	-1.723735e-08	-4.851739e+01	-1.134893e+03
3.000000e-07	-7.051962e-06	-1.719032e-08	-4.794205e+01	-1.131309e+03
3.100000e-07	-6.965022e-06	-1.715230e-08	-4.735099e+01	-1.127637e+03
3.200000e-07	-6.875680e-06	-1.709314e-08	-4.674361e+01	-1.123635e+03
3.300000e-07	-6.783862e-06	-1.704156e-08	-4.611940e+01	-1.119123e+03
3.400000e-07	-6.689599e-06	-1.694847e-08	-4.547856e+01	-1.114063e+03
3.500000e-07	-6.592932e-06	-1.688549e-08	-4.482138e+01	-1.108580e+03
3.600000e-07	-6.493835e-06	-1.680676e-08	-4.414768e+01	-1.102908e+03
3.700000e-07	-6.392399e-06	-1.672038e-08	-4.345807e+01	-1.097285e+03
3.800000e-07	-6.288664e-06	-1.662047e-08	-4.275284e+01	-1.091846e+03
3.900000e-07	-6.182633e-06	-1.653829e-08	-4.203200e+01	-1.086558e+03
4.000000e-07	-6.074390e-06	-1.646259e-08	-4.129612e+01	-1.081227e+03
4.100000e-07	-5.964000e-06	-1.636118e-08	-4.054565e+01	-1.075583e+03
4.200000e-07	-5.851395e-06	-1.626718e-08	-3.978011e+01	-1.069390e+03
4.300000e-07	-5.736455e-06	-1.616765e-08	-3.899871e+01	-1.062555e+03
4.400000e-07	-5.619215e-06	-1.608021e-08	-3.820166e+01	-1.055167e+03
4.500000e-07	-5.499917e-06	-1.598071e-08	-3.739063e+01	-1.047460e+03
4.600000e-07	-5.378666e-06	-1.586621e-08	-3.656631e+01	-1.039704e+03
4.700000e-07	-5.255453e-06	-1.573757e-08	-3.572866e+01	-1.032087e+03
4.800000e-07	-5.130346e-06	-1.561142e-08	-3.487813e+01	-1.024615e+03
4.900000e-07	-5.003410e-06	-1.549038e-08	-3.401517e+01	-1.017109e+03
5.000000e-07	-4.874731e-06	-1.536156e-08	-3.314036e+01	-1.009271e+03
5.100000e-07	-4.744252e-06	-1.522883e-08	-3.225332e+01	-1.000816e+03
5.200000e-07	-4.611983e-06	-1.509790e-08	-3.135410e+01	-9.915956e+02
5.300000e-07	-4.478081e-06	-1.496923e-08	-3.044378e+01	-9.816667e+02
5.400000e-07	-4.342633e-06	-1.482534e-08	-2.952295e+01	-9.712683e+02
5.500000e-07	-4.205620e-06	-1.466273e-08	-2.859148e+01	-9.607120e+02
5.600000e-07	-4.066956e-06	-1.449169e-08	-2.764878e+01	-9.502356e+02
5.700000e-07	-3.926634e-06	-1.432365e-08	-2.669482e+01	-9.398833e+02
5.800000e-07	-3.784734e-06	-1.415582e-08	-2.573013e+01	-9.294698e+02
5.900000e-07	-3.641394e-06	-1.397783e-08	-2.475565e+01	-9.186471e+02
6.000000e-07	-3.496685e-06	-1.379465e-08	-2.377186e+01	-9.070503e+02
6.100000e-07	-3.350693e-06	-1.361440e-08	-2.277935e+01	-8.944582e+02
6.200000e-07	-3.203476e-06	-1.343606e-08	-2.177850e+01	-8.808960e+02
6.300000e-07	-3.055139e-06	-1.323977e-08	-2.077005e+01	-8.666297e+02
6.400000e-07	-2.905862e-06	-1.301690e-08	-1.975521e+01	-8.520478e+02
6.500000e-07	-2.755651e-06	-1.278340e-08	-1.873401e+01	-8.374773e+02
6.600000e-07	-2.604425e-06	-1.254948e-08	-1.770592e+01	-8.230149e+02
6.700000e-07	-2.452231e-06	-1.231205e-08	-1.667124e+01	-8.084511e+02
6.800000e-07	-2.299166e-06	-1.206391e-08	-1.563064e+01	-7.933292e+02
6.900000e-07	-2.145303e-06	-1.181111e-08	-1.458462e+01	-7.771225e+02
7.000000e-07	-1.990700e-06	-1.155525e-08	-1.353357e+01	-7.594559e+02
7.100000e-07	-1.835270e-06	-1.128857e-08	-1.247690e+01	-7.402733e+02
7.200000e-07	-1.679100e-06	-1.099773e-08	-1.141519e+01	-7.198694e+02
7.300000e-07	-1.522398e-06	-1.068309e-08	-1.034987e+01	-6.987563e+02
7.400000e-07	-1.365207e-06	-1.035409e-08	-9.281220e+00	-6.774121e+02
7.500000e-07	-1.207450e-06	-1.001622e-08	-8.208725e+00	-6.560140e+02
7.600000e-07	-1.049161e-06	-9.665407e-09	-7.132613e+00	-6.342782e+02
7.700000e-07	-8.904760e-07	-9.294156e-09	-6.053810e+00	-6.114925e+02
7.800000e-07	-7.314782e-07	-8.903088e-09	-4.972880e+00	-5.867476e+02
7.900000e-07	-5.722633e-07	-8.490443e-09	-3.890474e+00	-5.592874e+02
8.000000e-07	-4.128461e-07	-8.051415e-09	-2.806692e+00	-5.288269e+02
8.100000e-07	-2.533013e-07	-7.574456e-09	-1.722043e+00	-4.956855e+02
8.200000e-07	-9.366756e-08	-7.062191e-09	-6.367894e-01	-4.606367e+02
8.300000e-07	6.601854e-08	-6.520133e-09	4.488203e-01	-4.244887e+02
8.400000e-07	2.256519e-07	-5.942392e-09	1.534072e+00	-3.875262e+02
8.500000e-07	3.852031e-07	-5.312391e-09	2.618764e+00	-3.490260e+02
8.600000e-07	5.445799e-07	-4.615018e-09	3.702271e+00	-3.070666e+02
8.700000e-07	7.037780e-07	-3.845410e-09	4.784563e+00	-2.587702e+02
8.800000e-07	8.627268e-07	-2.984793e-09	5.865160e+00	-2.009755e+02
8.900000e-07	1.021373e-06	-1.994079e-09	6.943700e+00	-1.311791e+02
9.000000e-07	1.179618e-06	-8.139872e-10	8.019513e+00	-4.846831e+01
9.100000e-07	1.337359e-06	6.006270e-10	9.091896e+00	4.586089e+01
9.200000e-07	1.494627e-06	2.229162e-09	1.016107e+01	1.482289e+02
9.300000e-07	1.651387e-06	3.946644e-09	1.122679e+01	2.533102e+02
9.400000e-07	1.807611e-06	5.566539e-09	1.228886e+01	3.550610e+02
9.500000e-07	1.963197e-06	6.955556e-09	1.334659e+01	4.479578e+02
9.600000e-07	2.117977e-06	8.083710e-09	1.439885e+01	5.280981e+02
9.700000e-07	2.271900e-06	8.994362e-09	1.544528e+01	5.938572e+02
9.800000e-07	2.425018e-06	9.747196e-09	1.648624e+01	6.459389e+02
9.900000e-07	2.577307e-06	1.038572e-08	1.752156e+01	6.868449e+02
1.000000e-06	2.728706e-06	1.093587e-08	1.855083e+01	7.199635e+02
1.010000e-06	2.879108e-06	1.141317e-08	1.957332e+01	7.485798e+02
1.020000e-06	3.028441e-06	1.183621e-08	2.058855e+01	7.751031e+02
1.030000e-06	3.176700e-06	1.221950e-08	2.159647e+01	8.007107e+02
1.040000e-06	3.323810e-06	1.256773e-08	2.259659e+01	8.254478e+02
1.050000e-06	3.469722e-06	1.288455e-08	2.358855e+01	8.486708e+02
1.060000e-06	3.614433e-06	1.317656e-08	2.457236e+01	8.696217e+02
1.070000e-06	3.757822e-06	1.344863e-08	2.554717e+01	8.879054e+02
1.080000e-06	3.899779e-06	1.370303e-08	2.651225e+01	9.037122e+02
1.090000e-06	4.040220e-06	1.394137e-08	2.746702e+01	9.177424e+02
1.100000e-06	4.179050e-06	1.416584e-08	2.841085e+01	9.309124e+02
1.110000e-06	4.316348e-06	1.437652e-08	2.934425e+01	9.439920e+02
1.120000e-06	4.452127e-06	1.457655e-08	3.026733e+01	9.573348e+02
1.130000e-06	4.586306e-06	1.476481e-08	3.117953e+01	9.708055e+02
1.140000e-06	4.718786e-06	1.494086e-08	3.208019e+01	9.839158e+02
1.150000e-06	4.849523e-06	1.511081e-08	3.296899e+01	9.960940e+02
1.160000e-06	4.978594e-06	1.527384e-08	3.384647e+01	1.006963e+03
1.170000e-06	5.105931e-06	1.543095e-08	3.471215e+01	1.016510e+03
1.180000e-06	5.231454e-06	1.557918e-08	3.556550e+01	1.025081e+03
1.190000e-06	5.355097e-06	1.571987e-08	3.640608e+01	1.033224e+03
1.200000e-06	5.476841e-06	1.585529e-08	3.723375e+01	1.041445e+03
1.210000e-06	5.596647e-06	1.598542e-08	3.804823e+01	1.050000e+03
1.220000e-06	5.714337e-06	1.611169e-08	3.884834e+01	1.058808e+03
1.230000e-06	5.829844e-06	1.623309e-08	3.963360e+01	1.067506e+03
1.240000e-06	5.943111e-06	1.635016e-08	4.040364e+01	1.075632e+03
1.250000e-06	6.054205e-06	1.645942e-08	4.115890e+01	1.082835e+03
1.260000e-06	6.163188e-06	1.655999e-08	4.189980e+01	1.089033e+03
1.270000e-06	6.269988e-06	1.665224e-08	4.262587e+01	1.094447e+03
1.280000e-06	6.374492e-06	1.674047e-08	4.333634e+01	1.099502e+03
1.290000e-06	6.476696e-06	1.682755e-08	4.403116e+01	1.104641e+03
1.300000e-06	6.576579e-06	1.690984e-08	4.471021e+01	1.110147e+03
1.310000e-06	6.674022e-06	1.698936e-08	4.537266e+01	1.116028e+03
1.320000e-06	6.769074e-06	1.707048e-08	4.601886e+01	1.122029e+03
1.330000e-06	6.861779e-06	1.715218e-08	4.664911e+01	1.127760e+03
1.340000e-06	6.952097e-06	1.722800e-08	4.726313e+01	1.132866e+03
1.350000e-06	7.039947e-06	1.729394e-08	4.786036e+01	1.137185e+03
1.360000e-06	7.125348e-06	1.735430e-08	4.844096e+01	1.140812e+03
1.370000e-06	7.208272e-06	1.741284e-08	4.900471e+01	1.144052e+03
1.380000e-06	7.288572e-06	1.747048e-08	4.955061e+01	1.147281e+03
1.390000e-06	7.366187e-06	1.752938e-08	5.007827e+01	1.150788e+03
1.400000e-06	7.441041e-06	1.758719e-08	5.058716e+01	1.154651e+03
1.410000e-06	7.513133e-06	1.764396e-08	5.107727e+01	1.158714e+03
1.420000e-06	7.582621e-06	1.770026e-08	5.154968e+01	1.162662e+03
1.430000e-06	7.649440e-06	1.775353e-08	5.200394e+01	1.166164e+03
1.440000e-06	7.713488e-06	1.779788e-08	5.243937e+01	1.169021e+03
1.450000e-06	7.774905e-06	1.783540e-08	5.285690e+01	1.171245e+03
1.460000e-06	7.833601e-06	1.787318e-08	5.325594e+01	1.173051e+03
1.470000e-06	7.889455e-06	1.791203e-08	5.363565e+01	1.174758e+03
1.480000e-06	7.942283e-06	1.794794e-08	5.399480e+01	1.176651e+03
1.490000e-06	7.991870e-06	1.797941e-08	5.433192e+01	1.178855e+03
1.500000e-06	8.038526e-06	1.801298e-08	5.464910e+01	1.181286e+03
1.510000e-06	8.082466e-06	1.804812e-08	5.494782e+01	1.183694e+03
1.520000e-06	8.123466e-06	1.807547e-08	5.522656e+01	1.185776e+03
1.530000e-06	8.161559e-06	1.809484e-08	5.548553e+01	1.187308e+03
1.540000e-06	8.196875e-06	1.811471e-08	5.572562e+01	1.188245e+03
1.550000e-06	8.229314e-06	1.813711e-08	5.594615e+01	1.188733e+03
1.560000e-06	8.258909e-06	1.815427e-08	5.614736e+01	1.189049e+03
1.570000e-06	8.285506e-06	1.816256e-08	5.632817e+01	1.189475e+03
1.580000e-06	8.309058e-06	1.817030e-08	5.648829e+01	1.190182e+03
1.590000e-06	8.329850e-06	1.818409e-08	5.662964e+01	1.191155e+03
1.600000e-06	8.347770e-06	1.819933e-08	5.675146e+01	1.192211e+03
1.610000e-06	8.362550e-06	1.820747e-08	5.685195e+01	1.193080e+03
1.620000e-06	8.374069e-06	1.820944e-08	5.693026e+01	1.193527e+03
1.630000e-06	8.382425e-06	1.821152e-08	5.698706e+01	1.193456e+03
1.640000e-06	8.387904e-06	1.821550e-08	5.702431e+01	1.192948e+03
1.650000e-06	8.390432e-06	1.821666e-08	5.704150e+01	1.192227e+03
1.660000e-06	8.389993e-06	1.820917e-08	5.703851e+01	1.191553e+03
1.670000e-06	8.386836e-06	1.819456e-08	5.701705e+01	1.191117e+03
1.680000e-06	8.380858e-06	1.818892e-08	5.697641e+01	1.190953e+03
1.690000e-06	8.372090e-06	1.818438e-08	5.691680e+01	1.190927e+03
1.700000e-06	8.360470e-06	1.817460e-08	5.683780e+01	1.190800e+03
1.710000e-06	8.345887e-06	1.816636e-08	5.673866e+01	1.190332e+03
1.720000e-06	8.328718e-06	1.816616e-08	5.662194e+01	1.189386e+03
1.730000e-06	8.309122e-06	1.815676e-08	5.648872e+01	1.187986e+03
1.740000e-06	8.286694e-06	1.805539e-08	5.633625e+01	1.186305e+03
1.750000e-06	8.260670e-06	1.802332e-08	5.615933e+01	1.184592e+03
1.760000e-06	8.230676e-06	1.803157e-08	5.595541e+01	1.183063e+03
1.770000e-06	8.197352e-06	1.800715e-08	5.572886e+01	1.181814e+03
1.780000e-06	8.161466e-06	1.801339e-08	5.548489e+01	1.180788e+03
1.790000e-06	8.123166e-06	1.808779e-08	5.522452e+01	1.179808e+03
1.800000e-06	8.082853e-06	1.802827e-08	5.495045e+01	1.178659e+03
1.810000e-06	8.040447e-06	1.793626e-08	5.466216e+01	1.177180e+03
1.820000e-06	7.995096e-06	1.799397e-08	5.435385e+01	1.175327e+03
1.830000e-06	7.946882e-06	1.786471e-08	5.402607e+01	1.173177e+03
1.840000e-06	7.895622e-06	1.789777e-08	5.367758e+01	1.170878e+03
1.850000e-06	7.840970e-06	1.788700e-08	5.330604e+01	1.168563e+03
1.860000e-06	7.783557e-06	1.784616e-08	5.291572e+01	1.166282e+03
1.870000e-06	7.723345e-06	1.790727e-08	5.250637e+01	1.163967e+03
1.880000e-06	7.660352e-06	1.775062e-08	5.207812e+01	1.161466e+03
1.890000e-06	7.594640e-06	1.772781e-08	5.163139e+01	1.158613e+03
1.900000e-06	7.525986e-06	1.761385e-08	5.116465e+01	1.155318e+03
1.910000e-06	7.454467e-06	1.755792e-08	5.067844e+01	1.151613e+03
1.920000e-06	7.379967e-06	1.755870e-08	5.017196e+01	1.147651e+03
1.930000e-06	7.302646e-06	1.748607e-08	4.964630e+01	1.143646e+03
1.940000e-06	7.222685e-06	1.752276e-08	4.910269e+01	1.139774e+03
1.950000e-06	7.140302e-06	1.738734e-08	4.854262e+01	1.136092e+03
1.960000e-06	7.055403e-06	1.733820e-08	4.796544e+01	1.132509e+03
1.970000e-06	6.967774e-06	1.722464e-08	4.736970e+01	1.128813e+03
1.980000e-06	6.877718e-06	1.712990e-08	4.675747e+01	1.124762e+03
1.990000e-06	6.785245e-06	1.710583e-08	4.612880e+01	1.120188e+03
2.000000e-06	6.690353e-06	1.702222e-08	4.548368e+01	1.115074e+03
2.010000e-06	6.593147e-06	1.699583e-08	4.482284e+01	1.109558e+03
2.020000e-06	6.493663e-06	1.687735e-08	4.414651e+01	1.103880e+03
2.030000e-06	6.391697e-06	1.681403e-08	4.345330e+01	1.098272e+03
2.040000e-06	6.287305e-06	1.670049e-08	4.274360e+01	1.092852e+03
2.050000e-06	6.180808e-06	1.661885e-08	4.201959e+01	1.087570e+03
2.060000e-06	6.072149e-06	1.652498e-08	4.128089e+01	1.082219e+03
2.070000e-06	5.961279e-06	1.642384e-08	4.052715e+01	1.076524e+03
2.080000e-06	5.848146e-06	1.634128e-08	3.975803e+01	1.070263e+03
2.090000e-06	5.732717e-06	1.623436e-08	3.897330e+01	1.063361e+03
2.100000e-06	5.614969e-06	1.613676e-08	3.817279e+01	1.055925e+03
2.110000e-06	5.495109e-06	1.600993e-08	3.735794e+01	1.048198e+03
2.120000e-06	5.373327e-06	1.590119e-08	3.653001e+01	1.040451e+03
2.130000e-06	5.249715e-06	1.577467e-08	3.568966e+01	1.032851e+03
2.140000e-06	5.124232e-06	1.566149e-08	3.483657e+01	1.025386e+03
2.150000e-06	4.996842e-06	1.553272e-08	3.397052e+01	1.017859e+03
2.160000e-06	4.867652e-06	1.540872e-08	3.309224e+01	1.009966e+03
2.170000e-06	4.736722e-06	1.527388e-08	3.220212e+01	1.001432e+03
2.180000e-06	4.604116e-06	1.513517e-08	3.130061e+01	9.921280e+02
2.190000e-06	4.469853e-06	1.498790e-08	3.038784e+01	9.821340e+02
2.200000e-06	4.333999e-06	1.483805e-08	2.946425e+01	9.717030e+02
2.210000e-06	4.196550e-06	1.468597e-08	2.852982e+01	9.611456e+02
2.220000e-06	4.057511e-06	1.452900e-08	2.758457e+01	9.506836e+02
2.230000e-06	3.916891e-06	1.436949e-08	2.662858e+01	9.403365e+02
2.240000e-06	3.774783e-06	1.419945e-08	2.566248e+01	9.298965e+02
2.250000e-06	3.631305e-06	1.402273e-08	2.468706e+01	9.190062e+02
2.260000e-06	3.486553e-06	1.383305e-08	2.370298e+01	9.073086e+02
2.270000e-06	3.340512e-06	1.363530e-08	2.271013e+01	8.946057e+02
2.280000e-06	3.193225e-06	1.342995e-08	2.170881e+01	8.809510e+02
2.290000e-06	3.044838e-06	1.322475e-08	2.070002e+01	8.666308e+02
2.300000e-06	2.895393e-06	1.301742e-08	1.968403e+01	8.520364e+02
2.310000e-06	2.744952e-06	1.280843e-08	1.866128e+01	8.374772e+02
2.320000e-06	2.593550e-06	1.258677e-08	1.763199e+01	8.230184e+02
2.330000e-06	2.441223e-06	1.234989e-08	1.659641e+01	8.084187e+02
2.340000e-06	2.288013e-06	1.209508e-08	1.555482e+01	7.932040e+02
2.350000e-06	2.133943e-06	1.182818e-08	1.450739e+01	7.768534e+02
2.360000e-06	1.979066e-06	1.155267e-08	1.345448e+01	7.590196e+02
2.370000e-06	1.823532e-06	1.127210e-08	1.239710e+01	7.396856e+02
2.380000e-06	1.667455e-06	1.098270e-08	1.133602e+01	7.191786e+02
2.390000e-06	1.510795e-06	1.068225e-08	1.027098e+01	6.980202e+02
2.400000e-06	1.353565e-06	1.036528e-08	9.202071e+00	6.766682e+02
2.410000e-06	1.195785e-06	1.002810e-08	8.129424e+00	6.552551e+02
2.420000e-06	1.037489e-06	9.669666e-09	7.053263e+00	6.334461e+02
2.430000e-06	8.788064e-07	9.290213e-09	5.974476e+00	6.104934e+02
2.440000e-06	7.198309e-07	8.890474e-09	4.893697e+00	5.854868e+02
2.450000e-06	5.606117e-07	8.470656e-09	3.811262e+00	5.577074e+02
2.460000e-06	4.011965e-07	8.029498e-09	2.727493e+00	5.269332e+02
2.470000e-06	2.416490e-07	7.560646e-09	1.642826e+00	4.935446e+02
2.480000e-06	8.205356e-08	7.054999e-09	5.578328e-01	4.583429e+02
2.490000e-06	-7.756963e-08	6.507132e-09	-5.273493e-01	4.221075e+02
2.500000e-06	-2.371520e-07	5.917417e-09	-1.612254e+00	3.850348e+02
2.510000e-06	-3.966311e-07	5.280130e-09	-2.696456e+00	3.462756e+02
2.520000e-06	-5.560111e-07	4.583395e-09	-3.779985e+00	3.037859e+02
2.530000e-06	-7.151869e-07	3.812335e-09	-4.862126e+00	2.546189e+02
2.540000e-06	-8.740408e-07	2.945794e-09	-5.942077e+00	1.956362e+02
2.550000e-06	-1.032559e-06	1.942216e-09	-7.019747e+00	1.244634e+02
2.560000e-06	-1.190680e-06	7.499338e-10	-8.094717e+00	4.040301e+01
2.570000e-06	-1.348272e-06	-6.747418e-10	-9.166090e+00	-5.499701e+01
2.580000e-06	-1.505294e-06	-2.312460e-09	-1.023359e+01	-1.579339e+02
2.590000e-06	-1.661783e-06	-4.037343e-09	-1.129746e+01	-2.629496e+02
2.600000e-06	-1.817767e-06	-5.662150e-09	-1.235790e+01	-3.639964e+02
2.610000e-06	-1.973132e-06	-7.050057e-09	-1.341414e+01	-4.556773e+02
2.620000e-06	-2.127714e-06	-8.176350e-09	-1.446505e+01	-5.343124e+02
2.630000e-06	-2.281461e-06	-9.086669e-09	-1.551028e+01	-5.985354e+02
2.640000e-06	-2.434354e-06	-9.839957e-09	-1.654971e+01	-6.492769e+02
2.650000e-06	-2.586382e-06	-1.047833e-08	-1.758325e+01	-6.891812e+02
2.660000e-06	-2.737504e-06	-1.102866e-08	-1.861064e+01	-7.216715e+02
2.670000e-06	-2.887599e-06	-1.151047e-08	-1.963105e+01	-7.499696e+02
2.680000e-06	-3.036576e-06	-1.194076e-08	-2.064385e+01	-7.763618e+02
2.690000e-06	-3.184538e-06	-1.233147e-08	-2.164976e+01	-8.018916e+02
2.700000e-06	-3.331434e-06	-1.268409e-08	-2.264842e+01	-8.265049e+02
2.710000e-06	-3.477110e-06	-1.300033e-08	-2.363878e+01	-8.495185e+02
2.720000e-06	-3.621502e-06	-1.328735e-08	-2.462041e+01	-8.701939e+02
2.730000e-06	-3.764562e-06	-1.355332e-08	-2.559299e+01	-8.881935e+02
2.740000e-06	-3.906205e-06	-1.380494e-08	-2.655594e+01	-9.037705e+02
2.750000e-06	-4.046396e-06	-1.404389e-08	-2.750901e+01	-9.176653e+02
2.760000e-06	-4.185106e-06	-1.427217e-08	-2.845201e+01	-9.307954e+02
2.770000e-06	-4.322196e-06	-1.449031e-08	-2.938401e+01	-9.438960e+02
2.780000e-06	-4.457669e-06	-1.469476e-08	-3.030501e+01	-9.572679e+02
2.790000e-06	-4.591540e-06	-1.488152e-08	-3.121511e+01	-9.707282e+02
2.800000e-06	-4.723780e-06	-1.505395e-08	-3.211414e+01	-9.837656e+02
2.810000e-06	-4.854325e-06	-1.521734e-08	-3.300164e+01	-9.958169e+02
2.820000e-06	-4.983185e-06	-1.537444e-08	-3.387768e+01	-1.006539e+03
2.830000e-06	-5.110283e-06	-1.552901e-08	-3.474174e+01	-1.015960e+03
2.840000e-06	-5.235551e-06	-1.568015e-08	-3.559336e+01	-1.024459e+03
2.850000e-06	-5.359011e-06	-1.582444e-08	-3.643269e+01	-1.032590e+03
2.860000e-06	-5.480606e-06	-1.595662e-08	-3.725934e+01	-1.040840e+03
2.870000e-06	-5.600194e-06	-1.607806e-08	-3.807235e+01	-1.049434e+03
2.880000e-06	-5.717593e-06	-1.619487e-08	-3.887048e+01	-1.058251e+03
2.890000e-06	-5.832663e-06	-1.630824e-08	-3.965277e+01	-1.066911e+03
2.900000e-06	-5.945314e-06	-1.641806e-08	-4.041861e+01	-1.074952e+03
2.910000e-06	-6.055652e-06	-1.652133e-08	-4.116873e+01	-1.082047e+03
2.920000e-06	-6.163841e-06	-1.661848e-08	-4.190425e+01	-1.088147e+03
2.930000e-06	-6.269999e-06	-1.671290e-08	-4.262595e+01	-1.093501e+03
2.940000e-06	-6.373985e-06	-1.680561e-08	-4.333289e+01	-1.098545e+03
2.950000e-06	-6.475606e-06	-1.689403e-08	-4.402375e+01	-1.103716e+03
2.960000e-06	-6.574864e-06	-1.697666e-08	-4.469855e+01	-1.109268e+03
2.970000e-06	-6.671860e-06	-1.705632e-08	-4.535796e+01	-1.115178e+03
2.980000e-06	-6.766577e-06	-1.713490e-08	-4.600188e+01	-1.121171e+03
2.990000e-06	-6.858898e-06	-1.721273e-08	-4.662952e+01	-1.126850e+03
3.000000e-06	-6.948843e-06	-1.728784e-08	-4.724100e+01	-1.131876e+03
3.010000e-06	-7.036408e-06	-1.735678e-08	-4.783630e+01	-1.136113e+03
3.020000e-06	-7.121422e-06	-1.742083e-08	-4.841427e+01	-1.139683e+03
3.030000e-06	-7.203867e-06	-1.748087e-08	-4.897476e+01	-1.142904e+03
3.040000e-06	-7.283828e-06	-1.753491e-08	-4.951836e+01	-1.146153e+03
3.050000e-06	-7.361084e-06	-1.758502e-08	-5.004358e+01	-1.149700e+03
3.060000e-06	-7.435450e-06	-1.763496e-08	-5.054915e+01	-1.153597e+03
3.070000e-06	-7.507012e-06	-1.768604e-08	-5.103566e+01	-1.157664e+03
3.080000e-06	-7.575841e-06	-1.773606e-08	-5.150358e+01	-1.161580e+03
3.090000e-06	-7.642025e-06	-1.778084e-08	-5.195353e+01	-1.165021e+03
3.100000e-06	-7.705551e-06	-1.782189e-08	-5.238541e+01	-1.167806e+03
3.110000e-06	-7.766287e-06	-1.786131e-08	-5.279831e+01	-1.169973e+03
3.120000e-06	-7.824265e-06	-1.789579e-08	-5.319247e+01	-1.171753e+03
3.130000e-06	-7.879426e-06	-1.792273e-08	-5.356748e+01	-1.173470e+03
3.140000e-06	-7.931584e-06	-1.794821e-08	-5.392206e+01	-1.175395e+03
3.150000e-06	-7.980549e-06	-1.797857e-08	-5.425495e+01	-1.177631e+03
3.160000e-06	-8.026419e-06	-1.801100e-08	-5.456680e+01	-1.180074e+03
3.170000e-06	-8.069632e-06	-1.803851e-08	-5.486057e+01	-1.182463e+03
3.180000e-06	-8.110231e-06	-1.805889e-08	-5.513658e+01	-1.184495e+03
3.190000e-06	-8.147897e-06	-1.807622e-08	-5.539265e+01	-1.185963e+03
3.200000e-06	-8.182725e-06	-1.809179e-08	-5.562943e+01	-1.186842e+03
3.210000e-06	-8.214826e-06	-1.810450e-08	-5.584766e+01	-1.187298e+03
3.220000e-06	-8.243954e-06	-1.811450e-08	-5.604568e+01	-1.187614e+03
3.230000e-06	-8.270113e-06	-1.812275e-08	-5.622352e+01	-1.188067e+03
3.240000e-06	-8.293386e-06	-1.813133e-08	-5.638174e+01	-1.188807e+03
3.250000e-06	-8.313693e-06	-1.814041e-08	-5.651979e+01	-1.189801e+03
3.260000e-06	-8.331107e-06	-1.814772e-08	-5.663818e+01	-1.190851e+03
3.270000e-06	-8.345467e-06	-1.815215e-08	-5.673581e+01	-1.191685e+03
3.280000e-06	-8.356589e-06	-1.815282e-08	-5.681142e+01	-1.192079e+03
3.290000e-06	-8.364706e-06	-1.815031e-08	-5.686660e+01	-1.191955e+03
3.300000e-06	-8.369822e-06	-1.814636e-08	-5.690139e+01	-1.191414e+03
3.310000e-06	-8.371977e-06	-1.814096e-08	-5.691603e+01	-1.190686e+03
