# Temperatura_=_26.07
# Concentracion g/m^3_=_13400.0
# C_Vs_to_Am_M_A/Vsm_=_65563218390.804596
# pendiente_HvsI_1/m_=_3716.3
# ordenada_HvsI_A/m_=_1297.0
# frecuencia_Hz_=_301430.629940846

Tiempo_(s)	Campo_(V.s)	Magnetizacion_(V.s)	Campo_(kA/m)	Magnetizacion_(A/m)
0.000000e+00	-8.318521e-06	-1.829623e-08	-5.691877e+01	-1.199403e+03
1.000000e-08	-8.315320e-06	-1.829639e-08	-5.689686e+01	-1.198882e+03
2.000000e-08	-8.309395e-06	-1.829331e-08	-5.685632e+01	-1.198563e+03
3.000000e-08	-8.300819e-06	-1.828991e-08	-5.679764e+01	-1.198408e+03
4.000000e-08	-8.289329e-06	-1.827927e-08	-5.671903e+01	-1.198258e+03
5.000000e-08	-8.274810e-06	-1.826270e-08	-5.661968e+01	-1.197903e+03
6.000000e-08	-8.257354e-06	-1.824106e-08	-5.650024e+01	-1.197173e+03
7.000000e-08	-8.237356e-06	-1.820590e-08	-5.636341e+01	-1.196014e+03
8.000000e-08	-8.214857e-06	-1.822958e-08	-5.620946e+01	-1.194513e+03
9.000000e-08	-8.189204e-06	-1.828835e-08	-5.603393e+01	-1.192861e+03
1.000000e-07	-8.160119e-06	-1.823543e-08	-5.583492e+01	-1.191272e+03
1.100000e-07	-8.127928e-06	-1.817900e-08	-5.561465e+01	-1.189894e+03
1.200000e-07	-8.092828e-06	-1.816487e-08	-5.537449e+01	-1.188752e+03
1.300000e-07	-8.055064e-06	-1.812426e-08	-5.511609e+01	-1.187742e+03
1.400000e-07	-8.015018e-06	-1.800986e-08	-5.484208e+01	-1.186681e+03
1.500000e-07	-7.972556e-06	-1.800844e-08	-5.455154e+01	-1.185386e+03
1.600000e-07	-7.927253e-06	-1.810828e-08	-5.424155e+01	-1.183751e+03
1.700000e-07	-7.879063e-06	-1.794891e-08	-5.391181e+01	-1.181781e+03
1.800000e-07	-7.827955e-06	-1.802468e-08	-5.356212e+01	-1.179580e+03
1.900000e-07	-7.773777e-06	-1.801632e-08	-5.319140e+01	-1.177282e+03
2.000000e-07	-7.716741e-06	-1.786904e-08	-5.280114e+01	-1.174987e+03
2.100000e-07	-7.656911e-06	-1.786370e-08	-5.239176e+01	-1.172702e+03
2.200000e-07	-7.594356e-06	-1.775595e-08	-5.196373e+01	-1.170335e+03
2.300000e-07	-7.529148e-06	-1.778765e-08	-5.151755e+01	-1.167740e+03
2.400000e-07	-7.461089e-06	-1.771942e-08	-5.105186e+01	-1.164786e+03
2.500000e-07	-7.390263e-06	-1.768524e-08	-5.056725e+01	-1.161423e+03
2.600000e-07	-7.316647e-06	-1.765656e-08	-5.006353e+01	-1.157717e+03
2.700000e-07	-7.240170e-06	-1.758309e-08	-4.954025e+01	-1.153825e+03
2.800000e-07	-7.160886e-06	-1.753214e-08	-4.899775e+01	-1.149926e+03
2.900000e-07	-7.078833e-06	-1.742845e-08	-4.843631e+01	-1.146145e+03
3.000000e-07	-6.994332e-06	-1.741206e-08	-4.785812e+01	-1.142485e+03
3.100000e-07	-6.907557e-06	-1.733771e-08	-4.726437e+01	-1.138826e+03
3.200000e-07	-6.818344e-06	-1.727799e-08	-4.665394e+01	-1.134969e+03
3.300000e-07	-6.726633e-06	-1.722554e-08	-4.602641e+01	-1.130718e+03
3.400000e-07	-6.632589e-06	-1.713104e-08	-4.538292e+01	-1.125969e+03
3.500000e-07	-6.536207e-06	-1.707807e-08	-4.472344e+01	-1.120755e+03
3.600000e-07	-6.437409e-06	-1.700689e-08	-4.404742e+01	-1.115233e+03
3.700000e-07	-6.336257e-06	-1.692974e-08	-4.335530e+01	-1.109616e+03
3.800000e-07	-6.232819e-06	-1.682175e-08	-4.264753e+01	-1.104076e+03
3.900000e-07	-6.127139e-06	-1.673599e-08	-4.192443e+01	-1.098665e+03
4.000000e-07	-6.019254e-06	-1.664978e-08	-4.118623e+01	-1.093285e+03
4.100000e-07	-5.909241e-06	-1.655495e-08	-4.043348e+01	-1.087728e+03
4.200000e-07	-5.797021e-06	-1.646867e-08	-3.966562e+01	-1.081765e+03
4.300000e-07	-5.682527e-06	-1.637624e-08	-3.888221e+01	-1.075244e+03
4.400000e-07	-5.565802e-06	-1.629076e-08	-3.808352e+01	-1.068159e+03
4.500000e-07	-5.446965e-06	-1.618699e-08	-3.727039e+01	-1.060652e+03
4.600000e-07	-5.326150e-06	-1.606589e-08	-3.644373e+01	-1.052953e+03
4.700000e-07	-5.203445e-06	-1.593380e-08	-3.560413e+01	-1.045269e+03
4.800000e-07	-5.078884e-06	-1.580873e-08	-3.475183e+01	-1.037689e+03
4.900000e-07	-4.952498e-06	-1.569141e-08	-3.388705e+01	-1.030131e+03
5.000000e-07	-4.824379e-06	-1.557115e-08	-3.301040e+01	-1.022372e+03
5.100000e-07	-4.694491e-06	-1.544321e-08	-3.212165e+01	-1.014136e+03
5.200000e-07	-4.562875e-06	-1.531246e-08	-3.122109e+01	-1.005213e+03
5.300000e-07	-4.429623e-06	-1.517623e-08	-3.030932e+01	-9.955519e+02
5.400000e-07	-4.294769e-06	-1.502781e-08	-2.938659e+01	-9.852857e+02
5.500000e-07	-4.158286e-06	-1.486271e-08	-2.845272e+01	-9.746700e+02
5.600000e-07	-4.020266e-06	-1.469752e-08	-2.750833e+01	-9.639677e+02
5.700000e-07	-3.880771e-06	-1.453496e-08	-2.655384e+01	-9.533216e+02
5.800000e-07	-3.739693e-06	-1.436712e-08	-2.558853e+01	-9.426777e+02
5.900000e-07	-3.597063e-06	-1.418458e-08	-2.461260e+01	-9.317930e+02
6.000000e-07	-3.453040e-06	-1.399707e-08	-2.362713e+01	-9.203305e+02
6.100000e-07	-3.307769e-06	-1.381552e-08	-2.263313e+01	-9.080013e+02
6.200000e-07	-3.161257e-06	-1.363217e-08	-2.163063e+01	-8.946918e+02
6.300000e-07	-3.013570e-06	-1.343100e-08	-2.062010e+01	-8.805170e+02
6.400000e-07	-2.864941e-06	-1.320569e-08	-1.960311e+01	-8.657713e+02
6.500000e-07	-2.715442e-06	-1.297617e-08	-1.858018e+01	-8.507923e+02
6.600000e-07	-2.564975e-06	-1.274200e-08	-1.755063e+01	-8.357951e+02
6.700000e-07	-2.413562e-06	-1.250013e-08	-1.651459e+01	-8.207508e+02
6.800000e-07	-2.261303e-06	-1.224751e-08	-1.547278e+01	-8.053665e+02
6.900000e-07	-2.108270e-06	-1.199353e-08	-1.442566e+01	-7.891847e+02
7.000000e-07	-1.954501e-06	-1.173481e-08	-1.337351e+01	-7.717639e+02
7.100000e-07	-1.799959e-06	-1.145949e-08	-1.231606e+01	-7.528639e+02
7.200000e-07	-1.644724e-06	-1.116141e-08	-1.125389e+01	-7.325512e+02
7.300000e-07	-1.488943e-06	-1.084327e-08	-1.018796e+01	-7.111676e+02
7.400000e-07	-1.332650e-06	-1.051520e-08	-9.118541e+00	-6.891654e+02
7.500000e-07	-1.175878e-06	-1.017292e-08	-8.045848e+00	-6.668701e+02
7.600000e-07	-1.018657e-06	-9.815002e-09	-6.970073e+00	-6.442748e+02
7.700000e-07	-8.610432e-07	-9.438279e-09	-5.891615e+00	-6.209622e+02
7.800000e-07	-7.030675e-07	-9.044517e-09	-4.810679e+00	-5.962061e+02
7.900000e-07	-5.447436e-07	-8.627869e-09	-3.727361e+00	-5.692269e+02
8.000000e-07	-3.862512e-07	-8.182378e-09	-2.642891e+00	-5.395007e+02
8.100000e-07	-2.276516e-07	-7.703848e-09	-1.557687e+00	-5.069862e+02
8.200000e-07	-6.894109e-08	-7.196718e-09	-4.717235e-01	-4.721463e+02
8.300000e-07	8.977901e-08	-6.663388e-09	6.143052e-01	-4.357178e+02
8.400000e-07	2.484343e-07	-6.093369e-09	1.699891e+00	-3.982782e+02
8.500000e-07	4.069674e-07	-5.478244e-09	2.784640e+00	-3.597615e+02
8.600000e-07	5.653643e-07	-4.809698e-09	3.868457e+00	-3.191150e+02
8.700000e-07	7.235625e-07	-4.085826e-09	4.950915e+00	-2.742715e+02
8.800000e-07	8.814826e-07	-3.289135e-09	6.031469e+00	-2.225128e+02
8.900000e-07	1.039038e-06	-2.390156e-09	7.109527e+00	-1.611699e+02
9.000000e-07	1.196189e-06	-1.344547e-09	8.184820e+00	-8.847387e+01
9.100000e-07	1.352894e-06	-1.088253e-10	9.257062e+00	-4.298355e+00
9.200000e-07	1.509059e-06	1.328999e-09	1.032561e+01	8.945618e+01
9.300000e-07	1.664674e-06	2.918432e-09	1.139039e+01	1.889897e+02
9.400000e-07	1.819732e-06	4.528663e-09	1.245136e+01	2.892406e+02
9.500000e-07	1.974104e-06	6.014045e-09	1.350764e+01	3.848740e+02
9.600000e-07	2.127702e-06	7.286415e-09	1.455862e+01	4.713483e+02
9.700000e-07	2.280549e-06	8.340871e-09	1.560447e+01	5.457639e+02
9.800000e-07	2.432606e-06	9.214257e-09	1.664490e+01	6.072668e+02
9.900000e-07	2.583796e-06	9.949643e-09	1.767941e+01	6.569219e+02
1.000000e-06	2.734090e-06	1.058106e-08	1.870778e+01	6.971341e+02
1.010000e-06	2.883391e-06	1.112927e-08	1.972936e+01	7.308252e+02
1.020000e-06	3.031660e-06	1.161141e-08	2.074388e+01	7.606296e+02
1.030000e-06	3.178882e-06	1.204246e-08	2.175123e+01	7.883387e+02
1.040000e-06	3.324912e-06	1.243430e-08	2.275043e+01	8.147196e+02
1.050000e-06	3.469740e-06	1.278945e-08	2.374140e+01	8.396957e+02
1.060000e-06	3.613293e-06	1.311414e-08	2.472365e+01	8.627606e+02
1.070000e-06	3.755496e-06	1.341168e-08	2.569666e+01	8.834391e+02
1.080000e-06	3.896260e-06	1.368522e-08	2.665983e+01	9.016172e+02
1.090000e-06	4.035463e-06	1.394054e-08	2.761231e+01	9.176443e+02
1.100000e-06	4.173179e-06	1.418205e-08	2.855462e+01	9.322048e+02
1.110000e-06	4.309384e-06	1.441140e-08	2.948659e+01	9.460506e+02
1.120000e-06	4.443993e-06	1.462642e-08	3.040764e+01	9.597250e+02
1.130000e-06	4.577000e-06	1.482680e-08	3.131773e+01	9.733970e+02
1.140000e-06	4.708406e-06	1.501720e-08	3.221687e+01	9.868655e+02
1.150000e-06	4.838136e-06	1.519994e-08	3.310453e+01	9.997151e+02
1.160000e-06	4.966070e-06	1.536873e-08	3.397991e+01	1.011545e+03
1.170000e-06	5.092301e-06	1.552696e-08	3.484364e+01	1.022167e+03
1.180000e-06	5.216824e-06	1.568075e-08	3.569568e+01	1.031693e+03
1.190000e-06	5.339458e-06	1.583200e-08	3.653478e+01	1.040477e+03
1.200000e-06	5.460176e-06	1.597554e-08	3.736079e+01	1.048964e+03
1.210000e-06	5.578836e-06	1.611040e-08	3.817271e+01	1.057493e+03
1.220000e-06	5.695274e-06	1.624116e-08	3.896942e+01	1.066170e+03
1.230000e-06	5.809501e-06	1.636922e-08	3.975102e+01	1.074838e+03
1.240000e-06	5.921568e-06	1.649073e-08	4.051782e+01	1.083170e+03
1.250000e-06	6.031638e-06	1.659809e-08	4.127097e+01	1.090832e+03
1.260000e-06	6.139635e-06	1.669609e-08	4.200993e+01	1.097632e+03
1.270000e-06	6.245360e-06	1.679245e-08	4.273334e+01	1.103617e+03
1.280000e-06	6.348887e-06	1.688902e-08	4.344172e+01	1.109042e+03
1.290000e-06	6.450207e-06	1.697984e-08	4.413499e+01	1.114271e+03
1.300000e-06	6.549129e-06	1.706283e-08	4.481186e+01	1.119614e+03
1.310000e-06	6.645554e-06	1.714421e-08	4.547164e+01	1.125206e+03
1.320000e-06	6.739683e-06	1.722584e-08	4.611571e+01	1.130962e+03
1.330000e-06	6.831502e-06	1.730359e-08	4.674397e+01	1.136625e+03
1.340000e-06	6.920841e-06	1.737378e-08	4.735527e+01	1.141891e+03
1.350000e-06	7.007731e-06	1.743952e-08	4.794980e+01	1.146543e+03
1.360000e-06	7.092277e-06	1.750399e-08	4.852830e+01	1.150549e+03
1.370000e-06	7.174382e-06	1.756644e-08	4.909010e+01	1.154069e+03
1.380000e-06	7.253868e-06	1.762512e-08	4.963397e+01	1.157383e+03
1.390000e-06	7.330649e-06	1.768150e-08	5.015934e+01	1.160765e+03
1.400000e-06	7.404637e-06	1.773835e-08	5.066560e+01	1.164366e+03
1.410000e-06	7.475906e-06	1.779443e-08	5.115325e+01	1.168152e+03
1.420000e-06	7.544551e-06	1.784592e-08	5.162295e+01	1.171925e+03
1.430000e-06	7.610433e-06	1.789200e-08	5.207374e+01	1.175417e+03
1.440000e-06	7.673640e-06	1.793459e-08	5.250623e+01	1.178407e+03
1.450000e-06	7.734325e-06	1.797497e-08	5.292146e+01	1.180823e+03
1.460000e-06	7.792259e-06	1.801115e-08	5.331786e+01	1.182768e+03
1.470000e-06	7.847369e-06	1.804401e-08	5.369495e+01	1.184475e+03
1.480000e-06	7.899356e-06	1.807793e-08	5.405067e+01	1.186205e+03
1.490000e-06	7.948133e-06	1.811421e-08	5.438442e+01	1.188133e+03
1.500000e-06	7.994099e-06	1.814999e-08	5.469894e+01	1.190276e+03
1.510000e-06	8.037199e-06	1.817790e-08	5.499385e+01	1.192488e+03
1.520000e-06	8.077328e-06	1.819695e-08	5.526842e+01	1.194529e+03
1.530000e-06	8.114710e-06	1.821535e-08	5.552421e+01	1.196172e+03
1.540000e-06	8.149293e-06	1.823665e-08	5.576084e+01	1.197302e+03
1.550000e-06	8.180963e-06	1.825585e-08	5.597754e+01	1.197965e+03
1.560000e-06	8.209888e-06	1.827124e-08	5.617546e+01	1.198348e+03
1.570000e-06	8.235853e-06	1.828536e-08	5.635312e+01	1.198694e+03
1.580000e-06	8.258866e-06	1.829801e-08	5.651059e+01	1.199201e+03
1.590000e-06	8.279122e-06	1.830834e-08	5.664918e+01	1.199939e+03
1.600000e-06	8.296432e-06	1.831495e-08	5.676763e+01	1.200823e+03
1.610000e-06	8.310668e-06	1.831909e-08	5.686504e+01	1.201657e+03
1.620000e-06	8.321679e-06	1.832256e-08	5.694038e+01	1.202222e+03
1.630000e-06	8.329523e-06	1.832489e-08	5.699405e+01	1.202378e+03
1.640000e-06	8.334456e-06	1.832764e-08	5.702780e+01	1.202119e+03
1.650000e-06	8.336458e-06	1.833095e-08	5.704150e+01	1.201576e+03
1.660000e-06	8.335632e-06	1.832829e-08	5.703585e+01	1.200958e+03
1.670000e-06	8.332135e-06	1.831732e-08	5.701192e+01	1.200456e+03
1.680000e-06	8.325824e-06	1.831162e-08	5.696874e+01	1.200157e+03
1.690000e-06	8.316756e-06	1.830434e-08	5.690669e+01	1.200012e+03
1.700000e-06	8.304793e-06	1.829150e-08	5.682484e+01	1.199849e+03
1.710000e-06	8.289920e-06	1.828451e-08	5.672307e+01	1.199460e+03
1.720000e-06	8.272583e-06	1.829461e-08	5.660444e+01	1.198683e+03
1.730000e-06	8.252775e-06	1.828674e-08	5.646891e+01	1.197480e+03
1.740000e-06	8.230002e-06	1.816453e-08	5.631309e+01	1.195952e+03
1.750000e-06	8.203532e-06	1.815352e-08	5.613197e+01	1.194296e+03
1.760000e-06	8.173144e-06	1.817223e-08	5.592404e+01	1.192723e+03
1.770000e-06	8.139632e-06	1.813389e-08	5.569474e+01	1.191371e+03
1.780000e-06	8.103650e-06	1.813580e-08	5.544854e+01	1.190249e+03
1.790000e-06	8.065286e-06	1.824252e-08	5.518603e+01	1.189242e+03
1.800000e-06	8.024954e-06	1.811437e-08	5.491006e+01	1.188163e+03
1.810000e-06	7.982456e-06	1.805477e-08	5.461927e+01	1.186834e+03
1.820000e-06	7.936946e-06	1.815808e-08	5.430788e+01	1.185160e+03
1.830000e-06	7.888616e-06	1.795389e-08	5.397718e+01	1.183159e+03
1.840000e-06	7.837163e-06	1.805755e-08	5.362512e+01	1.180940e+03
1.850000e-06	7.782417e-06	1.798908e-08	5.325052e+01	1.178638e+03
1.860000e-06	7.725030e-06	1.797026e-08	5.285786e+01	1.176345e+03
1.870000e-06	7.664820e-06	1.803576e-08	5.244588e+01	1.174056e+03
1.880000e-06	7.601850e-06	1.784514e-08	5.201501e+01	1.171672e+03
1.890000e-06	7.536069e-06	1.789708e-08	5.156491e+01	1.169043e+03
1.900000e-06	7.467436e-06	1.774798e-08	5.109529e+01	1.166044e+03
1.910000e-06	7.396001e-06	1.773064e-08	5.060650e+01	1.162638e+03
1.920000e-06	7.321593e-06	1.770907e-08	5.009737e+01	1.158903e+03
1.930000e-06	7.244466e-06	1.763130e-08	4.956964e+01	1.155001e+03
1.940000e-06	7.164719e-06	1.766576e-08	4.902398e+01	1.151110e+03
1.950000e-06	7.082460e-06	1.750128e-08	4.846113e+01	1.147343e+03
1.960000e-06	6.997595e-06	1.751255e-08	4.788045e+01	1.143690e+03
1.970000e-06	6.910113e-06	1.737704e-08	4.728186e+01	1.140019e+03
1.980000e-06	6.820265e-06	1.731726e-08	4.666708e+01	1.136127e+03
1.990000e-06	6.727998e-06	1.728865e-08	4.603575e+01	1.131825e+03
2.000000e-06	6.633373e-06	1.719205e-08	4.538829e+01	1.127021e+03
2.010000e-06	6.536410e-06	1.715698e-08	4.472483e+01	1.121764e+03
2.020000e-06	6.437132e-06	1.702032e-08	4.404553e+01	1.116221e+03
2.030000e-06	6.335473e-06	1.698230e-08	4.334994e+01	1.110605e+03
2.040000e-06	6.231470e-06	1.686859e-08	4.263830e+01	1.105078e+03
2.050000e-06	6.125255e-06	1.681036e-08	4.191153e+01	1.099676e+03
2.060000e-06	6.016939e-06	1.671417e-08	4.117039e+01	1.094287e+03
2.070000e-06	5.906544e-06	1.661772e-08	4.041503e+01	1.088697e+03
2.080000e-06	5.793870e-06	1.652170e-08	3.964406e+01	1.082678e+03
2.090000e-06	5.678912e-06	1.640352e-08	3.885747e+01	1.076093e+03
2.100000e-06	5.561700e-06	1.630794e-08	3.805546e+01	1.068953e+03
2.110000e-06	5.442378e-06	1.619356e-08	3.723901e+01	1.061414e+03
2.120000e-06	5.321057e-06	1.609774e-08	3.640888e+01	1.053707e+03
2.130000e-06	5.197835e-06	1.597934e-08	3.556574e+01	1.046032e+03
2.140000e-06	5.072811e-06	1.586935e-08	3.471028e+01	1.038460e+03
2.150000e-06	4.945961e-06	1.573614e-08	3.384232e+01	1.030892e+03
2.160000e-06	4.817273e-06	1.561426e-08	3.296178e+01	1.023094e+03
2.170000e-06	4.686816e-06	1.547555e-08	3.206914e+01	1.014791e+03
2.180000e-06	4.554725e-06	1.534186e-08	3.116532e+01	1.005787e+03
2.190000e-06	4.421096e-06	1.519077e-08	3.025097e+01	9.960516e+02
2.200000e-06	4.285923e-06	1.504451e-08	2.932606e+01	9.857336e+02
2.210000e-06	4.149060e-06	1.488904e-08	2.838959e+01	9.750964e+02
2.220000e-06	4.010629e-06	1.473347e-08	2.744238e+01	9.643954e+02
2.230000e-06	3.870751e-06	1.457822e-08	2.648528e+01	9.537551e+02
2.240000e-06	3.729440e-06	1.441062e-08	2.551838e+01	9.430989e+02
2.250000e-06	3.586777e-06	1.423716e-08	2.454222e+01	9.321679e+02
2.260000e-06	3.442778e-06	1.404704e-08	2.355691e+01	9.206234e+02
2.270000e-06	3.297472e-06	1.385147e-08	2.256267e+01	9.081898e+02
2.280000e-06	3.150974e-06	1.363938e-08	2.156027e+01	8.947773e+02
2.290000e-06	3.003368e-06	1.342797e-08	2.055029e+01	8.805243e+02
2.300000e-06	2.854708e-06	1.321844e-08	1.953310e+01	8.657374e+02
2.310000e-06	2.705073e-06	1.301630e-08	1.850923e+01	8.507489e+02
2.320000e-06	2.554515e-06	1.279971e-08	1.747905e+01	8.357521e+02
2.330000e-06	2.403080e-06	1.256081e-08	1.644287e+01	8.206887e+02
2.340000e-06	2.250752e-06	1.229933e-08	1.540058e+01	8.052413e+02
2.350000e-06	2.097544e-06	1.202795e-08	1.435227e+01	7.889449e+02
2.360000e-06	1.943515e-06	1.174933e-08	1.329834e+01	7.713713e+02
2.370000e-06	1.788849e-06	1.146470e-08	1.224005e+01	7.523103e+02
2.380000e-06	1.633589e-06	1.117367e-08	1.117769e+01	7.318620e+02
2.390000e-06	1.477731e-06	1.087197e-08	1.011125e+01	7.103898e+02
2.400000e-06	1.321384e-06	1.055567e-08	9.041455e+00	6.883442e+02
2.410000e-06	1.164482e-06	1.021478e-08	7.967871e+00	6.660235e+02
2.420000e-06	1.007133e-06	9.849647e-09	6.891221e+00	6.433774e+02
2.430000e-06	8.495133e-07	9.462757e-09	5.812722e+00	6.199475e+02
2.440000e-06	6.915949e-07	9.060617e-09	4.732179e+00	5.949877e+02
2.450000e-06	5.334328e-07	8.640619e-09	3.649968e+00	5.677312e+02
2.460000e-06	3.751142e-07	8.198911e-09	2.566687e+00	5.376978e+02
2.470000e-06	2.166451e-07	7.730198e-09	1.482376e+00	5.049035e+02
2.480000e-06	5.811977e-08	7.227404e-09	3.976796e-01	4.698561e+02
2.490000e-06	-1.004024e-07	6.688047e-09	-6.869948e-01	4.332982e+02
2.500000e-06	-2.589097e-07	6.109452e-09	-1.771568e+00	3.957609e+02
2.510000e-06	-4.173680e-07	5.489778e-09	-2.855805e+00	3.570845e+02
2.520000e-06	-5.756517e-07	4.822751e-09	-3.938848e+00	3.161023e+02
2.530000e-06	-7.336896e-07	4.096992e-09	-5.020208e+00	2.706530e+02
2.540000e-06	-8.914959e-07	3.293818e-09	-6.099985e+00	2.179855e+02
2.550000e-06	-1.048937e-06	2.385230e-09	-7.177264e+00	1.554863e+02
2.560000e-06	-1.205995e-06	1.333873e-09	-8.251917e+00	8.153133e+01
2.570000e-06	-1.362580e-06	9.393181e-11	-9.323340e+00	-3.798766e+00
2.580000e-06	-1.518567e-06	-1.354970e-09	-1.039066e+01	-9.838430e+01
2.590000e-06	-1.674004e-06	-2.958620e-09	-1.145423e+01	-1.982515e+02
2.600000e-06	-1.828885e-06	-4.578059e-09	-1.251399e+01	-2.982583e+02
2.610000e-06	-1.983175e-06	-6.062200e-09	-1.356971e+01	-3.931053e+02
2.620000e-06	-2.136692e-06	-7.330804e-09	-1.462014e+01	-4.783925e+02
2.630000e-06	-2.289327e-06	-8.384637e-09	-1.566453e+01	-5.514296e+02
2.640000e-06	-2.441149e-06	-9.262059e-09	-1.670335e+01	-6.115832e+02
2.650000e-06	-2.592129e-06	-1.000263e-08	-1.773642e+01	-6.600959e+02
2.660000e-06	-2.742144e-06	-1.064024e-08	-1.876288e+01	-6.994694e+02
2.670000e-06	-2.891123e-06	-1.119936e-08	-1.978226e+01	-7.326304e+02
2.680000e-06	-3.039128e-06	-1.169244e-08	-2.079498e+01	-7.621434e+02
2.690000e-06	-3.186089e-06	-1.212767e-08	-2.180054e+01	-7.896918e+02
2.700000e-06	-3.331856e-06	-1.251476e-08	-2.279794e+01	-8.159383e+02
2.710000e-06	-3.476432e-06	-1.286178e-08	-2.378719e+01	-8.407378e+02
2.720000e-06	-3.619769e-06	-1.318000e-08	-2.476796e+01	-8.635663e+02
2.730000e-06	-3.761776e-06	-1.347863e-08	-2.573963e+01	-8.839749e+02
2.740000e-06	-3.902341e-06	-1.375767e-08	-2.670143e+01	-9.018990e+02
2.750000e-06	-4.041392e-06	-1.401752e-08	-2.765288e+01	-9.177334e+02
2.760000e-06	-4.178941e-06	-1.426318e-08	-2.859405e+01	-9.321838e+02
2.770000e-06	-4.314942e-06	-1.449701e-08	-2.952462e+01	-9.459919e+02
2.780000e-06	-4.449297e-06	-1.471392e-08	-3.044394e+01	-9.596659e+02
2.790000e-06	-4.582022e-06	-1.490989e-08	-3.135209e+01	-9.733321e+02
2.800000e-06	-4.713149e-06	-1.509298e-08	-3.224932e+01	-9.867567e+02
2.810000e-06	-4.842663e-06	-1.526985e-08	-3.313551e+01	-9.995147e+02
2.820000e-06	-4.970504e-06	-1.543918e-08	-3.401025e+01	-1.011220e+03
2.830000e-06	-5.096512e-06	-1.560172e-08	-3.487245e+01	-1.021715e+03
2.840000e-06	-5.220744e-06	-1.575897e-08	-3.572250e+01	-1.031142e+03
2.850000e-06	-5.343189e-06	-1.590952e-08	-3.656031e+01	-1.039874e+03
2.860000e-06	-5.463708e-06	-1.604903e-08	-3.738495e+01	-1.048353e+03
2.870000e-06	-5.582146e-06	-1.617797e-08	-3.819536e+01	-1.056899e+03
2.880000e-06	-5.698341e-06	-1.630113e-08	-3.899041e+01	-1.065587e+03
2.890000e-06	-5.812213e-06	-1.641842e-08	-3.976957e+01	-1.074237e+03
2.900000e-06	-5.923749e-06	-1.653064e-08	-4.053275e+01	-1.082514e+03
2.910000e-06	-6.033065e-06	-1.663791e-08	-4.128073e+01	-1.090089e+03
2.920000e-06	-6.140296e-06	-1.673892e-08	-4.201445e+01	-1.096797e+03
2.930000e-06	-6.245545e-06	-1.683590e-08	-4.273461e+01	-1.102706e+03
2.940000e-06	-6.348615e-06	-1.693189e-08	-4.343985e+01	-1.108094e+03
2.950000e-06	-6.449259e-06	-1.702423e-08	-4.412850e+01	-1.113323e+03
2.960000e-06	-6.547518e-06	-1.710908e-08	-4.480084e+01	-1.118691e+03
2.970000e-06	-6.643591e-06	-1.718861e-08	-4.545820e+01	-1.124309e+03
2.980000e-06	-6.737409e-06	-1.726832e-08	-4.610015e+01	-1.130070e+03
2.990000e-06	-6.828778e-06	-1.734889e-08	-4.672533e+01	-1.135706e+03
3.000000e-06	-6.917808e-06	-1.742551e-08	-4.733451e+01	-1.140915e+03
3.010000e-06	-7.004441e-06	-1.749491e-08	-4.792729e+01	-1.145496e+03
3.020000e-06	-7.088522e-06	-1.755937e-08	-4.850261e+01	-1.149441e+03
3.030000e-06	-7.170127e-06	-1.762098e-08	-4.906098e+01	-1.152925e+03
3.040000e-06	-7.249239e-06	-1.767729e-08	-4.960230e+01	-1.156235e+03
3.050000e-06	-7.325562e-06	-1.773006e-08	-5.012454e+01	-1.159637e+03
3.060000e-06	-7.399058e-06	-1.778309e-08	-5.062742e+01	-1.163264e+03
3.070000e-06	-7.469868e-06	-1.783839e-08	-5.111193e+01	-1.167061e+03
3.080000e-06	-7.537969e-06	-1.788968e-08	-5.157791e+01	-1.170818e+03
3.090000e-06	-7.603392e-06	-1.793274e-08	-5.202556e+01	-1.174265e+03
3.100000e-06	-7.666113e-06	-1.797136e-08	-5.245473e+01	-1.177195e+03
3.110000e-06	-7.726036e-06	-1.800821e-08	-5.286474e+01	-1.179554e+03
3.120000e-06	-7.783190e-06	-1.804327e-08	-5.325582e+01	-1.181461e+03
3.130000e-06	-7.837523e-06	-1.807371e-08	-5.362759e+01	-1.183160e+03
3.140000e-06	-7.888841e-06	-1.810109e-08	-5.397872e+01	-1.184906e+03
3.150000e-06	-7.936891e-06	-1.813023e-08	-5.430750e+01	-1.186860e+03
3.160000e-06	-7.981897e-06	-1.816223e-08	-5.461545e+01	-1.189020e+03
3.170000e-06	-8.024390e-06	-1.819182e-08	-5.490621e+01	-1.191227e+03
3.180000e-06	-8.064319e-06	-1.821275e-08	-5.517942e+01	-1.193236e+03
3.190000e-06	-8.101382e-06	-1.822591e-08	-5.543302e+01	-1.194828e+03
3.200000e-06	-8.135604e-06	-1.823871e-08	-5.566718e+01	-1.195904e+03
3.210000e-06	-8.167027e-06	-1.825650e-08	-5.588219e+01	-1.196527e+03
3.220000e-06	-8.195457e-06	-1.827064e-08	-5.607671e+01	-1.196894e+03
3.230000e-06	-8.221003e-06	-1.827643e-08	-5.625151e+01	-1.197251e+03
3.240000e-06	-8.243756e-06	-1.828207e-08	-5.640720e+01	-1.197784e+03
3.250000e-06	-8.263558e-06	-1.829391e-08	-5.654269e+01	-1.198545e+03
3.260000e-06	-8.280474e-06	-1.830568e-08	-5.665844e+01	-1.199435e+03
3.270000e-06	-8.294346e-06	-1.830878e-08	-5.675336e+01	-1.200250e+03
3.280000e-06	-8.305014e-06	-1.830651e-08	-5.682635e+01	-1.200777e+03
3.290000e-06	-8.312700e-06	-1.830615e-08	-5.687894e+01	-1.200887e+03
3.300000e-06	-8.317417e-06	-1.830783e-08	-5.691122e+01	-1.200590e+03
3.310000e-06	-8.319200e-06	-1.830199e-08	-5.692342e+01	-1.200030e+03
