# Temperatura_=_38.26
# Concentracion g/m^3_=_13400.0
# C_Vs_to_Am_M_A/Vsm_=_65563218390.804596
# pendiente_HvsI_1/m_=_3716.3
# ordenada_HvsI_A/m_=_1297.0
# frecuencia_Hz_=_301443.32598629536

Tiempo_(s)	Campo_(V.s)	Magnetizacion_(V.s)	Campo_(kA/m)	Magnetizacion_(A/m)
0.000000e+00	-8.396987e-06	-1.790214e-08	-5.691643e+01	-1.174121e+03
1.000000e-08	-8.394579e-06	-1.789591e-08	-5.690011e+01	-1.173664e+03
2.000000e-08	-8.389324e-06	-1.789100e-08	-5.686449e+01	-1.173533e+03
3.000000e-08	-8.381452e-06	-1.788738e-08	-5.681114e+01	-1.173629e+03
4.000000e-08	-8.370705e-06	-1.788373e-08	-5.673829e+01	-1.173711e+03
5.000000e-08	-8.356949e-06	-1.787512e-08	-5.664505e+01	-1.173499e+03
6.000000e-08	-8.340211e-06	-1.786382e-08	-5.653160e+01	-1.172797e+03
7.000000e-08	-8.320775e-06	-1.784919e-08	-5.639986e+01	-1.171573e+03
8.000000e-08	-8.298866e-06	-1.783781e-08	-5.625135e+01	-1.169970e+03
9.000000e-08	-8.273960e-06	-1.786274e-08	-5.608253e+01	-1.168248e+03
1.000000e-07	-8.245633e-06	-1.785683e-08	-5.589053e+01	-1.166672e+03
1.100000e-07	-8.214066e-06	-1.780904e-08	-5.567656e+01	-1.165405e+03
1.200000e-07	-8.179470e-06	-1.776645e-08	-5.544206e+01	-1.164448e+03
1.300000e-07	-8.142114e-06	-1.772817e-08	-5.518886e+01	-1.163646e+03
1.400000e-07	-8.102376e-06	-1.768626e-08	-5.491951e+01	-1.162771e+03
1.500000e-07	-8.060214e-06	-1.763157e-08	-5.463372e+01	-1.161614e+03
1.600000e-07	-8.015287e-06	-1.766071e-08	-5.432920e+01	-1.160076e+03
1.700000e-07	-7.967432e-06	-1.764831e-08	-5.400483e+01	-1.158195e+03
1.800000e-07	-7.916638e-06	-1.760557e-08	-5.366054e+01	-1.156114e+03
1.900000e-07	-7.862815e-06	-1.762570e-08	-5.329571e+01	-1.153999e+03
2.000000e-07	-7.806109e-06	-1.753070e-08	-5.291135e+01	-1.151946e+03
2.100000e-07	-7.746629e-06	-1.745385e-08	-5.250818e+01	-1.149933e+03
2.200000e-07	-7.684384e-06	-1.741649e-08	-5.208627e+01	-1.147820e+03
2.300000e-07	-7.619452e-06	-1.739248e-08	-5.164615e+01	-1.145415e+03
2.400000e-07	-7.551645e-06	-1.738319e-08	-5.118654e+01	-1.142567e+03
2.500000e-07	-7.480933e-06	-1.732009e-08	-5.070724e+01	-1.139239e+03
2.600000e-07	-7.407378e-06	-1.729354e-08	-5.020867e+01	-1.135535e+03
2.700000e-07	-7.330915e-06	-1.723906e-08	-4.969039e+01	-1.131662e+03
2.800000e-07	-7.251628e-06	-1.717563e-08	-4.915296e+01	-1.127836e+03
2.900000e-07	-7.169617e-06	-1.708794e-08	-4.859708e+01	-1.124189e+03
3.000000e-07	-7.085134e-06	-1.702237e-08	-4.802444e+01	-1.120705e+03
3.100000e-07	-6.998309e-06	-1.700384e-08	-4.743592e+01	-1.117220e+03
3.200000e-07	-6.909040e-06	-1.694398e-08	-4.683084e+01	-1.113491e+03
3.300000e-07	-6.817254e-06	-1.688099e-08	-4.620870e+01	-1.109302e+03
3.400000e-07	-6.723038e-06	-1.679384e-08	-4.557008e+01	-1.104559e+03
3.500000e-07	-6.626456e-06	-1.672341e-08	-4.491543e+01	-1.099336e+03
3.600000e-07	-6.527410e-06	-1.665733e-08	-4.424408e+01	-1.093839e+03
3.700000e-07	-6.425974e-06	-1.657602e-08	-4.355652e+01	-1.088324e+03
3.800000e-07	-6.322200e-06	-1.649011e-08	-4.285312e+01	-1.082972e+03
3.900000e-07	-6.216104e-06	-1.640757e-08	-4.213398e+01	-1.077812e+03
4.000000e-07	-6.107801e-06	-1.633826e-08	-4.139988e+01	-1.072699e+03
4.100000e-07	-5.997361e-06	-1.624227e-08	-4.065130e+01	-1.067371e+03
4.200000e-07	-5.884663e-06	-1.614030e-08	-3.988741e+01	-1.061561e+03
4.300000e-07	-5.769667e-06	-1.604091e-08	-3.910794e+01	-1.055114e+03
4.400000e-07	-5.652445e-06	-1.595437e-08	-3.831339e+01	-1.048054e+03
4.500000e-07	-5.533137e-06	-1.586251e-08	-3.750469e+01	-1.040573e+03
4.600000e-07	-5.411842e-06	-1.575398e-08	-3.668253e+01	-1.032944e+03
4.700000e-07	-5.288527e-06	-1.563106e-08	-3.584668e+01	-1.025398e+03
4.800000e-07	-5.163291e-06	-1.550928e-08	-3.499780e+01	-1.018015e+03
4.900000e-07	-5.036216e-06	-1.539224e-08	-3.413647e+01	-1.010681e+03
5.000000e-07	-4.907333e-06	-1.526507e-08	-3.326287e+01	-1.003134e+03
5.100000e-07	-4.776727e-06	-1.513240e-08	-3.237760e+01	-9.950709e+02
5.200000e-07	-4.644363e-06	-1.500415e-08	-3.148041e+01	-9.862879e+02
5.300000e-07	-4.510385e-06	-1.488297e-08	-3.057228e+01	-9.767667e+02
5.400000e-07	-4.374761e-06	-1.474423e-08	-2.965300e+01	-9.666855e+02
5.500000e-07	-4.237403e-06	-1.458451e-08	-2.872195e+01	-9.563382e+02
5.600000e-07	-4.098524e-06	-1.441649e-08	-2.778061e+01	-9.459956e+02
5.700000e-07	-3.957960e-06	-1.425899e-08	-2.682783e+01	-9.357734e+02
5.800000e-07	-3.815716e-06	-1.410058e-08	-2.586367e+01	-9.255641e+02
5.900000e-07	-3.672094e-06	-1.392628e-08	-2.489018e+01	-9.150696e+02
6.000000e-07	-3.527179e-06	-1.374276e-08	-2.390792e+01	-9.039226e+02
6.100000e-07	-3.380964e-06	-1.356337e-08	-2.291684e+01	-8.918457e+02
6.200000e-07	-3.233562e-06	-1.338696e-08	-2.191772e+01	-8.787777e+02
6.300000e-07	-3.085021e-06	-1.319132e-08	-2.091088e+01	-8.649047e+02
6.400000e-07	-2.935392e-06	-1.297384e-08	-1.989667e+01	-8.505796e+02
6.500000e-07	-2.784883e-06	-1.275041e-08	-1.887648e+01	-8.361564e+02
6.600000e-07	-2.633346e-06	-1.253065e-08	-1.784934e+01	-8.218135e+02
6.700000e-07	-2.480766e-06	-1.230107e-08	-1.681512e+01	-8.074445e+02
6.800000e-07	-2.327385e-06	-1.205502e-08	-1.577548e+01	-7.926721e+02
6.900000e-07	-2.173185e-06	-1.180288e-08	-1.473028e+01	-7.769874e+02
7.000000e-07	-2.018176e-06	-1.154901e-08	-1.367960e+01	-7.599596e+02
7.100000e-07	-1.862471e-06	-1.128503e-08	-1.262419e+01	-7.414231e+02
7.200000e-07	-1.705987e-06	-1.099875e-08	-1.156351e+01	-7.215550e+02
7.300000e-07	-1.548767e-06	-1.069411e-08	-1.049785e+01	-7.007950e+02
7.400000e-07	-1.391068e-06	-1.037994e-08	-9.428934e+00	-6.796306e+02
7.500000e-07	-1.232995e-06	-1.005363e-08	-8.357480e+00	-6.583346e+02
7.600000e-07	-1.074498e-06	-9.706808e-09	-7.283161e+00	-6.367694e+02
7.700000e-07	-9.155372e-07	-9.337695e-09	-6.205692e+00	-6.143586e+02
7.800000e-07	-7.561883e-07	-8.949632e-09	-5.125593e+00	-5.902567e+02
7.900000e-07	-5.965363e-07	-8.542208e-09	-4.043441e+00	-5.636631e+02
8.000000e-07	-4.365824e-07	-8.110295e-09	-2.959242e+00	-5.341518e+02
8.100000e-07	-2.763908e-07	-7.645939e-09	-1.873432e+00	-5.018626e+02
8.200000e-07	-1.161160e-07	-7.149107e-09	-7.870568e-01	-4.674390e+02
8.300000e-07	4.417372e-08	-6.622818e-09	2.994182e-01	-4.316911e+02
8.400000e-07	2.044279e-07	-6.058723e-09	1.385653e+00	-3.950788e+02
8.500000e-07	3.646053e-07	-5.442344e-09	2.471366e+00	-3.572042e+02
8.600000e-07	5.246114e-07	-4.766762e-09	3.555920e+00	-3.165296e+02
8.700000e-07	6.843840e-07	-4.025582e-09	4.638890e+00	-2.704876e+02
8.800000e-07	8.437969e-07	-3.202286e-09	5.719422e+00	-2.160209e+02
8.900000e-07	1.002860e-06	-2.260413e-09	6.797583e+00	-1.504410e+02
9.000000e-07	1.161583e-06	-1.150356e-09	7.873441e+00	-7.235971e+01
9.100000e-07	1.319836e-06	1.762291e-10	8.946109e+00	1.760035e+01
9.200000e-07	1.477656e-06	1.725202e-09	1.001584e+01	1.165702e+02
9.300000e-07	1.635012e-06	3.405201e-09	1.108243e+01	2.197888e+02
9.400000e-07	1.791780e-06	5.043186e-09	1.214504e+01	3.214806e+02
9.500000e-07	1.947808e-06	6.482206e-09	1.320263e+01	4.160256e+02
9.600000e-07	2.103051e-06	7.669209e-09	1.425490e+01	4.990919e+02
9.700000e-07	2.257524e-06	8.632803e-09	1.530194e+01	5.684163e+02
9.800000e-07	2.411210e-06	9.425839e-09	1.634366e+01	6.240276e+02
9.900000e-07	2.564116e-06	1.009186e-08	1.738009e+01	6.678859e+02
1.000000e-06	2.716152e-06	1.066274e-08	1.841061e+01	7.030867e+02
1.010000e-06	2.867150e-06	1.116141e-08	1.943411e+01	7.329020e+02
1.020000e-06	3.017062e-06	1.160209e-08	2.045024e+01	7.599536e+02
1.030000e-06	3.165892e-06	1.199691e-08	2.145904e+01	7.857443e+02
1.040000e-06	3.313567e-06	1.235301e-08	2.246001e+01	8.106303e+02
1.050000e-06	3.460053e-06	1.267619e-08	2.345292e+01	8.341656e+02
1.060000e-06	3.605336e-06	1.297347e-08	2.443768e+01	8.556342e+02
1.070000e-06	3.749306e-06	1.324946e-08	2.541354e+01	8.745487e+02
1.080000e-06	3.891824e-06	1.350493e-08	2.637955e+01	8.909399e+02
1.090000e-06	4.032863e-06	1.374365e-08	2.733554e+01	9.053634e+02
1.100000e-06	4.172350e-06	1.397007e-08	2.828101e+01	9.186681e+02
1.110000e-06	4.310282e-06	1.418393e-08	2.921594e+01	9.316560e+02
1.120000e-06	4.446699e-06	1.438645e-08	3.014061e+01	9.447921e+02
1.130000e-06	4.581481e-06	1.457604e-08	3.105419e+01	9.580789e+02
1.140000e-06	4.714593e-06	1.475170e-08	3.195644e+01	9.711345e+02
1.150000e-06	4.845995e-06	1.491886e-08	3.284711e+01	9.834227e+02
1.160000e-06	4.975686e-06	1.508086e-08	3.372618e+01	9.945225e+02
1.170000e-06	5.103640e-06	1.523654e-08	3.459348e+01	1.004323e+03
1.180000e-06	5.229791e-06	1.538479e-08	3.544856e+01	1.013066e+03
1.190000e-06	5.354120e-06	1.552666e-08	3.629128e+01	1.021227e+03
1.200000e-06	5.476526e-06	1.566413e-08	3.712097e+01	1.029305e+03
1.210000e-06	5.596944e-06	1.579629e-08	3.793719e+01	1.037609e+03
1.220000e-06	5.715273e-06	1.592085e-08	3.873925e+01	1.046146e+03
1.230000e-06	5.831370e-06	1.603790e-08	3.952617e+01	1.054638e+03
1.240000e-06	5.945220e-06	1.614885e-08	4.029787e+01	1.062668e+03
1.250000e-06	6.056897e-06	1.625526e-08	4.105484e+01	1.069881e+03
1.260000e-06	6.166492e-06	1.635548e-08	4.179770e+01	1.076144e+03
1.270000e-06	6.273920e-06	1.644822e-08	4.252587e+01	1.081604e+03
1.280000e-06	6.379021e-06	1.653611e-08	4.323826e+01	1.086626e+03
1.290000e-06	6.481836e-06	1.662219e-08	4.393516e+01	1.091628e+03
1.300000e-06	6.582343e-06	1.670427e-08	4.461642e+01	1.096910e+03
1.310000e-06	6.680461e-06	1.678150e-08	4.528148e+01	1.102530e+03
1.320000e-06	6.776170e-06	1.685792e-08	4.593022e+01	1.108295e+03
1.330000e-06	6.869505e-06	1.693472e-08	4.656286e+01	1.113855e+03
1.340000e-06	6.960439e-06	1.700862e-08	4.717923e+01	1.118868e+03
1.350000e-06	7.048911e-06	1.707466e-08	4.777891e+01	1.123152e+03
1.360000e-06	7.134943e-06	1.713277e-08	4.836205e+01	1.126756e+03
1.370000e-06	7.218466e-06	1.718797e-08	4.892819e+01	1.129944e+03
1.380000e-06	7.299365e-06	1.724393e-08	4.947654e+01	1.133066e+03
1.390000e-06	7.377622e-06	1.730179e-08	5.000698e+01	1.136410e+03
1.400000e-06	7.453117e-06	1.735916e-08	5.051870e+01	1.140076e+03
1.410000e-06	7.525835e-06	1.741415e-08	5.101159e+01	1.143942e+03
1.420000e-06	7.595927e-06	1.746606e-08	5.148669e+01	1.147719e+03
1.430000e-06	7.663287e-06	1.751387e-08	5.194327e+01	1.151086e+03
1.440000e-06	7.727819e-06	1.755565e-08	5.238068e+01	1.153834e+03
1.450000e-06	7.789697e-06	1.759245e-08	5.280011e+01	1.155955e+03
1.460000e-06	7.848888e-06	1.762742e-08	5.320131e+01	1.157644e+03
1.470000e-06	7.905253e-06	1.766147e-08	5.358336e+01	1.159212e+03
1.480000e-06	7.958723e-06	1.769671e-08	5.394579e+01	1.160952e+03
1.490000e-06	8.009029e-06	1.773270e-08	5.428678e+01	1.163009e+03
1.500000e-06	8.056288e-06	1.776628e-08	5.460711e+01	1.165320e+03
1.510000e-06	8.100725e-06	1.779564e-08	5.490831e+01	1.167650e+03
1.520000e-06	8.142240e-06	1.781974e-08	5.518971e+01	1.169691e+03
1.530000e-06	8.180900e-06	1.783901e-08	5.545175e+01	1.171205e+03
1.540000e-06	8.216743e-06	1.785659e-08	5.569470e+01	1.172122e+03
1.550000e-06	8.249611e-06	1.787374e-08	5.591749e+01	1.172576e+03
1.560000e-06	8.279592e-06	1.788899e-08	5.612071e+01	1.172840e+03
1.570000e-06	8.306723e-06	1.790238e-08	5.630461e+01	1.173213e+03
1.580000e-06	8.330859e-06	1.791623e-08	5.646821e+01	1.173886e+03
1.590000e-06	8.352128e-06	1.793076e-08	5.661237e+01	1.174868e+03
1.600000e-06	8.370496e-06	1.794337e-08	5.673688e+01	1.175981e+03
1.610000e-06	8.385795e-06	1.795105e-08	5.684058e+01	1.176944e+03
1.620000e-06	8.397847e-06	1.795512e-08	5.692227e+01	1.177496e+03
1.630000e-06	8.406642e-06	1.795855e-08	5.698188e+01	1.177510e+03
1.640000e-06	8.412516e-06	1.796174e-08	5.702169e+01	1.177048e+03
1.650000e-06	8.415438e-06	1.796254e-08	5.704150e+01	1.176334e+03
1.660000e-06	8.415423e-06	1.795873e-08	5.704140e+01	1.175652e+03
1.670000e-06	8.412690e-06	1.794994e-08	5.702287e+01	1.175227e+03
1.680000e-06	8.407116e-06	1.794598e-08	5.698509e+01	1.175127e+03
1.690000e-06	8.398734e-06	1.794154e-08	5.692828e+01	1.175234e+03
1.700000e-06	8.387511e-06	1.793277e-08	5.685220e+01	1.175297e+03
1.710000e-06	8.373267e-06	1.792525e-08	5.675566e+01	1.175039e+03
1.720000e-06	8.356360e-06	1.792026e-08	5.664106e+01	1.174278e+03
1.730000e-06	8.337025e-06	1.791255e-08	5.651000e+01	1.173002e+03
1.740000e-06	8.314886e-06	1.785037e-08	5.635994e+01	1.171373e+03
1.750000e-06	8.289288e-06	1.779088e-08	5.618643e+01	1.169654e+03
1.760000e-06	8.259744e-06	1.779050e-08	5.598618e+01	1.168105e+03
1.770000e-06	8.226740e-06	1.779052e-08	5.576247e+01	1.166873e+03
1.780000e-06	8.191172e-06	1.778917e-08	5.552138e+01	1.165941e+03
1.790000e-06	8.153208e-06	1.781239e-08	5.526405e+01	1.165142e+03
1.800000e-06	8.113074e-06	1.781849e-08	5.499202e+01	1.164245e+03
1.810000e-06	8.070886e-06	1.772422e-08	5.470606e+01	1.163048e+03
1.820000e-06	8.025862e-06	1.773059e-08	5.440088e+01	1.161468e+03
1.830000e-06	7.977912e-06	1.770711e-08	5.407586e+01	1.159557e+03
1.840000e-06	7.926907e-06	1.766543e-08	5.373014e+01	1.157464e+03
1.850000e-06	7.872482e-06	1.770163e-08	5.336124e+01	1.155351e+03
1.860000e-06	7.815297e-06	1.764976e-08	5.297363e+01	1.153305e+03
1.870000e-06	7.755346e-06	1.767128e-08	5.256727e+01	1.151289e+03
1.880000e-06	7.692527e-06	1.758643e-08	5.214147e+01	1.149153e+03
1.890000e-06	7.627006e-06	1.751035e-08	5.169735e+01	1.146705e+03
1.900000e-06	7.558573e-06	1.747435e-08	5.123350e+01	1.143804e+03
1.910000e-06	7.487246e-06	1.739082e-08	5.075003e+01	1.140427e+03
1.920000e-06	7.412960e-06	1.739433e-08	5.024651e+01	1.136694e+03
1.930000e-06	7.335827e-06	1.733424e-08	4.972368e+01	1.132815e+03
1.940000e-06	7.256030e-06	1.731471e-08	4.918281e+01	1.129003e+03
1.950000e-06	7.173701e-06	1.724189e-08	4.862476e+01	1.125377e+03
1.960000e-06	7.088806e-06	1.715168e-08	4.804933e+01	1.121902e+03
1.970000e-06	7.001245e-06	1.708926e-08	4.745582e+01	1.118401e+03
1.980000e-06	6.911281e-06	1.698777e-08	4.684603e+01	1.114631e+03
1.990000e-06	6.818919e-06	1.696263e-08	4.621998e+01	1.110383e+03
2.000000e-06	6.724062e-06	1.689844e-08	4.557702e+01	1.105582e+03
2.010000e-06	6.626816e-06	1.684736e-08	4.491787e+01	1.100317e+03
2.020000e-06	6.527258e-06	1.675638e-08	4.424304e+01	1.094806e+03
2.030000e-06	6.425305e-06	1.666026e-08	4.355199e+01	1.089300e+03
2.040000e-06	6.320986e-06	1.657157e-08	4.284489e+01	1.083970e+03
2.050000e-06	6.214467e-06	1.647595e-08	4.212288e+01	1.078824e+03
2.060000e-06	6.105795e-06	1.640430e-08	4.138629e+01	1.073700e+03
2.070000e-06	5.994938e-06	1.631360e-08	4.063488e+01	1.068331e+03
2.080000e-06	5.881749e-06	1.623274e-08	3.986765e+01	1.062457e+03
2.090000e-06	5.766238e-06	1.613091e-08	3.908470e+01	1.055939e+03
2.100000e-06	5.648442e-06	1.602892e-08	3.828626e+01	1.048821e+03
2.110000e-06	5.528507e-06	1.591028e-08	3.747331e+01	1.041310e+03
2.120000e-06	5.406587e-06	1.579686e-08	3.664691e+01	1.033679e+03
2.130000e-06	5.282746e-06	1.567975e-08	3.580749e+01	1.026149e+03
2.140000e-06	5.157108e-06	1.556851e-08	3.495589e+01	1.018780e+03
2.150000e-06	5.029611e-06	1.545143e-08	3.409169e+01	1.011437e+03
2.160000e-06	4.900268e-06	1.532784e-08	3.321498e+01	1.003846e+03
2.170000e-06	4.769122e-06	1.519628e-08	3.232605e+01	9.957128e+02
2.180000e-06	4.636299e-06	1.505692e-08	3.142575e+01	9.868469e+02
2.190000e-06	4.501889e-06	1.491779e-08	3.051469e+01	9.772532e+02
2.200000e-06	4.365816e-06	1.477197e-08	2.959237e+01	9.671277e+02
2.210000e-06	4.228065e-06	1.462814e-08	2.865866e+01	9.567687e+02
2.220000e-06	4.088712e-06	1.447326e-08	2.771410e+01	9.464363e+02
2.230000e-06	3.947825e-06	1.431537e-08	2.675914e+01	9.362237e+02
2.240000e-06	3.805520e-06	1.414573e-08	2.579457e+01	9.259996e+02
2.250000e-06	3.661831e-06	1.397349e-08	2.482061e+01	9.154516e+02
2.260000e-06	3.516855e-06	1.379221e-08	2.383793e+01	9.042142e+02
2.270000e-06	3.370601e-06	1.360511e-08	2.284660e+01	8.920287e+02
2.280000e-06	3.223009e-06	1.340992e-08	2.184619e+01	8.788605e+02
2.290000e-06	3.074314e-06	1.321084e-08	2.083831e+01	8.649198e+02
2.300000e-06	2.924638e-06	1.300726e-08	1.982378e+01	8.505680e+02
2.310000e-06	2.773990e-06	1.279648e-08	1.880265e+01	8.361484e+02
2.320000e-06	2.622268e-06	1.257586e-08	1.777425e+01	8.218123e+02
2.330000e-06	2.469623e-06	1.234240e-08	1.673959e+01	8.074211e+02
2.340000e-06	2.316237e-06	1.209775e-08	1.569991e+01	7.925748e+02
2.350000e-06	2.161901e-06	1.184053e-08	1.465379e+01	7.767625e+02
2.360000e-06	2.006599e-06	1.157445e-08	1.360112e+01	7.595741e+02
2.370000e-06	1.850574e-06	1.129932e-08	1.254356e+01	7.408797e+02
2.380000e-06	1.693968e-06	1.101671e-08	1.148205e+01	7.208911e+02
2.390000e-06	1.536786e-06	1.072027e-08	1.041664e+01	7.000651e+02
2.400000e-06	1.379058e-06	1.040668e-08	9.347530e+00	6.788787e+02
2.410000e-06	1.220877e-06	1.007331e-08	8.275346e+00	6.575677e+02
2.420000e-06	1.062258e-06	9.721422e-09	7.200193e+00	6.359454e+02
2.430000e-06	9.032678e-07	9.350338e-09	6.122528e+00	6.133950e+02
2.440000e-06	7.439373e-07	8.959462e-09	5.042554e+00	5.890594e+02
2.450000e-06	5.842981e-07	8.547682e-09	3.960488e+00	5.621635e+02
2.460000e-06	4.244292e-07	8.114559e-09	2.876865e+00	5.323365e+02
2.470000e-06	2.643801e-07	7.656174e-09	1.792021e+00	4.997803e+02
2.480000e-06	1.042502e-07	7.162439e-09	7.066281e-01	4.651767e+02
2.490000e-06	-5.587670e-08	6.626795e-09	-3.787433e-01	4.293246e+02
2.500000e-06	-2.159574e-07	6.047441e-09	-1.463802e+00	3.926141e+02
2.510000e-06	-3.759195e-07	5.425697e-09	-2.548056e+00	3.545327e+02
2.520000e-06	-5.357113e-07	4.750689e-09	-3.631157e+00	3.134195e+02
2.530000e-06	-6.952815e-07	4.005992e-09	-4.712755e+00	2.666215e+02
2.540000e-06	-8.545645e-07	3.173759e-09	-5.792407e+00	2.110764e+02
2.550000e-06	-1.013499e-06	2.221887e-09	-6.869696e+00	1.441916e+02
2.560000e-06	-1.172027e-06	1.102623e-09	-7.944234e+00	6.476722e+01
2.570000e-06	-1.330111e-06	-2.354899e-10	-9.015757e+00	-2.633480e+01
2.580000e-06	-1.487709e-06	-1.798543e-09	-1.008398e+01	-1.260153e+02
2.590000e-06	-1.644779e-06	-3.490577e-09	-1.114864e+01	-2.293550e+02
2.600000e-06	-1.801296e-06	-5.133638e-09	-1.220954e+01	-3.305367e+02
2.610000e-06	-1.957258e-06	-6.572776e-09	-1.326668e+01	-4.240283e+02
2.620000e-06	-2.112486e-06	-7.757082e-09	-1.431885e+01	-5.056907e+02
2.630000e-06	-2.266802e-06	-8.718743e-09	-1.536483e+01	-5.735064e+02
2.640000e-06	-2.420280e-06	-9.512606e-09	-1.640513e+01	-6.277378e+02
2.650000e-06	-2.572971e-06	-1.018313e-08	-1.744010e+01	-6.705102e+02
2.660000e-06	-2.724708e-06	-1.076018e-08	-1.846861e+01	-7.049840e+02
2.670000e-06	-2.875391e-06	-1.126240e-08	-1.948997e+01	-7.343961e+02
2.680000e-06	-3.025029e-06	-1.170588e-08	-2.050424e+01	-7.612632e+02
2.690000e-06	-3.173634e-06	-1.210386e-08	-2.151152e+01	-7.869589e+02
2.700000e-06	-3.321124e-06	-1.246123e-08	-2.251124e+01	-8.117319e+02
2.710000e-06	-3.467332e-06	-1.278284e-08	-2.350226e+01	-8.350806e+02
2.720000e-06	-3.612290e-06	-1.307715e-08	-2.448482e+01	-8.562921e+02
2.730000e-06	-3.755992e-06	-1.335087e-08	-2.545885e+01	-8.749255e+02
2.740000e-06	-3.898264e-06	-1.360746e-08	-2.642320e+01	-8.910725e+02
2.750000e-06	-4.039068e-06	-1.384989e-08	-2.737760e+01	-9.053344e+02
2.760000e-06	-4.178406e-06	-1.408059e-08	-2.832206e+01	-9.185716e+02
2.770000e-06	-4.316173e-06	-1.430038e-08	-2.925587e+01	-9.315620e+02
2.780000e-06	-4.452296e-06	-1.450610e-08	-3.017854e+01	-9.447231e+02
2.790000e-06	-4.586796e-06	-1.469284e-08	-3.109021e+01	-9.580093e+02
2.800000e-06	-4.719659e-06	-1.486510e-08	-3.199078e+01	-9.710095e+02
2.810000e-06	-4.850838e-06	-1.503031e-08	-3.287994e+01	-9.831871e+02
2.820000e-06	-4.980295e-06	-1.519069e-08	-3.375742e+01	-9.941475e+02
2.830000e-06	-5.108023e-06	-1.534683e-08	-3.462319e+01	-1.003819e+03
2.840000e-06	-5.233967e-06	-1.549682e-08	-3.547686e+01	-1.012475e+03
2.850000e-06	-5.358059e-06	-1.564006e-08	-3.631798e+01	-1.020606e+03
2.860000e-06	-5.480258e-06	-1.577340e-08	-3.714627e+01	-1.028699e+03
2.870000e-06	-5.600456e-06	-1.589462e-08	-3.796100e+01	-1.037035e+03
2.880000e-06	-5.718526e-06	-1.600882e-08	-3.876130e+01	-1.045585e+03
2.890000e-06	-5.834344e-06	-1.611918e-08	-3.954634e+01	-1.054048e+03
2.900000e-06	-5.947789e-06	-1.622682e-08	-4.031529e+01	-1.062006e+03
2.910000e-06	-6.058872e-06	-1.632947e-08	-4.106823e+01	-1.069120e+03
2.920000e-06	-6.167739e-06	-1.642604e-08	-4.180615e+01	-1.075285e+03
2.930000e-06	-6.274522e-06	-1.651975e-08	-4.252995e+01	-1.080680e+03
2.940000e-06	-6.379126e-06	-1.661069e-08	-4.323898e+01	-1.085681e+03
2.950000e-06	-6.481341e-06	-1.669744e-08	-4.393181e+01	-1.090704e+03
2.960000e-06	-6.581203e-06	-1.678017e-08	-4.460870e+01	-1.096025e+03
2.970000e-06	-6.678857e-06	-1.686006e-08	-4.527061e+01	-1.101674e+03
2.980000e-06	-6.774157e-06	-1.693619e-08	-4.591657e+01	-1.107436e+03
2.990000e-06	-6.867023e-06	-1.700856e-08	-4.654604e+01	-1.112953e+03
3.000000e-06	-6.957533e-06	-1.707917e-08	-4.715953e+01	-1.117894e+03
3.010000e-06	-7.045654e-06	-1.714652e-08	-4.775683e+01	-1.122099e+03
3.020000e-06	-7.131255e-06	-1.720952e-08	-4.833705e+01	-1.125645e+03
3.030000e-06	-7.214274e-06	-1.726783e-08	-4.889977e+01	-1.128809e+03
3.040000e-06	-7.294810e-06	-1.732297e-08	-4.944566e+01	-1.131945e+03
3.050000e-06	-7.372684e-06	-1.737557e-08	-4.997351e+01	-1.135323e+03
3.060000e-06	-7.447677e-06	-1.742643e-08	-5.048183e+01	-1.139022e+03
3.070000e-06	-7.519913e-06	-1.747359e-08	-5.097146e+01	-1.142894e+03
3.080000e-06	-7.589431e-06	-1.751662e-08	-5.144266e+01	-1.146642e+03
3.090000e-06	-7.656179e-06	-1.755698e-08	-5.189509e+01	-1.149951e+03
3.100000e-06	-7.720240e-06	-1.759661e-08	-5.232931e+01	-1.152630e+03
3.110000e-06	-7.781498e-06	-1.763544e-08	-5.274453e+01	-1.154693e+03
3.120000e-06	-7.839943e-06	-1.766950e-08	-5.314068e+01	-1.156354e+03
3.130000e-06	-7.895629e-06	-1.769713e-08	-5.351814e+01	-1.157930e+03
3.140000e-06	-7.948361e-06	-1.772214e-08	-5.387556e+01	-1.159701e+03
3.150000e-06	-7.997928e-06	-1.774850e-08	-5.421154e+01	-1.161792e+03
3.160000e-06	-8.044320e-06	-1.777537e-08	-5.452599e+01	-1.164120e+03
3.170000e-06	-8.087995e-06	-1.779981e-08	-5.482203e+01	-1.166434e+03
3.180000e-06	-8.129117e-06	-1.782047e-08	-5.510076e+01	-1.168429e+03
3.190000e-06	-8.167338e-06	-1.784055e-08	-5.535983e+01	-1.169879e+03
3.200000e-06	-8.202677e-06	-1.785895e-08	-5.559936e+01	-1.170739e+03
3.210000e-06	-8.235223e-06	-1.787340e-08	-5.581997e+01	-1.171158e+03
3.220000e-06	-8.264767e-06	-1.788225e-08	-5.602022e+01	-1.171422e+03
3.230000e-06	-8.291340e-06	-1.788682e-08	-5.620034e+01	-1.171821e+03
3.240000e-06	-8.315068e-06	-1.789205e-08	-5.636117e+01	-1.172532e+03
3.250000e-06	-8.335840e-06	-1.790028e-08	-5.650197e+01	-1.173540e+03
3.260000e-06	-8.353683e-06	-1.790850e-08	-5.662291e+01	-1.174652e+03
3.270000e-06	-8.368494e-06	-1.791468e-08	-5.672330e+01	-1.175583e+03
3.280000e-06	-8.380073e-06	-1.791757e-08	-5.680179e+01	-1.176081e+03
3.290000e-06	-8.388601e-06	-1.791750e-08	-5.685959e+01	-1.176038e+03
3.300000e-06	-8.394154e-06	-1.791514e-08	-5.689723e+01	-1.175538e+03
3.310000e-06	-8.396793e-06	-1.791072e-08	-5.691512e+01	-1.174814e+03
