# Temperatura_=_26.11
# Concentracion g/m^3_=_15500.0
# C_Vs_to_Am_M_A/Vsm_=_65563218390.804596
# pendiente_HvsI_1/m_=_3716.3
# ordenada_HvsI_A/m_=_1297.0
# frecuencia_Hz_=_300845.5798201418

Tiempo_(s)	Campo_(V.s)	Magnetizacion_(V.s)	Campo_(kA/m)	Magnetizacion_(A/m)
0.000000e+00	-2.854498e-06	-5.722762e-09	-1.980396e+01	-3.738496e+02
1.000000e-08	-2.853538e-06	-5.723916e-09	-1.979730e+01	-3.737213e+02
2.000000e-08	-2.851559e-06	-5.723163e-09	-1.978357e+01	-3.735143e+02
3.000000e-08	-2.848290e-06	-5.718732e-09	-1.976089e+01	-3.732302e+02
4.000000e-08	-2.844025e-06	-5.712836e-09	-1.973130e+01	-3.728727e+02
5.000000e-08	-2.839004e-06	-5.704112e-09	-1.969646e+01	-3.724479e+02
6.000000e-08	-2.833126e-06	-5.685116e-09	-1.965568e+01	-3.719639e+02
7.000000e-08	-2.826310e-06	-5.661942e-09	-1.960840e+01	-3.714298e+02
8.000000e-08	-2.818480e-06	-5.712107e-09	-1.955407e+01	-3.708554e+02
9.000000e-08	-2.809383e-06	-5.787489e-09	-1.949096e+01	-3.702496e+02
1.000000e-07	-2.798832e-06	-5.726104e-09	-1.941776e+01	-3.696198e+02
1.100000e-07	-2.787139e-06	-5.511573e-09	-1.933664e+01	-3.689708e+02
1.200000e-07	-2.774692e-06	-5.563193e-09	-1.925028e+01	-3.683045e+02
1.300000e-07	-2.761340e-06	-5.787559e-09	-1.915765e+01	-3.676194e+02
1.400000e-07	-2.746933e-06	-5.657105e-09	-1.905769e+01	-3.669107e+02
1.500000e-07	-2.731597e-06	-5.452193e-09	-1.895130e+01	-3.661706e+02
1.600000e-07	-2.714972e-06	-5.666906e-09	-1.883595e+01	-3.653894e+02
1.700000e-07	-2.697009e-06	-5.732439e-09	-1.871133e+01	-3.645560e+02
1.800000e-07	-2.678345e-06	-5.417654e-09	-1.858184e+01	-3.636596e+02
1.900000e-07	-2.659012e-06	-5.520665e-09	-1.844772e+01	-3.626900e+02
2.000000e-07	-2.638703e-06	-5.665305e-09	-1.830681e+01	-3.616393e+02
2.100000e-07	-2.617531e-06	-5.392773e-09	-1.815993e+01	-3.605022e+02
2.200000e-07	-2.595633e-06	-5.423578e-09	-1.800800e+01	-3.592764e+02
2.300000e-07	-2.572789e-06	-5.654085e-09	-1.784952e+01	-3.579629e+02
2.400000e-07	-2.548958e-06	-5.444154e-09	-1.768418e+01	-3.565653e+02
2.500000e-07	-2.524376e-06	-5.323526e-09	-1.751364e+01	-3.550896e+02
2.600000e-07	-2.498928e-06	-5.451139e-09	-1.733709e+01	-3.535432e+02
2.700000e-07	-2.472397e-06	-5.391092e-09	-1.715302e+01	-3.519339e+02
2.800000e-07	-2.444809e-06	-5.313368e-09	-1.696162e+01	-3.502688e+02
2.900000e-07	-2.416280e-06	-5.342281e-09	-1.676368e+01	-3.485539e+02
3.000000e-07	-2.386936e-06	-5.306054e-09	-1.656011e+01	-3.467932e+02
3.100000e-07	-2.356883e-06	-5.304468e-09	-1.635160e+01	-3.449883e+02
3.200000e-07	-2.326128e-06	-5.290910e-09	-1.613823e+01	-3.431384e+02
3.300000e-07	-2.294538e-06	-5.168814e-09	-1.591907e+01	-3.412409e+02
3.400000e-07	-2.262250e-06	-5.172898e-09	-1.569506e+01	-3.392915e+02
3.500000e-07	-2.229414e-06	-5.155268e-09	-1.546724e+01	-3.372848e+02
3.600000e-07	-2.195767e-06	-5.097124e-09	-1.523381e+01	-3.352156e+02
3.700000e-07	-2.160940e-06	-5.125607e-09	-1.499219e+01	-3.330792e+02
3.800000e-07	-2.125028e-06	-5.064795e-09	-1.474304e+01	-3.308718e+02
3.900000e-07	-2.088498e-06	-4.978861e-09	-1.448960e+01	-3.285917e+02
4.000000e-07	-2.051336e-06	-5.007831e-09	-1.423178e+01	-3.262385e+02
4.100000e-07	-2.013415e-06	-4.972168e-09	-1.396869e+01	-3.238136e+02
4.200000e-07	-1.974806e-06	-4.867480e-09	-1.370082e+01	-3.213197e+02
4.300000e-07	-1.935411e-06	-4.855315e-09	-1.342751e+01	-3.187604e+02
4.400000e-07	-1.895324e-06	-4.840888e-09	-1.314939e+01	-3.161391e+02
4.500000e-07	-1.854852e-06	-4.798200e-09	-1.286861e+01	-3.134593e+02
4.600000e-07	-1.814035e-06	-4.749381e-09	-1.258543e+01	-3.107229e+02
4.700000e-07	-1.772483e-06	-4.697493e-09	-1.229715e+01	-3.079309e+02
4.800000e-07	-1.729862e-06	-4.651097e-09	-1.200145e+01	-3.050825e+02
4.900000e-07	-1.686273e-06	-4.619726e-09	-1.169904e+01	-3.021753e+02
5.000000e-07	-1.642058e-06	-4.578449e-09	-1.139228e+01	-2.992058e+02
5.100000e-07	-1.597449e-06	-4.511097e-09	-1.108279e+01	-2.961694e+02
5.200000e-07	-1.552380e-06	-4.465240e-09	-1.077011e+01	-2.930615e+02
5.300000e-07	-1.506743e-06	-4.432324e-09	-1.045350e+01	-2.898774e+02
5.400000e-07	-1.460550e-06	-4.391629e-09	-1.013302e+01	-2.866133e+02
5.500000e-07	-1.413821e-06	-4.323387e-09	-9.808817e+00	-2.832665e+02
5.600000e-07	-1.366533e-06	-4.257049e-09	-9.480743e+00	-2.798358e+02
5.700000e-07	-1.318755e-06	-4.208113e-09	-9.149266e+00	-2.763213e+02
5.800000e-07	-1.270577e-06	-4.169305e-09	-8.815018e+00	-2.727240e+02
5.900000e-07	-1.222086e-06	-4.109056e-09	-8.478598e+00	-2.690460e+02
6.000000e-07	-1.173232e-06	-4.035234e-09	-8.139656e+00	-2.652896e+02
6.100000e-07	-1.123829e-06	-3.980067e-09	-7.796910e+00	-2.614567e+02
6.200000e-07	-1.073805e-06	-3.926365e-09	-7.449854e+00	-2.575486e+02
6.300000e-07	-1.023098e-06	-3.866003e-09	-7.098061e+00	-2.535654e+02
6.400000e-07	-9.717822e-07	-3.791664e-09	-6.742039e+00	-2.495059e+02
6.500000e-07	-9.200339e-07	-3.726715e-09	-6.383019e+00	-2.453675e+02
6.600000e-07	-8.679205e-07	-3.671670e-09	-6.021466e+00	-2.411463e+02
6.700000e-07	-8.155076e-07	-3.611654e-09	-5.657835e+00	-2.368376e+02
6.800000e-07	-7.628883e-07	-3.536247e-09	-5.292773e+00	-2.324365e+02
6.900000e-07	-7.100063e-07	-3.455644e-09	-4.925888e+00	-2.279381e+02
7.000000e-07	-6.568179e-07	-3.388516e-09	-4.556877e+00	-2.233380e+02
7.100000e-07	-6.034091e-07	-3.324433e-09	-4.186337e+00	-2.186330e+02
7.200000e-07	-5.498427e-07	-3.250873e-09	-3.814703e+00	-2.138208e+02
7.300000e-07	-4.960635e-07	-3.168995e-09	-3.441593e+00	-2.089005e+02
7.400000e-07	-4.420796e-07	-3.095782e-09	-3.067064e+00	-2.038716e+02
7.500000e-07	-3.879402e-07	-3.022763e-09	-2.691455e+00	-1.987344e+02
7.600000e-07	-3.336590e-07	-2.938914e-09	-2.314862e+00	-1.934887e+02
7.700000e-07	-2.793069e-07	-2.844246e-09	-1.937778e+00	-1.881335e+02
7.800000e-07	-2.248755e-07	-2.756724e-09	-1.560143e+00	-1.826664e+02
7.900000e-07	-1.703584e-07	-2.681677e-09	-1.181914e+00	-1.770829e+02
8.000000e-07	-1.158377e-07	-2.599792e-09	-8.036596e-01	-1.713768e+02
8.100000e-07	-6.135245e-08	-2.507067e-09	-4.256516e-01	-1.655392e+02
8.200000e-07	-6.831144e-09	-2.409723e-09	-4.739317e-02	-1.595599e+02
8.300000e-07	4.770838e-08	-2.316210e-09	3.309916e-01	-1.534270e+02
8.400000e-07	1.022323e-07	-2.218151e-09	7.092683e-01	-1.471281e+02
8.500000e-07	1.567448e-07	-2.114151e-09	1.087466e+00	-1.406508e+02
8.600000e-07	2.112329e-07	-2.007382e-09	1.465493e+00	-1.339834e+02
8.700000e-07	2.657001e-07	-1.903088e-09	1.843376e+00	-1.271154e+02
8.800000e-07	3.200785e-07	-1.800413e-09	2.220644e+00	-1.200377e+02
8.900000e-07	3.743612e-07	-1.688664e-09	2.597246e+00	-1.127421e+02
9.000000e-07	4.285698e-07	-1.568041e-09	2.973335e+00	-1.052210e+02
9.100000e-07	4.825792e-07	-1.446102e-09	3.348042e+00	-9.746674e+01
9.200000e-07	5.363556e-07	-1.327744e-09	3.721133e+00	-8.946963e+01
9.300000e-07	5.899283e-07	-1.202624e-09	4.092809e+00	-8.121740e+01
9.400000e-07	6.432519e-07	-1.069322e-09	4.462758e+00	-7.269375e+01
9.500000e-07	6.963122e-07	-9.309076e-10	4.830881e+00	-6.387746e+01
9.600000e-07	7.491030e-07	-7.928321e-10	5.197133e+00	-5.474210e+01
9.700000e-07	8.016480e-07	-6.500463e-10	5.561680e+00	-4.525633e+01
9.800000e-07	8.539629e-07	-4.943169e-10	5.924631e+00	-3.538492e+01
9.900000e-07	9.059390e-07	-3.304821e-10	6.285231e+00	-2.509075e+01
1.000000e-06	9.574992e-07	-1.633881e-10	6.642946e+00	-1.433742e+01
1.010000e-06	1.008559e-06	6.105851e-12	6.997192e+00	-3.092579e+00
1.020000e-06	1.058939e-06	1.841306e-10	7.346718e+00	8.668426e+00
1.030000e-06	1.108646e-06	3.693109e-10	7.691574e+00	2.095877e+01
1.040000e-06	1.157830e-06	5.624593e-10	8.032805e+00	3.377665e+01
1.050000e-06	1.206651e-06	7.659955e-10	8.371511e+00	4.710233e+01
1.060000e-06	1.255167e-06	9.803140e-10	8.708108e+00	6.089620e+01
1.070000e-06	1.303356e-06	1.200932e-09	9.042437e+00	7.509791e+01
1.080000e-06	1.351146e-06	1.423104e-09	9.373989e+00	8.962691e+01
1.090000e-06	1.398390e-06	1.647039e-09	9.701759e+00	1.043844e+02
1.100000e-06	1.445114e-06	1.872901e-09	1.002592e+01	1.192565e+02
1.110000e-06	1.491366e-06	2.099545e-09	1.034681e+01	1.341189e+02
1.120000e-06	1.537074e-06	2.318960e-09	1.066393e+01	1.488420e+02
1.130000e-06	1.582232e-06	2.532434e-09	1.097722e+01	1.632965e+02
1.140000e-06	1.626936e-06	2.744854e-09	1.128737e+01	1.773597e+02
1.150000e-06	1.671272e-06	2.954202e-09	1.159496e+01	1.909206e+02
1.160000e-06	1.715201e-06	3.151791e-09	1.189974e+01	2.038847e+02
1.170000e-06	1.758416e-06	3.336153e-09	1.219955e+01	2.161778e+02
1.180000e-06	1.800651e-06	3.510122e-09	1.249257e+01	2.277477e+02
1.190000e-06	1.842003e-06	3.673526e-09	1.277947e+01	2.385655e+02
1.200000e-06	1.882679e-06	3.827668e-09	1.306167e+01	2.486247e+02
1.210000e-06	1.922827e-06	3.967959e-09	1.334021e+01	2.579389e+02
1.220000e-06	1.962391e-06	4.093768e-09	1.361470e+01	2.665391e+02
1.230000e-06	2.001297e-06	4.209193e-09	1.388462e+01	2.744694e+02
1.240000e-06	2.039495e-06	4.318646e-09	1.414963e+01	2.817829e+02
1.250000e-06	2.076957e-06	4.421552e-09	1.440953e+01	2.885371e+02
1.260000e-06	2.113799e-06	4.517063e-09	1.466513e+01	2.947903e+02
1.270000e-06	2.150143e-06	4.604365e-09	1.491728e+01	3.005976e+02
1.280000e-06	2.185839e-06	4.685444e-09	1.516493e+01	3.060087e+02
1.290000e-06	2.220486e-06	4.762141e-09	1.540531e+01	3.110663e+02
1.300000e-06	2.254019e-06	4.830537e-09	1.563795e+01	3.158052e+02
1.310000e-06	2.286732e-06	4.891970e-09	1.586491e+01	3.202528e+02
1.320000e-06	2.318787e-06	4.951916e-09	1.608730e+01	3.244295e+02
1.330000e-06	2.350117e-06	5.011187e-09	1.630466e+01	3.283509e+02
1.340000e-06	2.380638e-06	5.065137e-09	1.651641e+01	3.320288e+02
1.350000e-06	2.410328e-06	5.112831e-09	1.672239e+01	3.354731e+02
1.360000e-06	2.439272e-06	5.158069e-09	1.692320e+01	3.386933e+02
1.370000e-06	2.467585e-06	5.205138e-09	1.711963e+01	3.416998e+02
1.380000e-06	2.495101e-06	5.250318e-09	1.731053e+01	3.445039e+02
1.390000e-06	2.521389e-06	5.288002e-09	1.749291e+01	3.471189e+02
1.400000e-06	2.546478e-06	5.317855e-09	1.766698e+01	3.495590e+02
1.410000e-06	2.570698e-06	5.345911e-09	1.783501e+01	3.518392e+02
1.420000e-06	2.594044e-06	5.378463e-09	1.799698e+01	3.539740e+02
1.430000e-06	2.616481e-06	5.410296e-09	1.815264e+01	3.559773e+02
1.440000e-06	2.638017e-06	5.435801e-09	1.830206e+01	3.578607e+02
1.450000e-06	2.658781e-06	5.458807e-09	1.844611e+01	3.596335e+02
1.460000e-06	2.678895e-06	5.487016e-09	1.858566e+01	3.613023e+02
1.470000e-06	2.698153e-06	5.516520e-09	1.871927e+01	3.628710e+02
1.480000e-06	2.716334e-06	5.537598e-09	1.884541e+01	3.643412e+02
1.490000e-06	2.733498e-06	5.551672e-09	1.896449e+01	3.657129e+02
1.500000e-06	2.749597e-06	5.567440e-09	1.907618e+01	3.669850e+02
1.510000e-06	2.764602e-06	5.587610e-09	1.918028e+01	3.681562e+02
1.520000e-06	2.778609e-06	5.605773e-09	1.927745e+01	3.692262e+02
1.530000e-06	2.791615e-06	5.618641e-09	1.936769e+01	3.701956e+02
1.540000e-06	2.803591e-06	5.631540e-09	1.945078e+01	3.710664e+02
1.550000e-06	2.814322e-06	5.646955e-09	1.952522e+01	3.718423e+02
1.560000e-06	2.823764e-06	5.658636e-09	1.959073e+01	3.725282e+02
1.570000e-06	2.832243e-06	5.666095e-09	1.964956e+01	3.731296e+02
1.580000e-06	2.839852e-06	5.673775e-09	1.970235e+01	3.736523e+02
1.590000e-06	2.846445e-06	5.682573e-09	1.974809e+01	3.741016e+02
1.600000e-06	2.852026e-06	5.689174e-09	1.978681e+01	3.744815e+02
1.610000e-06	2.856781e-06	5.691853e-09	1.981980e+01	3.747946e+02
1.620000e-06	2.860692e-06	5.695636e-09	1.984693e+01	3.750417e+02
1.630000e-06	2.863389e-06	5.701897e-09	1.986565e+01	3.752219e+02
1.640000e-06	2.864795e-06	5.705313e-09	1.987540e+01	3.753328e+02
1.650000e-06	2.865242e-06	5.704634e-09	1.987850e+01	3.753715e+02
1.660000e-06	2.864844e-06	5.702686e-09	1.987574e+01	3.753347e+02
1.670000e-06	2.863543e-06	5.699996e-09	1.986671e+01	3.752201e+02
1.680000e-06	2.861351e-06	5.699073e-09	1.985151e+01	3.750269e+02
1.690000e-06	2.858381e-06	5.696673e-09	1.983090e+01	3.747560e+02
1.700000e-06	2.854690e-06	5.688453e-09	1.980529e+01	3.744109e+02
1.710000e-06	2.849943e-06	5.682447e-09	1.977236e+01	3.739973e+02
1.720000e-06	2.843954e-06	5.697396e-09	1.973081e+01	3.735229e+02
1.730000e-06	2.837006e-06	5.706562e-09	1.968260e+01	3.729969e+02
1.740000e-06	2.829181e-06	5.602829e-09	1.962831e+01	3.724287e+02
1.750000e-06	2.820023e-06	5.521417e-09	1.956478e+01	3.718276e+02
1.760000e-06	2.809281e-06	5.650365e-09	1.949025e+01	3.712013e+02
1.770000e-06	2.797646e-06	5.786855e-09	1.940953e+01	3.705552e+02
1.780000e-06	2.785906e-06	5.620160e-09	1.932808e+01	3.698918e+02
1.790000e-06	2.773413e-06	5.430019e-09	1.924141e+01	3.692100e+02
1.800000e-06	2.759143e-06	5.662706e-09	1.914240e+01	3.685057e+02
1.810000e-06	2.743684e-06	5.696502e-09	1.903516e+01	3.677716e+02
1.820000e-06	2.727776e-06	5.401647e-09	1.892479e+01	3.669982e+02
1.830000e-06	2.710704e-06	5.516829e-09	1.880634e+01	3.661747e+02
1.840000e-06	2.692218e-06	5.746119e-09	1.867809e+01	3.652900e+02
1.850000e-06	2.673087e-06	5.464137e-09	1.854536e+01	3.643339e+02
1.860000e-06	2.653280e-06	5.384451e-09	1.840795e+01	3.632978e+02
1.870000e-06	2.632243e-06	5.696149e-09	1.826200e+01	3.621761e+02
1.880000e-06	2.610152e-06	5.469630e-09	1.810874e+01	3.609659e+02
1.890000e-06	2.587177e-06	5.254676e-09	1.794934e+01	3.596675e+02
1.900000e-06	2.563085e-06	5.557525e-09	1.778219e+01	3.582843e+02
1.910000e-06	2.538224e-06	5.503194e-09	1.760971e+01	3.568218e+02
1.920000e-06	2.512652e-06	5.300193e-09	1.743230e+01	3.552871e+02
1.930000e-06	2.486087e-06	5.418385e-09	1.724800e+01	3.536882e+02
1.940000e-06	2.458877e-06	5.359624e-09	1.705922e+01	3.520323e+02
1.950000e-06	2.430897e-06	5.293799e-09	1.686510e+01	3.503256e+02
1.960000e-06	2.401618e-06	5.329911e-09	1.666197e+01	3.485726e+02
1.970000e-06	2.371284e-06	5.202516e-09	1.645151e+01	3.467753e+02
1.980000e-06	2.340217e-06	5.230344e-09	1.623598e+01	3.449333e+02
1.990000e-06	2.308427e-06	5.298379e-09	1.601543e+01	3.430443e+02
2.000000e-06	2.275895e-06	5.135046e-09	1.578972e+01	3.411042e+02
2.010000e-06	2.242525e-06	5.154988e-09	1.555821e+01	3.391079e+02
2.020000e-06	2.208365e-06	5.156064e-09	1.532121e+01	3.370500e+02
2.030000e-06	2.173586e-06	5.003555e-09	1.507993e+01	3.349255e+02
2.040000e-06	2.138220e-06	5.075926e-09	1.483456e+01	3.327307e+02
2.050000e-06	2.102212e-06	5.053944e-09	1.458474e+01	3.304634e+02
2.060000e-06	2.065317e-06	4.922533e-09	1.432877e+01	3.281229e+02
2.070000e-06	2.027221e-06	4.972609e-09	1.406447e+01	3.257103e+02
2.080000e-06	1.988244e-06	4.941988e-09	1.379405e+01	3.232283e+02
2.090000e-06	1.948762e-06	4.857432e-09	1.352014e+01	3.206800e+02
2.100000e-06	1.908657e-06	4.839552e-09	1.324190e+01	3.180693e+02
2.110000e-06	1.867853e-06	4.771931e-09	1.295881e+01	3.153994e+02
2.120000e-06	1.826465e-06	4.746386e-09	1.267166e+01	3.126728e+02
2.130000e-06	1.784550e-06	4.715394e-09	1.238087e+01	3.098904e+02
2.140000e-06	1.742007e-06	4.650964e-09	1.208571e+01	3.070519e+02
2.150000e-06	1.698921e-06	4.628404e-09	1.178679e+01	3.041552e+02
2.160000e-06	1.655473e-06	4.577794e-09	1.148536e+01	3.011968e+02
2.170000e-06	1.611525e-06	4.543231e-09	1.118045e+01	2.981724e+02
2.180000e-06	1.566896e-06	4.497013e-09	1.087082e+01	2.950773e+02
2.190000e-06	1.521602e-06	4.426661e-09	1.055659e+01	2.919068e+02
2.200000e-06	1.475797e-06	4.386690e-09	1.023879e+01	2.886569e+02
2.210000e-06	1.429621e-06	4.337345e-09	9.918437e+00	2.853248e+02
2.220000e-06	1.383022e-06	4.292636e-09	9.595143e+00	2.819089e+02
2.230000e-06	1.335915e-06	4.239339e-09	9.268324e+00	2.784089e+02
2.240000e-06	1.288205e-06	4.169253e-09	8.937319e+00	2.748260e+02
2.250000e-06	1.239845e-06	4.133727e-09	8.601808e+00	2.711620e+02
2.260000e-06	1.191011e-06	4.084467e-09	8.263004e+00	2.674191e+02
2.270000e-06	1.141818e-06	4.013747e-09	7.921718e+00	2.635995e+02
2.280000e-06	1.092210e-06	3.960306e-09	7.577544e+00	2.597045e+02
2.290000e-06	1.042132e-06	3.898464e-09	7.230113e+00	2.557345e+02
2.300000e-06	9.915607e-07	3.846578e-09	6.879258e+00	2.516885e+02
2.310000e-06	9.406390e-07	3.783133e-09	6.525973e+00	2.475641e+02
2.320000e-06	8.894789e-07	3.705922e-09	6.171034e+00	2.433577e+02
2.330000e-06	8.380620e-07	3.643797e-09	5.814314e+00	2.390647e+02
2.340000e-06	7.863484e-07	3.577148e-09	5.455535e+00	2.346802e+02
2.350000e-06	7.341893e-07	3.516351e-09	5.093664e+00	2.301992e+02
2.360000e-06	6.815878e-07	3.445791e-09	4.728726e+00	2.256172e+02
2.370000e-06	6.286253e-07	3.368931e-09	4.361282e+00	2.209308e+02
2.380000e-06	5.752820e-07	3.302475e-09	3.991196e+00	2.161376e+02
2.390000e-06	5.215448e-07	3.230340e-09	3.618378e+00	2.112364e+02
2.400000e-06	4.674572e-07	3.154228e-09	3.243129e+00	2.062266e+02
2.410000e-06	4.131678e-07	3.074349e-09	2.866479e+00	2.011085e+02
2.420000e-06	3.587069e-07	2.993898e-09	2.488640e+00	1.958819e+02
2.430000e-06	3.040535e-07	2.917945e-09	2.109465e+00	1.905461e+02
2.440000e-06	2.492522e-07	2.833974e-09	1.729264e+00	1.850989e+02
2.450000e-06	1.943194e-07	2.744751e-09	1.348151e+00	1.795363e+02
2.460000e-06	1.393170e-07	2.660052e-09	9.665547e-01	1.738524e+02
2.470000e-06	8.432102e-08	2.577006e-09	5.850031e-01	1.680387e+02
2.480000e-06	2.933908e-08	2.492226e-09	2.035489e-01	1.620853e+02
2.490000e-06	-2.565916e-08	2.396333e-09	-1.780183e-01	1.559804e+02
2.500000e-06	-8.065512e-08	2.298809e-09	-5.595698e-01	1.497118e+02
2.510000e-06	-1.356118e-07	2.205836e-09	-9.408487e-01	1.432669e+02
2.520000e-06	-1.904903e-07	2.106994e-09	-1.321585e+00	1.366340e+02
2.530000e-06	-2.453350e-07	1.999699e-09	-1.702087e+00	1.298022e+02
2.540000e-06	-3.001412e-07	1.887322e-09	-2.082322e+00	1.227623e+02
2.550000e-06	-3.548645e-07	1.780248e-09	-2.461982e+00	1.155058e+02
2.560000e-06	-4.094229e-07	1.674912e-09	-2.840497e+00	1.080253e+02
2.570000e-06	-4.637068e-07	1.561637e-09	-3.217109e+00	1.003130e+02
2.580000e-06	-5.176862e-07	1.441337e-09	-3.591607e+00	9.235980e+01
2.590000e-06	-5.713245e-07	1.318796e-09	-3.963740e+00	8.415391e+01
2.600000e-06	-6.246045e-07	1.192015e-09	-4.333386e+00	7.567983e+01
2.610000e-06	-6.774558e-07	1.056120e-09	-4.700059e+00	6.691730e+01
2.620000e-06	-7.298898e-07	9.124988e-10	-5.063835e+00	5.784080e+01
2.630000e-06	-7.819273e-07	7.646779e-10	-5.424862e+00	4.841980e+01
2.640000e-06	-8.336089e-07	6.167749e-10	-5.783419e+00	3.861966e+01
2.650000e-06	-8.850211e-07	4.657151e-10	-6.140107e+00	2.840343e+01
2.660000e-06	-9.361691e-07	3.083374e-10	-6.494962e+00	1.773434e+01
2.670000e-06	-9.870610e-07	1.422697e-10	-6.848040e+00	6.579059e+00
2.680000e-06	-1.037625e-06	-3.361553e-11	-7.198841e+00	-5.088718e+00
2.690000e-06	-1.087745e-06	-2.199937e-10	-7.546565e+00	-1.728449e+01
2.700000e-06	-1.137369e-06	-4.159269e-10	-7.890847e+00	-3.000935e+01
2.710000e-06	-1.186541e-06	-6.185334e-10	-8.231993e+00	-4.324695e+01
2.720000e-06	-1.235314e-06	-8.275077e-10	-8.570375e+00	-5.696134e+01
2.730000e-06	-1.283455e-06	-1.042881e-09	-8.904368e+00	-7.109585e+01
2.740000e-06	-1.330812e-06	-1.263589e-09	-9.232917e+00	-8.557345e+01
2.750000e-06	-1.377475e-06	-1.487139e-09	-9.556658e+00	-1.002984e+02
2.760000e-06	-1.423546e-06	-1.712357e-09	-9.876289e+00	-1.151592e+02
2.770000e-06	-1.469232e-06	-1.939366e-09	-1.019325e+01	-1.300331e+02
2.780000e-06	-1.514636e-06	-2.169581e-09	-1.050825e+01	-1.447909e+02
2.790000e-06	-1.559628e-06	-2.398142e-09	-1.082040e+01	-1.593029e+02
2.800000e-06	-1.604047e-06	-2.617397e-09	-1.112857e+01	-1.734448e+02
2.810000e-06	-1.647908e-06	-2.826667e-09	-1.143287e+01	-1.871032e+02
2.820000e-06	-1.691313e-06	-3.026722e-09	-1.173401e+01	-2.001802e+02
2.830000e-06	-1.734321e-06	-3.214610e-09	-1.203239e+01	-2.125979e+02
2.840000e-06	-1.776851e-06	-3.389644e-09	-1.232745e+01	-2.243000e+02
2.850000e-06	-1.818759e-06	-3.554621e-09	-1.261820e+01	-2.352535e+02
2.860000e-06	-1.860028e-06	-3.711556e-09	-1.290452e+01	-2.454480e+02
2.870000e-06	-1.900655e-06	-3.860911e-09	-1.318638e+01	-2.548937e+02
2.880000e-06	-1.940620e-06	-3.999620e-09	-1.346365e+01	-2.636187e+02
2.890000e-06	-1.980048e-06	-4.127802e-09	-1.373719e+01	-2.716653e+02
2.900000e-06	-2.018924e-06	-4.245927e-09	-1.400691e+01	-2.790850e+02
2.910000e-06	-2.057015e-06	-4.350849e-09	-1.427118e+01	-2.859352e+02
2.920000e-06	-2.094100e-06	-4.443687e-09	-1.452846e+01	-2.922739e+02
2.930000e-06	-2.130207e-06	-4.530817e-09	-1.477897e+01	-2.981573e+02
2.940000e-06	-2.165603e-06	-4.617772e-09	-1.502454e+01	-3.036361e+02
2.950000e-06	-2.200389e-06	-4.702464e-09	-1.526588e+01	-3.087544e+02
2.960000e-06	-2.234393e-06	-4.780781e-09	-1.550179e+01	-3.135483e+02
2.970000e-06	-2.267591e-06	-4.851251e-09	-1.573211e+01	-3.180464e+02
2.980000e-06	-2.300004e-06	-4.917097e-09	-1.595699e+01	-3.222706e+02
2.990000e-06	-2.331680e-06	-4.980780e-09	-1.617675e+01	-3.262369e+02
3.000000e-06	-2.362740e-06	-5.039259e-09	-1.639224e+01	-3.299578e+02
3.010000e-06	-2.392930e-06	-5.089586e-09	-1.660169e+01	-3.334434e+02
3.020000e-06	-2.421866e-06	-5.138287e-09	-1.680244e+01	-3.367032e+02
3.030000e-06	-2.449700e-06	-5.192418e-09	-1.699555e+01	-3.397473e+02
3.040000e-06	-2.476862e-06	-5.243655e-09	-1.718399e+01	-3.425870e+02
3.050000e-06	-2.503300e-06	-5.287811e-09	-1.736742e+01	-3.452350e+02
3.060000e-06	-2.528838e-06	-5.323621e-09	-1.754459e+01	-3.477056e+02
3.070000e-06	-2.553470e-06	-5.357483e-09	-1.771549e+01	-3.500135e+02
3.080000e-06	-2.577261e-06	-5.392566e-09	-1.788054e+01	-3.521735e+02
3.090000e-06	-2.600360e-06	-5.425223e-09	-1.804080e+01	-3.541996e+02
3.100000e-06	-2.622495e-06	-5.455327e-09	-1.819437e+01	-3.561039e+02
3.110000e-06	-2.643302e-06	-5.485147e-09	-1.833872e+01	-3.578962e+02
3.120000e-06	-2.663049e-06	-5.515359e-09	-1.847572e+01	-3.595835e+02
3.130000e-06	-2.682044e-06	-5.541196e-09	-1.860751e+01	-3.611702e+02
3.140000e-06	-2.700201e-06	-5.564018e-09	-1.873348e+01	-3.626583e+02
3.150000e-06	-2.717469e-06	-5.584750e-09	-1.885328e+01	-3.640479e+02
3.160000e-06	-2.733783e-06	-5.605144e-09	-1.896646e+01	-3.653382e+02
3.170000e-06	-2.749234e-06	-5.622103e-09	-1.907366e+01	-3.665278e+02
3.180000e-06	-2.763848e-06	-5.636171e-09	-1.917505e+01	-3.676162e+02
3.190000e-06	-2.777193e-06	-5.651569e-09	-1.926763e+01	-3.686037e+02
3.200000e-06	-2.789184e-06	-5.666717e-09	-1.935083e+01	-3.694921e+02
3.210000e-06	-2.800082e-06	-5.679816e-09	-1.942643e+01	-3.702850e+02
3.220000e-06	-2.810004e-06	-5.691411e-09	-1.949527e+01	-3.709868e+02
3.230000e-06	-2.818958e-06	-5.700226e-09	-1.955739e+01	-3.716031e+02
3.240000e-06	-2.826974e-06	-5.707117e-09	-1.961301e+01	-3.721398e+02
3.250000e-06	-2.834195e-06	-5.713203e-09	-1.966310e+01	-3.726021e+02
3.260000e-06	-2.840413e-06	-5.716828e-09	-1.970624e+01	-3.729945e+02
3.270000e-06	-2.845268e-06	-5.720659e-09	-1.973992e+01	-3.733197e+02
3.280000e-06	-2.848972e-06	-5.725936e-09	-1.976562e+01	-3.735789e+02
3.290000e-06	-2.851852e-06	-5.728372e-09	-1.978561e+01	-3.737715e+02
3.300000e-06	-2.853837e-06	-5.727707e-09	-1.979937e+01	-3.738953e+02
3.310000e-06	-2.854873e-06	-5.726293e-09	-1.980657e+01	-3.739473e+02
3.320000e-06	-2.854984e-06	-5.724416e-09	-1.980734e+01	-3.739245e+02
