# Temperatura_=_25.54
# Concentracion g/m^3_=_18700.0
# C_Vs_to_Am_M_A/Vsm_=_65563218390.804596
# pendiente_HvsI_1/m_=_3716.3
# ordenada_HvsI_A/m_=_1297.0
# frecuencia_Hz_=_301043.52095941565

Tiempo_(s)	Campo_(V.s)	Magnetizacion_(V.s)	Campo_(kA/m)	Magnetizacion_(A/m)
0.000000e+00	-2.926206e-06	-7.480972e-09	-1.977738e+01	-4.873527e+02
1.000000e-08	-2.925433e-06	-7.482122e-09	-1.977216e+01	-4.873529e+02
2.000000e-08	-2.923753e-06	-7.481489e-09	-1.976080e+01	-4.872300e+02
3.000000e-08	-2.920853e-06	-7.477278e-09	-1.974120e+01	-4.869811e+02
4.000000e-08	-2.916809e-06	-7.471589e-09	-1.971387e+01	-4.865890e+02
5.000000e-08	-2.911932e-06	-7.464137e-09	-1.968091e+01	-4.860269e+02
6.000000e-08	-2.906184e-06	-7.453913e-09	-1.964206e+01	-4.852689e+02
7.000000e-08	-2.899472e-06	-7.440234e-09	-1.959669e+01	-4.843014e+02
8.000000e-08	-2.891801e-06	-7.420882e-09	-1.954485e+01	-4.831328e+02
9.000000e-08	-2.882983e-06	-7.432795e-09	-1.948525e+01	-4.817966e+02
1.000000e-07	-2.872635e-06	-7.433684e-09	-1.941531e+01	-4.803481e+02
1.100000e-07	-2.860835e-06	-7.388098e-09	-1.933556e+01	-4.788521e+02
1.200000e-07	-2.848206e-06	-7.263664e-09	-1.925020e+01	-4.773679e+02
1.300000e-07	-2.834833e-06	-7.251131e-09	-1.915982e+01	-4.759325e+02
1.400000e-07	-2.820422e-06	-7.351494e-09	-1.906242e+01	-4.745499e+02
1.500000e-07	-2.804928e-06	-7.276542e-09	-1.895770e+01	-4.731875e+02
1.600000e-07	-2.788288e-06	-7.189743e-09	-1.884523e+01	-4.717827e+02
1.700000e-07	-2.770390e-06	-7.232353e-09	-1.872427e+01	-4.702570e+02
1.800000e-07	-2.751522e-06	-7.213004e-09	-1.859675e+01	-4.685345e+02
1.900000e-07	-2.731998e-06	-7.067529e-09	-1.846478e+01	-4.665585e+02
2.000000e-07	-2.711644e-06	-7.068132e-09	-1.832722e+01	-4.643032e+02
2.100000e-07	-2.690217e-06	-7.070526e-09	-1.818240e+01	-4.617756e+02
2.200000e-07	-2.667920e-06	-6.929643e-09	-1.803170e+01	-4.590088e+02
2.300000e-07	-2.644821e-06	-6.964073e-09	-1.787558e+01	-4.560484e+02
2.400000e-07	-2.620768e-06	-6.990547e-09	-1.771302e+01	-4.529380e+02
2.500000e-07	-2.596002e-06	-6.798422e-09	-1.754563e+01	-4.497063e+02
2.600000e-07	-2.570310e-06	-6.741651e-09	-1.737198e+01	-4.463614e+02
2.700000e-07	-2.543259e-06	-6.764691e-09	-1.718916e+01	-4.428939e+02
2.800000e-07	-2.515150e-06	-6.667625e-09	-1.699917e+01	-4.392845e+02
2.900000e-07	-2.486307e-06	-6.622511e-09	-1.680423e+01	-4.355165e+02
3.000000e-07	-2.456618e-06	-6.561045e-09	-1.660357e+01	-4.315848e+02
3.100000e-07	-2.426095e-06	-6.477557e-09	-1.639728e+01	-4.275010e+02
3.200000e-07	-2.394825e-06	-6.465984e-09	-1.618593e+01	-4.232904e+02
3.300000e-07	-2.362771e-06	-6.386409e-09	-1.596929e+01	-4.189839e+02
3.400000e-07	-2.330057e-06	-6.240416e-09	-1.574818e+01	-4.146067e+02
3.500000e-07	-2.296654e-06	-6.224461e-09	-1.552242e+01	-4.101691e+02
3.600000e-07	-2.262174e-06	-6.189162e-09	-1.528938e+01	-4.056625e+02
3.700000e-07	-2.226499e-06	-6.077465e-09	-1.504826e+01	-4.010617e+02
3.800000e-07	-2.190019e-06	-6.031929e-09	-1.480170e+01	-3.963347e+02
3.900000e-07	-2.152986e-06	-5.941775e-09	-1.455141e+01	-3.914537e+02
4.000000e-07	-2.115248e-06	-5.845220e-09	-1.429635e+01	-3.864057e+02
4.100000e-07	-2.076682e-06	-5.805668e-09	-1.403569e+01	-3.811974e+02
4.200000e-07	-2.037291e-06	-5.724894e-09	-1.376946e+01	-3.758535e+02
4.300000e-07	-1.997210e-06	-5.599621e-09	-1.349856e+01	-3.704076e+02
4.400000e-07	-1.956660e-06	-5.535215e-09	-1.322450e+01	-3.648911e+02
4.500000e-07	-1.915568e-06	-5.475334e-09	-1.294677e+01	-3.593222e+02
4.600000e-07	-1.873718e-06	-5.376995e-09	-1.266392e+01	-3.537010e+02
4.700000e-07	-1.830867e-06	-5.276773e-09	-1.237430e+01	-3.480102e+02
4.800000e-07	-1.787004e-06	-5.184353e-09	-1.207784e+01	-3.422235e+02
4.900000e-07	-1.742551e-06	-5.111176e-09	-1.177740e+01	-3.363165e+02
5.000000e-07	-1.697715e-06	-5.029889e-09	-1.147436e+01	-3.302771e+02
5.100000e-07	-1.652320e-06	-4.925960e-09	-1.116755e+01	-3.241105e+02
5.200000e-07	-1.606268e-06	-4.811706e-09	-1.085630e+01	-3.178379e+02
5.300000e-07	-1.559639e-06	-4.730089e-09	-1.054115e+01	-3.114887e+02
5.400000e-07	-1.512485e-06	-4.637633e-09	-1.022245e+01	-3.050894e+02
5.500000e-07	-1.464757e-06	-4.532410e-09	-9.899872e+00	-2.986537e+02
5.600000e-07	-1.416502e-06	-4.430347e-09	-9.573728e+00	-2.921772e+02
5.700000e-07	-1.367904e-06	-4.327365e-09	-9.245268e+00	-2.856392e+02
5.800000e-07	-1.318845e-06	-4.235501e-09	-8.913695e+00	-2.790106e+02
5.900000e-07	-1.269150e-06	-4.138658e-09	-8.577821e+00	-2.722650e+02
6.000000e-07	-1.218780e-06	-4.023342e-09	-8.237384e+00	-2.653886e+02
6.100000e-07	-1.167656e-06	-3.904876e-09	-7.891851e+00	-2.583853e+02
6.200000e-07	-1.115840e-06	-3.809611e-09	-7.541643e+00	-2.512755e+02
6.300000e-07	-1.063602e-06	-3.702704e-09	-7.188577e+00	-2.440887e+02
6.400000e-07	-1.011092e-06	-3.583026e-09	-6.833680e+00	-2.368522e+02
6.500000e-07	-9.582362e-07	-3.466508e-09	-6.476442e+00	-2.295823e+02
6.600000e-07	-9.049905e-07	-3.363459e-09	-6.116570e+00	-2.222793e+02
6.700000e-07	-8.513965e-07	-3.262049e-09	-5.754343e+00	-2.149287e+02
6.800000e-07	-7.975077e-07	-3.145722e-09	-5.390124e+00	-2.075091e+02
6.900000e-07	-7.433455e-07	-3.023646e-09	-5.024057e+00	-2.000013e+02
7.000000e-07	-6.889496e-07	-2.904679e-09	-4.656411e+00	-1.923972e+02
7.100000e-07	-6.343922e-07	-2.793311e-09	-4.287674e+00	-1.847035e+02
7.200000e-07	-5.796732e-07	-2.671739e-09	-3.917844e+00	-1.769388e+02
7.300000e-07	-5.247460e-07	-2.545783e-09	-3.546607e+00	-1.691267e+02
7.400000e-07	-4.696388e-07	-2.425405e-09	-3.174153e+00	-1.612854e+02
7.500000e-07	-4.142920e-07	-2.314486e-09	-2.800080e+00	-1.534203e+02
7.600000e-07	-3.587220e-07	-2.200896e-09	-2.424499e+00	-1.455210e+02
7.700000e-07	-3.030724e-07	-2.075880e-09	-2.048379e+00	-1.375652e+02
7.800000e-07	-2.473013e-07	-1.946426e-09	-1.671438e+00	-1.295264e+02
7.900000e-07	-1.913534e-07	-1.821430e-09	-1.293303e+00	-1.213848e+02
8.000000e-07	-1.353216e-07	-1.699235e-09	-9.145994e-01	-1.131343e+02
8.100000e-07	-7.927599e-08	-1.567602e-09	-5.358036e-01	-1.047855e+02
8.200000e-07	-2.318861e-08	-1.434760e-09	-1.567251e-01	-9.636183e+01
8.300000e-07	3.290455e-08	-1.306676e-09	2.223923e-01	-8.789081e+01
8.400000e-07	8.895577e-08	-1.183880e-09	6.012264e-01	-7.939383e+01
8.500000e-07	1.449354e-07	-1.057569e-09	9.795766e-01	-7.087834e+01
8.600000e-07	2.008734e-07	-9.244662e-10	1.357645e+00	-6.233521e+01
8.700000e-07	2.567610e-07	-7.905639e-10	1.735374e+00	-5.374227e+01
8.800000e-07	3.125387e-07	-6.591844e-10	2.112359e+00	-4.507240e+01
8.900000e-07	3.682113e-07	-5.271459e-10	2.488634e+00	-3.630303e+01
9.000000e-07	4.237362e-07	-3.881465e-10	2.863911e+00	-2.742336e+01
9.100000e-07	4.790498e-07	-2.488911e-10	3.237759e+00	-1.843654e+01
9.200000e-07	5.341017e-07	-1.144563e-10	3.609839e+00	-9.356390e+00
9.300000e-07	5.889235e-07	1.849867e-11	3.980364e+00	-2.000852e-01
9.400000e-07	6.436168e-07	1.572109e-10	4.350020e+00	9.020008e+00
9.500000e-07	6.981833e-07	3.010800e-10	4.718820e+00	1.830195e+01
9.600000e-07	7.525169e-07	4.468248e-10	5.086044e+00	2.765509e+01
9.700000e-07	8.065802e-07	5.929277e-10	5.451443e+00	3.709587e+01
9.800000e-07	8.603760e-07	7.407131e-10	5.815033e+00	4.664042e+01
9.900000e-07	9.138166e-07	8.915742e-10	6.176223e+00	5.629703e+01
1.000000e-06	9.668994e-07	1.039070e-09	6.534994e+00	6.606163e+01
1.010000e-06	1.019661e-06	1.181824e-09	6.891597e+00	7.591818e+01
1.020000e-06	1.072075e-06	1.326915e-09	7.245844e+00	8.584371e+01
1.030000e-06	1.124053e-06	1.479770e-09	7.597150e+00	9.581613e+01
1.040000e-06	1.175481e-06	1.635007e-09	7.944740e+00	1.058214e+02
1.050000e-06	1.226214e-06	1.789503e-09	8.287629e+00	1.158575e+02
1.060000e-06	1.276178e-06	1.945350e-09	8.625316e+00	1.259329e+02
1.070000e-06	1.325472e-06	2.103784e-09	8.958483e+00	1.360607e+02
1.080000e-06	1.374272e-06	2.260241e-09	9.288310e+00	1.462510e+02
1.090000e-06	1.422722e-06	2.413390e-09	9.615766e+00	1.565031e+02
1.100000e-06	1.470834e-06	2.565369e-09	9.940943e+00	1.668027e+02
1.110000e-06	1.518498e-06	2.718018e-09	1.026309e+01	1.771236e+02
1.120000e-06	1.565579e-06	2.875652e-09	1.058130e+01	1.874340e+02
1.130000e-06	1.612064e-06	3.037556e-09	1.089547e+01	1.977053e+02
1.140000e-06	1.657973e-06	3.199266e-09	1.120576e+01	2.079190e+02
1.150000e-06	1.703321e-06	3.356442e-09	1.151225e+01	2.180697e+02
1.160000e-06	1.748192e-06	3.510077e-09	1.181553e+01	2.281634e+02
1.170000e-06	1.792695e-06	3.662811e-09	1.211631e+01	2.382111e+02
1.180000e-06	1.836700e-06	3.813152e-09	1.241373e+01	2.482199e+02
1.190000e-06	1.879884e-06	3.962420e-09	1.270559e+01	2.581868e+02
1.200000e-06	1.922015e-06	4.111834e-09	1.299035e+01	2.680947e+02
1.210000e-06	1.963250e-06	4.261759e-09	1.326904e+01	2.779150e+02
1.220000e-06	2.003886e-06	4.411128e-09	1.354369e+01	2.876131e+02
1.230000e-06	2.043964e-06	4.558493e-09	1.381456e+01	2.971563e+02
1.240000e-06	2.083382e-06	4.701935e-09	1.408098e+01	3.065196e+02
1.250000e-06	2.122067e-06	4.839083e-09	1.434244e+01	3.156890e+02
1.260000e-06	2.160035e-06	4.973130e-09	1.459905e+01	3.246588e+02
1.270000e-06	2.197294e-06	5.104836e-09	1.485088e+01	3.334269e+02
1.280000e-06	2.233936e-06	5.235543e-09	1.509853e+01	3.419885e+02
1.290000e-06	2.269979e-06	5.363889e-09	1.534213e+01	3.503311e+02
1.300000e-06	2.305003e-06	5.486371e-09	1.557885e+01	3.584342e+02
1.310000e-06	2.338802e-06	5.602591e-09	1.580729e+01	3.662727e+02
1.320000e-06	2.371716e-06	5.715918e-09	1.602974e+01	3.738234e+02
1.330000e-06	2.403943e-06	5.826699e-09	1.624756e+01	3.810719e+02
1.340000e-06	2.435387e-06	5.931461e-09	1.646008e+01	3.880172e+02
1.350000e-06	2.466023e-06	6.029715e-09	1.666713e+01	3.946719e+02
1.360000e-06	2.495841e-06	6.124990e-09	1.686867e+01	4.010584e+02
1.370000e-06	2.524878e-06	6.217326e-09	1.706492e+01	4.072013e+02
1.380000e-06	2.553279e-06	6.304810e-09	1.725687e+01	4.131199e+02
1.390000e-06	2.580789e-06	6.388731e-09	1.744281e+01	4.188233e+02
1.400000e-06	2.606997e-06	6.470807e-09	1.761994e+01	4.243085e+02
1.410000e-06	2.632039e-06	6.551019e-09	1.778919e+01	4.295646e+02
1.420000e-06	2.656233e-06	6.625999e-09	1.795271e+01	4.345785e+02
1.430000e-06	2.679533e-06	6.695959e-09	1.811019e+01	4.393418e+02
1.440000e-06	2.701932e-06	6.763591e-09	1.826158e+01	4.438550e+02
1.450000e-06	2.723473e-06	6.828690e-09	1.840717e+01	4.481284e+02
1.460000e-06	2.744208e-06	6.889620e-09	1.854731e+01	4.521780e+02
1.470000e-06	2.764184e-06	6.945765e-09	1.868233e+01	4.560192e+02
1.480000e-06	2.783175e-06	6.998681e-09	1.881067e+01	4.596608e+02
1.490000e-06	2.801102e-06	7.048486e-09	1.893184e+01	4.631005e+02
1.500000e-06	2.818017e-06	7.097087e-09	1.904616e+01	4.663260e+02
1.510000e-06	2.833829e-06	7.142549e-09	1.915303e+01	4.693187e+02
1.520000e-06	2.848516e-06	7.182224e-09	1.925230e+01	4.720617e+02
1.530000e-06	2.862147e-06	7.217554e-09	1.934443e+01	4.745469e+02
1.540000e-06	2.874727e-06	7.248681e-09	1.942945e+01	4.767793e+02
1.550000e-06	2.886139e-06	7.275926e-09	1.950658e+01	4.787779e+02
1.560000e-06	2.896209e-06	7.300949e-09	1.957464e+01	4.805706e+02
1.570000e-06	2.905121e-06	7.325600e-09	1.963488e+01	4.821872e+02
1.580000e-06	2.913118e-06	7.349502e-09	1.968892e+01	4.836510e+02
1.590000e-06	2.920136e-06	7.371581e-09	1.973636e+01	4.849729e+02
1.600000e-06	2.926145e-06	7.389144e-09	1.977697e+01	4.861506e+02
1.610000e-06	2.931238e-06	7.401757e-09	1.981139e+01	4.871715e+02
1.620000e-06	2.935508e-06	7.410886e-09	1.984025e+01	4.880199e+02
1.630000e-06	2.938676e-06	7.417462e-09	1.986166e+01	4.886845e+02
1.640000e-06	2.940461e-06	7.424042e-09	1.987373e+01	4.891643e+02
1.650000e-06	2.941167e-06	7.430659e-09	1.987850e+01	4.894698e+02
1.660000e-06	2.940986e-06	7.436809e-09	1.987728e+01	4.896199e+02
1.670000e-06	2.939893e-06	7.440132e-09	1.986989e+01	4.896341e+02
1.680000e-06	2.937875e-06	7.436389e-09	1.985625e+01	4.895246e+02
1.690000e-06	2.934972e-06	7.429471e-09	1.983663e+01	4.892902e+02
1.700000e-06	2.931356e-06	7.420680e-09	1.981219e+01	4.889150e+02
1.710000e-06	2.926744e-06	7.408463e-09	1.978102e+01	4.883728e+02
1.720000e-06	2.920809e-06	7.394560e-09	1.974091e+01	4.876371e+02
1.730000e-06	2.913837e-06	7.383073e-09	1.969378e+01	4.866924e+02
1.740000e-06	2.906078e-06	7.361457e-09	1.964134e+01	4.855446e+02
1.750000e-06	2.897127e-06	7.300119e-09	1.958084e+01	4.842244e+02
1.760000e-06	2.886434e-06	7.271148e-09	1.950857e+01	4.827852e+02
1.770000e-06	2.874341e-06	7.340682e-09	1.942684e+01	4.812916e+02
1.780000e-06	2.861993e-06	7.342120e-09	1.934338e+01	4.798042e+02
1.790000e-06	2.849378e-06	7.251661e-09	1.925813e+01	4.783631e+02
1.800000e-06	2.835215e-06	7.165927e-09	1.916240e+01	4.769762e+02
1.810000e-06	2.819450e-06	7.249128e-09	1.905585e+01	4.756145e+02
1.820000e-06	2.803121e-06	7.226263e-09	1.894548e+01	4.742183e+02
1.830000e-06	2.786076e-06	7.102568e-09	1.883028e+01	4.727097e+02
1.840000e-06	2.767703e-06	7.193499e-09	1.870611e+01	4.710118e+02
1.850000e-06	2.748512e-06	7.181191e-09	1.857640e+01	4.690651e+02
1.860000e-06	2.728678e-06	7.027948e-09	1.844234e+01	4.668404e+02
1.870000e-06	2.707324e-06	7.069571e-09	1.829802e+01	4.643411e+02
1.880000e-06	2.684635e-06	7.087707e-09	1.814468e+01	4.615982e+02
1.890000e-06	2.661237e-06	6.906446e-09	1.798653e+01	4.586567e+02
1.900000e-06	2.636849e-06	6.922108e-09	1.782170e+01	4.555610e+02
1.910000e-06	2.611642e-06	6.996141e-09	1.765133e+01	4.523419e+02
1.920000e-06	2.585820e-06	6.847119e-09	1.747681e+01	4.490097e+02
1.930000e-06	2.559086e-06	6.768451e-09	1.729612e+01	4.455565e+02
1.940000e-06	2.531603e-06	6.780683e-09	1.711038e+01	4.419637e+02
1.950000e-06	2.503268e-06	6.653232e-09	1.691887e+01	4.382135e+02
1.960000e-06	2.473455e-06	6.632723e-09	1.671737e+01	4.342995e+02
1.970000e-06	2.442476e-06	6.582168e-09	1.650799e+01	4.302313e+02
1.980000e-06	2.410838e-06	6.447749e-09	1.629416e+01	4.260332e+02
1.990000e-06	2.378370e-06	6.485557e-09	1.607472e+01	4.217359e+02
2.000000e-06	2.345170e-06	6.419960e-09	1.585033e+01	4.173658e+02
2.010000e-06	2.311218e-06	6.254017e-09	1.562086e+01	4.129352e+02
2.020000e-06	2.276457e-06	6.243895e-09	1.538592e+01	4.084373e+02
2.030000e-06	2.241155e-06	6.167306e-09	1.514732e+01	4.038485e+02
2.040000e-06	2.205020e-06	6.055538e-09	1.490310e+01	3.991369e+02
2.050000e-06	2.167707e-06	6.054426e-09	1.465090e+01	3.942736e+02
2.060000e-06	2.129444e-06	5.944848e-09	1.439229e+01	3.892439e+02
2.070000e-06	2.090511e-06	5.836921e-09	1.412916e+01	3.840523e+02
2.080000e-06	2.050947e-06	5.802233e-09	1.386176e+01	3.787217e+02
2.090000e-06	2.010651e-06	5.703523e-09	1.358941e+01	3.732855e+02
2.100000e-06	1.969686e-06	5.608015e-09	1.331254e+01	3.677757e+02
2.110000e-06	1.928170e-06	5.521592e-09	1.303194e+01	3.622125e+02
2.120000e-06	1.885949e-06	5.439837e-09	1.274659e+01	3.565978e+02
2.130000e-06	1.843085e-06	5.370200e-09	1.245688e+01	3.509159e+02
2.140000e-06	1.799823e-06	5.263522e-09	1.216448e+01	3.451412e+02
2.150000e-06	1.756079e-06	5.163034e-09	1.186883e+01	3.392483e+02
2.160000e-06	1.711680e-06	5.083976e-09	1.156875e+01	3.332236e+02
2.170000e-06	1.666513e-06	4.998808e-09	1.126348e+01	3.270701e+02
2.180000e-06	1.620701e-06	4.908131e-09	1.095385e+01	3.208079e+02
2.190000e-06	1.574393e-06	4.795680e-09	1.064087e+01	3.144659e+02
2.200000e-06	1.527651e-06	4.699328e-09	1.032495e+01	3.080714e+02
2.210000e-06	1.480348e-06	4.609764e-09	1.000525e+01	3.016398e+02
2.220000e-06	1.432240e-06	4.502002e-09	9.680100e+00	2.951688e+02
2.230000e-06	1.383466e-06	4.408192e-09	9.350448e+00	2.886391e+02
2.240000e-06	1.334285e-06	4.296507e-09	9.018048e+00	2.820220e+02
2.250000e-06	1.284736e-06	4.201747e-09	8.683162e+00	2.752903e+02
2.260000e-06	1.234725e-06	4.117389e-09	8.345148e+00	2.684283e+02
2.270000e-06	1.184163e-06	3.997037e-09	8.003413e+00	2.614382e+02
2.280000e-06	1.133173e-06	3.883081e-09	7.658793e+00	2.543390e+02
2.290000e-06	1.081868e-06	3.777661e-09	7.312035e+00	2.471593e+02
2.300000e-06	1.030109e-06	3.673424e-09	6.962211e+00	2.399274e+02
2.310000e-06	9.778118e-07	3.561555e-09	6.608748e+00	2.326612e+02
2.320000e-06	9.248912e-07	3.437174e-09	6.251073e+00	2.253625e+02
2.330000e-06	8.713943e-07	3.325576e-09	5.889503e+00	2.180184e+02
2.340000e-06	8.174123e-07	3.221237e-09	5.524654e+00	2.106076e+02
2.350000e-06	7.629849e-07	3.109013e-09	5.156795e+00	2.031102e+02
2.360000e-06	7.082496e-07	2.993043e-09	4.786855e+00	1.955168e+02
2.370000e-06	6.533405e-07	2.873105e-09	4.415740e+00	1.878323e+02
2.380000e-06	5.983097e-07	2.759417e-09	4.043802e+00	1.800745e+02
2.390000e-06	5.431695e-07	2.642534e-09	3.671126e+00	1.722668e+02
2.400000e-06	4.879392e-07	2.515206e-09	3.297841e+00	1.644284e+02
2.410000e-06	4.326161e-07	2.390146e-09	2.923928e+00	1.565664e+02
2.420000e-06	3.771560e-07	2.269006e-09	2.549088e+00	1.486721e+02
2.430000e-06	3.215503e-07	2.156102e-09	2.173266e+00	1.407240e+02
2.440000e-06	2.659350e-07	2.037235e-09	1.797378e+00	1.326956e+02
2.450000e-06	2.102917e-07	1.910235e-09	1.421301e+00	1.245660e+02
2.460000e-06	1.544997e-07	1.785015e-09	1.044219e+00	1.163272e+02
2.470000e-06	9.861690e-08	1.658669e-09	6.665232e-01	1.079884e+02
2.480000e-06	4.271040e-08	1.529086e-09	2.886673e-01	9.957180e+01
2.490000e-06	-1.319963e-08	1.395066e-09	-8.921250e-02	9.110501e+01
2.500000e-06	-6.908901e-08	1.266335e-09	-4.669527e-01	8.261053e+01
2.510000e-06	-1.249439e-07	1.142549e-09	-8.444600e-01	7.409754e+01
2.520000e-06	-1.807307e-07	1.014463e-09	-1.221506e+00	6.555862e+01
2.530000e-06	-2.364250e-07	8.793670e-10	-1.597929e+00	5.697267e+01
2.540000e-06	-2.920358e-07	7.434782e-10	-1.973785e+00	4.831264e+01
2.550000e-06	-3.475460e-07	6.117664e-10	-2.348963e+00	3.955507e+01
2.560000e-06	-4.029449e-07	4.794420e-10	-2.723389e+00	3.068766e+01
2.570000e-06	-4.582575e-07	3.408446e-10	-3.097230e+00	2.171216e+01
2.580000e-06	-5.134893e-07	1.991327e-10	-3.470526e+00	1.264154e+01
2.590000e-06	-5.686374e-07	6.125072e-11	-3.843256e+00	3.493023e+00
2.600000e-06	-6.236850e-07	-7.547376e-11	-4.215307e+00	-5.720175e+00
2.610000e-06	-6.785668e-07	-2.164626e-10	-4.586237e+00	-1.499486e+01
2.620000e-06	-7.332471e-07	-3.633160e-10	-4.955805e+00	-2.433929e+01
2.630000e-06	-7.876522e-07	-5.082616e-10	-5.323514e+00	-3.376947e+01
2.640000e-06	-8.416893e-07	-6.503560e-10	-5.688735e+00	-4.330195e+01
2.650000e-06	-8.952245e-07	-7.952559e-10	-6.050564e+00	-5.294615e+01
2.660000e-06	-9.481433e-07	-9.476196e-10	-6.408227e+00	-6.269940e+01
2.670000e-06	-1.000493e-06	-1.101944e-09	-6.762042e+00	-7.254677e+01
2.680000e-06	-1.052335e-06	-1.250508e-09	-7.112432e+00	-8.246569e+01
2.690000e-06	-1.103749e-06	-1.399348e-09	-7.459923e+00	-9.243358e+01
2.700000e-06	-1.154812e-06	-1.553413e-09	-7.805043e+00	-1.024353e+02
2.710000e-06	-1.205481e-06	-1.711584e-09	-8.147496e+00	-1.124675e+02
2.720000e-06	-1.255715e-06	-1.866206e-09	-8.487016e+00	-1.225377e+02
2.730000e-06	-1.305487e-06	-2.017182e-09	-8.823412e+00	-1.326589e+02
2.740000e-06	-1.354763e-06	-2.171217e-09	-9.156453e+00	-1.428420e+02
2.750000e-06	-1.403547e-06	-2.329607e-09	-9.486169e+00	-1.530875e+02
2.760000e-06	-1.451701e-06	-2.487296e-09	-9.811629e+00	-1.633828e+02
2.770000e-06	-1.498950e-06	-2.642460e-09	-1.013097e+01	-1.737025e+02
2.780000e-06	-1.545358e-06	-2.797940e-09	-1.044463e+01	-1.840151e+02
2.790000e-06	-1.591254e-06	-2.956309e-09	-1.075483e+01	-1.942914e+02
2.800000e-06	-1.636721e-06	-3.116769e-09	-1.106212e+01	-2.045113e+02
2.810000e-06	-1.681742e-06	-3.271883e-09	-1.136641e+01	-2.146683e+02
2.820000e-06	-1.726214e-06	-3.420643e-09	-1.166698e+01	-2.247672e+02
2.830000e-06	-1.770095e-06	-3.569676e-09	-1.196356e+01	-2.348190e+02
2.840000e-06	-1.813503e-06	-3.723716e-09	-1.225694e+01	-2.448316e+02
2.850000e-06	-1.856452e-06	-3.878195e-09	-1.254722e+01	-2.548031e+02
2.860000e-06	-1.898829e-06	-4.029431e-09	-1.283364e+01	-2.647182e+02
2.870000e-06	-1.940557e-06	-4.181481e-09	-1.311567e+01	-2.745492e+02
2.880000e-06	-1.981628e-06	-4.334207e-09	-1.339325e+01	-2.842617e+02
2.890000e-06	-2.022021e-06	-4.481938e-09	-1.366626e+01	-2.938224e+02
2.900000e-06	-2.061746e-06	-4.622308e-09	-1.393475e+01	-3.032055e+02
2.910000e-06	-2.100942e-06	-4.759516e-09	-1.419966e+01	-3.123957e+02
2.920000e-06	-2.139525e-06	-4.897938e-09	-1.446044e+01	-3.213866e+02
2.930000e-06	-2.177091e-06	-5.036243e-09	-1.471433e+01	-3.301762e+02
2.940000e-06	-2.213501e-06	-5.168848e-09	-1.496041e+01	-3.387599e+02
2.950000e-06	-2.249051e-06	-5.297331e-09	-1.520068e+01	-3.471265e+02
2.960000e-06	-2.283977e-06	-5.424598e-09	-1.543674e+01	-3.552560e+02
2.970000e-06	-2.318206e-06	-5.548110e-09	-1.566809e+01	-3.631237e+02
2.980000e-06	-2.351640e-06	-5.663116e-09	-1.589406e+01	-3.707058e+02
2.990000e-06	-2.384228e-06	-5.771162e-09	-1.611431e+01	-3.779866e+02
3.000000e-06	-2.416063e-06	-5.877998e-09	-1.632948e+01	-3.849636e+02
3.010000e-06	-2.447236e-06	-5.984928e-09	-1.654016e+01	-3.916482e+02
3.020000e-06	-2.477543e-06	-6.086729e-09	-1.674500e+01	-3.980618e+02
3.030000e-06	-2.506626e-06	-6.181547e-09	-1.694156e+01	-4.042294e+02
3.040000e-06	-2.534526e-06	-6.273496e-09	-1.713013e+01	-4.101711e+02
3.050000e-06	-2.561616e-06	-6.365239e-09	-1.731323e+01	-4.158970e+02
3.060000e-06	-2.587912e-06	-6.453435e-09	-1.749095e+01	-4.214057e+02
3.070000e-06	-2.613311e-06	-6.532624e-09	-1.766262e+01	-4.266866e+02
3.080000e-06	-2.637802e-06	-6.605923e-09	-1.782814e+01	-4.317267e+02
3.090000e-06	-2.661459e-06	-6.679967e-09	-1.798803e+01	-4.365166e+02
3.100000e-06	-2.684397e-06	-6.754762e-09	-1.814306e+01	-4.410559e+02
3.110000e-06	-2.706297e-06	-6.824273e-09	-1.829108e+01	-4.453539e+02
3.120000e-06	-2.726834e-06	-6.885692e-09	-1.842988e+01	-4.494263e+02
3.130000e-06	-2.746328e-06	-6.943082e-09	-1.856164e+01	-4.532889e+02
3.140000e-06	-2.765037e-06	-7.000712e-09	-1.868809e+01	-4.569514e+02
3.150000e-06	-2.782837e-06	-7.057583e-09	-1.880839e+01	-4.604128e+02
3.160000e-06	-2.799701e-06	-7.108666e-09	-1.892237e+01	-4.636617e+02
3.170000e-06	-2.815693e-06	-7.154148e-09	-1.903045e+01	-4.666799e+02
3.180000e-06	-2.830863e-06	-7.197860e-09	-1.913298e+01	-4.694499e+02
3.190000e-06	-2.844945e-06	-7.240908e-09	-1.922816e+01	-4.719624e+02
3.200000e-06	-2.857553e-06	-7.280626e-09	-1.931338e+01	-4.742208e+02
3.210000e-06	-2.868880e-06	-7.312266e-09	-1.938993e+01	-4.762428e+02
3.220000e-06	-2.879139e-06	-7.338976e-09	-1.945927e+01	-4.780558e+02
3.230000e-06	-2.888387e-06	-7.364505e-09	-1.952178e+01	-4.796897e+02
3.240000e-06	-2.896694e-06	-7.387912e-09	-1.957792e+01	-4.811686e+02
3.250000e-06	-2.904151e-06	-7.406637e-09	-1.962832e+01	-4.825053e+02
3.260000e-06	-2.910695e-06	-7.422786e-09	-1.967255e+01	-4.836985e+02
3.270000e-06	-2.915959e-06	-7.439854e-09	-1.970813e+01	-4.847366e+02
3.280000e-06	-2.919944e-06	-7.456411e-09	-1.973506e+01	-4.856038e+02
3.290000e-06	-2.922969e-06	-7.468261e-09	-1.975551e+01	-4.862880e+02
3.300000e-06	-2.925101e-06	-7.475177e-09	-1.976992e+01	-4.867869e+02
3.310000e-06	-2.926315e-06	-7.479169e-09	-1.977812e+01	-4.871100e+02
3.320000e-06	-2.926559e-06	-7.480433e-09	-1.977977e+01	-4.872753e+02
