# Temperatura_=_17.86
# Concentracion g/m^3_=_18700.0
# C_Vs_to_Am_M_A/Vsm_=_65563218390.804596
# pendiente_HvsI_1/m_=_3716.3
# ordenada_HvsI_A/m_=_1297.0
# frecuencia_Hz_=_301041.3268627036

Tiempo_(s)	Campo_(V.s)	Magnetizacion_(V.s)	Campo_(kA/m)	Magnetizacion_(A/m)
0.000000e+00	-2.927927e-06	-7.219146e-09	-1.977777e+01	-4.710191e+02
1.000000e-08	-2.927234e-06	-7.222460e-09	-1.977308e+01	-4.709782e+02
2.000000e-08	-2.925621e-06	-7.221573e-09	-1.976219e+01	-4.707652e+02
3.000000e-08	-2.922706e-06	-7.216191e-09	-1.974250e+01	-4.704159e+02
4.000000e-08	-2.918636e-06	-7.208146e-09	-1.971501e+01	-4.699576e+02
5.000000e-08	-2.913799e-06	-7.197516e-09	-1.968233e+01	-4.693956e+02
6.000000e-08	-2.908162e-06	-7.186054e-09	-1.964426e+01	-4.687107e+02
7.000000e-08	-2.901530e-06	-7.174071e-09	-1.959946e+01	-4.678671e+02
8.000000e-08	-2.893800e-06	-7.155488e-09	-1.954724e+01	-4.668297e+02
9.000000e-08	-2.884871e-06	-7.171329e-09	-1.948693e+01	-4.655837e+02
1.000000e-07	-2.874378e-06	-7.179054e-09	-1.941605e+01	-4.641484e+02
1.100000e-07	-2.862551e-06	-7.142317e-09	-1.933616e+01	-4.625783e+02
1.200000e-07	-2.850051e-06	-7.002626e-09	-1.925172e+01	-4.609508e+02
1.300000e-07	-2.836772e-06	-6.975403e-09	-1.916202e+01	-4.593424e+02
1.400000e-07	-2.822327e-06	-7.089478e-09	-1.906445e+01	-4.578025e+02
1.500000e-07	-2.806646e-06	-7.012670e-09	-1.895853e+01	-4.563335e+02
1.600000e-07	-2.789820e-06	-6.914699e-09	-1.884487e+01	-4.548852e+02
1.700000e-07	-2.771830e-06	-6.974458e-09	-1.872335e+01	-4.533659e+02
1.800000e-07	-2.752877e-06	-6.985505e-09	-1.859532e+01	-4.516681e+02
1.900000e-07	-2.733271e-06	-6.820643e-09	-1.846289e+01	-4.496983e+02
2.000000e-07	-2.712879e-06	-6.813756e-09	-1.832515e+01	-4.474037e+02
2.100000e-07	-2.691454e-06	-6.844515e-09	-1.818042e+01	-4.447845e+02
2.200000e-07	-2.669166e-06	-6.685630e-09	-1.802987e+01	-4.418894e+02
2.300000e-07	-2.646072e-06	-6.696583e-09	-1.787387e+01	-4.387959e+02
2.400000e-07	-2.622053e-06	-6.747882e-09	-1.771163e+01	-4.355825e+02
2.500000e-07	-2.597293e-06	-6.564204e-09	-1.754438e+01	-4.323037e+02
2.600000e-07	-2.571569e-06	-6.479540e-09	-1.737062e+01	-4.289750e+02
2.700000e-07	-2.544505e-06	-6.514122e-09	-1.718780e+01	-4.255736e+02
2.800000e-07	-2.516381e-06	-6.448783e-09	-1.699782e+01	-4.220525e+02
2.900000e-07	-2.487447e-06	-6.385199e-09	-1.680238e+01	-4.183629e+02
3.000000e-07	-2.457627e-06	-6.303433e-09	-1.660095e+01	-4.144749e+02
3.100000e-07	-2.427043e-06	-6.249187e-09	-1.639436e+01	-4.103903e+02
3.200000e-07	-2.395762e-06	-6.230629e-09	-1.618306e+01	-4.061411e+02
3.300000e-07	-2.363751e-06	-6.125029e-09	-1.596683e+01	-4.017772e+02
3.400000e-07	-2.331083e-06	-6.004497e-09	-1.574616e+01	-3.973470e+02
3.500000e-07	-2.297614e-06	-6.000446e-09	-1.552008e+01	-3.928792e+02
3.600000e-07	-2.263033e-06	-5.931973e-09	-1.528649e+01	-3.883726e+02
3.700000e-07	-2.227313e-06	-5.834975e-09	-1.504521e+01	-3.837981e+02
3.800000e-07	-2.190795e-06	-5.810489e-09	-1.479854e+01	-3.791109e+02
3.900000e-07	-2.153661e-06	-5.685020e-09	-1.454770e+01	-3.742683e+02
4.000000e-07	-2.115822e-06	-5.594582e-09	-1.429210e+01	-3.692461e+02
4.100000e-07	-2.077183e-06	-5.574461e-09	-1.403110e+01	-3.640478e+02
4.200000e-07	-2.037735e-06	-5.475212e-09	-1.376464e+01	-3.587032e+02
4.300000e-07	-1.997653e-06	-5.348831e-09	-1.349389e+01	-3.532571e+02
4.400000e-07	-1.957151e-06	-5.298144e-09	-1.322030e+01	-3.477531e+02
4.500000e-07	-1.916143e-06	-5.229896e-09	-1.294330e+01	-3.422190e+02
4.600000e-07	-1.874267e-06	-5.132056e-09	-1.266043e+01	-3.366579e+02
4.700000e-07	-1.831312e-06	-5.034075e-09	-1.237027e+01	-3.310491e+02
4.800000e-07	-1.787408e-06	-4.939863e-09	-1.207371e+01	-3.253578e+02
4.900000e-07	-1.742930e-06	-4.871209e-09	-1.177327e+01	-3.195483e+02
5.000000e-07	-1.698025e-06	-4.785035e-09	-1.146994e+01	-3.135975e+02
5.100000e-07	-1.652595e-06	-4.681882e-09	-1.116306e+01	-3.075025e+02
5.200000e-07	-1.606552e-06	-4.573973e-09	-1.085205e+01	-3.012803e+02
5.300000e-07	-1.559920e-06	-4.491194e-09	-1.053706e+01	-2.949605e+02
5.400000e-07	-1.512705e-06	-4.397878e-09	-1.021813e+01	-2.885744e+02
5.500000e-07	-1.464909e-06	-4.301524e-09	-9.895268e+00	-2.821438e+02
5.600000e-07	-1.416679e-06	-4.194194e-09	-9.569482e+00	-2.756750e+02
5.700000e-07	-1.368077e-06	-4.082858e-09	-9.241184e+00	-2.691578e+02
5.800000e-07	-1.319006e-06	-3.995640e-09	-8.909711e+00	-2.625712e+02
5.900000e-07	-1.269184e-06	-3.899495e-09	-8.573172e+00	-2.558924e+02
6.000000e-07	-1.218555e-06	-3.782691e-09	-8.231179e+00	-2.491049e+02
6.100000e-07	-1.167255e-06	-3.668085e-09	-7.884657e+00	-2.422040e+02
6.200000e-07	-1.115375e-06	-3.578031e-09	-7.534210e+00	-2.351985e+02
6.300000e-07	-1.063084e-06	-3.472579e-09	-7.180991e+00	-2.281065e+02
6.400000e-07	-1.010494e-06	-3.354887e-09	-6.825753e+00	-2.209496e+02
6.500000e-07	-9.575922e-07	-3.235945e-09	-6.468411e+00	-2.137469e+02
6.600000e-07	-9.043122e-07	-3.129624e-09	-6.108511e+00	-2.065099e+02
6.700000e-07	-8.506789e-07	-3.027914e-09	-5.746225e+00	-1.992418e+02
6.800000e-07	-7.967310e-07	-2.912380e-09	-5.381814e+00	-1.919381e+02
6.900000e-07	-7.425161e-07	-2.793390e-09	-5.015600e+00	-1.845900e+02
7.000000e-07	-6.881208e-07	-2.677225e-09	-4.648166e+00	-1.771883e+02
7.100000e-07	-6.335444e-07	-2.571626e-09	-4.279510e+00	-1.697256e+02
7.200000e-07	-5.787692e-07	-2.457635e-09	-3.909511e+00	-1.621977e+02
7.300000e-07	-5.238068e-07	-2.337490e-09	-3.538247e+00	-1.546037e+02
7.400000e-07	-4.686166e-07	-2.217059e-09	-3.165444e+00	-1.469443e+02
7.500000e-07	-4.131860e-07	-2.104031e-09	-2.791018e+00	-1.392211e+02
7.600000e-07	-3.575822e-07	-1.989551e-09	-2.415421e+00	-1.314354e+02
7.700000e-07	-3.018329e-07	-1.864224e-09	-2.038842e+00	-1.235881e+02
7.800000e-07	-2.459711e-07	-1.735469e-09	-1.661503e+00	-1.156795e+02
7.900000e-07	-1.900428e-07	-1.613899e-09	-1.283714e+00	-1.077103e+02
8.000000e-07	-1.340101e-07	-1.499240e-09	-9.052207e-01	-9.968170e+01
8.100000e-07	-7.788749e-08	-1.374806e-09	-5.261199e-01	-9.159594e+01
8.200000e-07	-2.178733e-08	-1.246901e-09	-1.471706e-01	-8.345629e+01
8.300000e-07	3.425048e-08	-1.121147e-09	2.313575e-01	-7.526690e+01
8.400000e-07	9.027898e-08	-9.997671e-10	6.098228e-01	-6.703215e+01
8.500000e-07	1.462983e-07	-8.722342e-10	9.882262e-01	-5.875579e+01
8.600000e-07	2.022724e-07	-7.379385e-10	1.366324e+00	-5.043972e+01
8.700000e-07	2.581217e-07	-6.067598e-10	1.743578e+00	-4.208284e+01
8.800000e-07	3.138650e-07	-4.842727e-10	2.120118e+00	-3.368026e+01
8.900000e-07	3.695226e-07	-3.636463e-10	2.496077e+00	-2.522343e+01
9.000000e-07	4.250069e-07	-2.331522e-10	2.870866e+00	-1.670137e+01
9.100000e-07	4.803324e-07	-9.889212e-11	3.244583e+00	-8.102996e+00
9.200000e-07	5.354813e-07	3.409846e-11	3.617106e+00	5.801416e-01
9.300000e-07	5.904235e-07	1.662910e-10	3.988234e+00	9.351473e+00
9.400000e-07	6.451280e-07	3.033762e-10	4.357756e+00	1.820843e+01
9.500000e-07	6.996339e-07	4.412947e-10	4.725936e+00	2.714341e+01
9.600000e-07	7.539814e-07	5.762976e-10	5.093046e+00	3.614650e+01
9.700000e-07	8.081073e-07	7.099895e-10	5.458660e+00	4.520915e+01
9.800000e-07	8.619207e-07	8.462720e-10	5.822162e+00	5.432739e+01
9.900000e-07	9.153683e-07	9.875203e-10	6.183194e+00	6.350314e+01
1.000000e-06	9.684998e-07	1.127375e-09	6.542090e+00	7.274292e+01
1.010000e-06	1.021266e-06	1.266776e-09	6.898521e+00	8.205426e+01
1.020000e-06	1.073624e-06	1.408998e-09	7.252189e+00	9.144090e+01
1.030000e-06	1.125624e-06	1.553612e-09	7.603447e+00	1.008990e+02
1.040000e-06	1.177142e-06	1.697013e-09	7.951440e+00	1.104155e+02
1.050000e-06	1.228009e-06	1.840228e-09	8.295041e+00	1.199708e+02
1.060000e-06	1.278179e-06	1.985431e-09	8.633930e+00	1.295430e+02
1.070000e-06	1.327571e-06	2.132748e-09	8.967567e+00	1.391145e+02
1.080000e-06	1.376333e-06	2.278445e-09	9.296948e+00	1.486765e+02
1.090000e-06	1.424750e-06	2.421331e-09	9.623999e+00	1.582309e+02
1.100000e-06	1.472856e-06	2.563929e-09	9.948953e+00	1.677869e+02
1.110000e-06	1.520529e-06	2.708001e-09	1.027098e+01	1.773552e+02
1.120000e-06	1.567633e-06	2.854400e-09	1.058916e+01	1.869405e+02
1.130000e-06	1.614134e-06	3.002484e-09	1.090326e+01	1.965361e+02
1.140000e-06	1.660049e-06	3.150314e-09	1.121342e+01	2.061224e+02
1.150000e-06	1.705364e-06	3.296849e-09	1.151951e+01	2.156710e+02
1.160000e-06	1.750158e-06	3.440691e-09	1.182209e+01	2.251524e+02
1.170000e-06	1.794579e-06	3.581119e-09	1.212215e+01	2.345440e+02
1.180000e-06	1.838589e-06	3.720813e-09	1.241943e+01	2.438370e+02
1.190000e-06	1.881881e-06	3.862058e-09	1.271186e+01	2.530362e+02
1.200000e-06	1.924071e-06	4.002567e-09	1.299685e+01	2.621555e+02
1.210000e-06	1.965268e-06	4.141144e-09	1.327513e+01	2.712083e+02
1.220000e-06	2.005842e-06	4.275895e-09	1.354920e+01	2.801971e+02
1.230000e-06	2.045913e-06	4.410014e-09	1.381987e+01	2.891067e+02
1.240000e-06	2.085338e-06	4.543138e-09	1.408618e+01	2.979034e+02
1.250000e-06	2.124011e-06	4.669569e-09	1.434742e+01	3.065415e+02
1.260000e-06	2.161957e-06	4.793563e-09	1.460374e+01	3.149740e+02
1.270000e-06	2.199098e-06	4.917392e-09	1.485462e+01	3.231650e+02
1.280000e-06	2.235615e-06	5.040971e-09	1.510129e+01	3.310980e+02
1.290000e-06	2.271639e-06	5.158995e-09	1.534463e+01	3.387777e+02
1.300000e-06	2.306747e-06	5.271050e-09	1.558178e+01	3.462242e+02
1.310000e-06	2.340630e-06	5.378956e-09	1.581065e+01	3.534627e+02
1.320000e-06	2.373507e-06	5.484718e-09	1.603273e+01	3.605117e+02
1.330000e-06	2.405684e-06	5.586825e-09	1.625008e+01	3.673751e+02
1.340000e-06	2.437150e-06	5.684909e-09	1.646263e+01	3.740405e+02
1.350000e-06	2.467801e-06	5.781714e-09	1.666967e+01	3.804855e+02
1.360000e-06	2.497638e-06	5.876493e-09	1.687122e+01	3.866875e+02
1.370000e-06	2.526649e-06	5.965644e-09	1.706719e+01	3.926339e+02
1.380000e-06	2.554970e-06	6.049782e-09	1.725849e+01	3.983280e+02
1.390000e-06	2.582502e-06	6.132785e-09	1.744447e+01	4.037882e+02
1.400000e-06	2.608788e-06	6.214343e-09	1.762202e+01	4.090406e+02
1.410000e-06	2.633813e-06	6.292960e-09	1.779107e+01	4.141077e+02
1.420000e-06	2.657944e-06	6.365323e-09	1.795407e+01	4.189986e+02
1.430000e-06	2.681226e-06	6.432331e-09	1.811133e+01	4.237043e+02
1.440000e-06	2.703599e-06	6.497385e-09	1.826246e+01	4.282009e+02
1.450000e-06	2.725087e-06	6.560494e-09	1.840761e+01	4.324589e+02
1.460000e-06	2.745794e-06	6.620173e-09	1.854748e+01	4.364552e+02
1.470000e-06	2.765798e-06	6.676751e-09	1.868261e+01	4.401828e+02
1.480000e-06	2.784813e-06	6.731517e-09	1.881105e+01	4.436545e+02
1.490000e-06	2.802686e-06	6.781971e-09	1.893178e+01	4.468980e+02
1.500000e-06	2.819550e-06	6.825300e-09	1.904569e+01	4.499449e+02
1.510000e-06	2.835344e-06	6.861821e-09	1.915238e+01	4.528183e+02
1.520000e-06	2.850026e-06	6.896778e-09	1.925156e+01	4.555234e+02
1.530000e-06	2.863673e-06	6.933362e-09	1.934374e+01	4.580458e+02
1.540000e-06	2.876287e-06	6.967534e-09	1.942895e+01	4.603582e+02
1.550000e-06	2.887768e-06	6.998657e-09	1.950650e+01	4.624332e+02
1.560000e-06	2.897898e-06	7.029213e-09	1.957493e+01	4.642569e+02
1.570000e-06	2.906812e-06	7.057593e-09	1.963514e+01	4.658372e+02
1.580000e-06	2.914794e-06	7.080378e-09	1.968905e+01	4.672043e+02
1.590000e-06	2.921814e-06	7.095530e-09	1.973647e+01	4.684016e+02
1.600000e-06	2.927840e-06	7.106299e-09	1.977718e+01	4.694709e+02
1.610000e-06	2.932914e-06	7.117976e-09	1.981145e+01	4.704382e+02
1.620000e-06	2.937170e-06	7.129778e-09	1.984020e+01	4.713049e+02
1.630000e-06	2.940382e-06	7.140492e-09	1.986190e+01	4.720487e+02
1.640000e-06	2.942184e-06	7.151634e-09	1.987407e+01	4.726338e+02
1.650000e-06	2.942840e-06	7.162728e-09	1.987850e+01	4.730266e+02
1.660000e-06	2.942609e-06	7.170883e-09	1.987694e+01	4.732098e+02
1.670000e-06	2.941523e-06	7.171633e-09	1.986961e+01	4.731897e+02
1.680000e-06	2.939490e-06	7.163451e-09	1.985587e+01	4.729938e+02
1.690000e-06	2.936532e-06	7.154117e-09	1.983589e+01	4.726579e+02
1.700000e-06	2.932884e-06	7.145674e-09	1.981125e+01	4.722109e+02
1.710000e-06	2.928352e-06	7.135773e-09	1.978064e+01	4.716609e+02
1.720000e-06	2.922529e-06	7.122705e-09	1.974130e+01	4.709911e+02
1.730000e-06	2.915568e-06	7.115594e-09	1.969428e+01	4.701666e+02
1.740000e-06	2.907790e-06	7.104799e-09	1.964174e+01	4.691516e+02
1.750000e-06	2.898812e-06	7.042880e-09	1.958110e+01	4.679281e+02
1.760000e-06	2.888089e-06	6.995371e-09	1.950867e+01	4.665114e+02
1.770000e-06	2.876047e-06	7.066378e-09	1.942733e+01	4.649526e+02
1.780000e-06	2.863814e-06	7.086757e-09	1.934469e+01	4.633277e+02
1.790000e-06	2.851255e-06	6.995355e-09	1.925986e+01	4.617146e+02
1.800000e-06	2.837089e-06	6.872361e-09	1.916417e+01	4.601667e+02
1.810000e-06	2.821327e-06	6.977889e-09	1.905770e+01	4.586919e+02
1.820000e-06	2.805014e-06	6.994920e-09	1.894751e+01	4.572455e+02
1.830000e-06	2.787957e-06	6.854663e-09	1.883228e+01	4.557394e+02
1.840000e-06	2.769491e-06	6.948774e-09	1.870755e+01	4.540660e+02
1.850000e-06	2.750143e-06	6.967815e-09	1.857686e+01	4.521291e+02
1.860000e-06	2.730175e-06	6.797013e-09	1.844198e+01	4.498706e+02
1.870000e-06	2.708815e-06	6.816142e-09	1.829769e+01	4.472850e+02
1.880000e-06	2.686115e-06	6.860822e-09	1.814435e+01	4.444164e+02
1.890000e-06	2.662607e-06	6.663226e-09	1.798556e+01	4.413405e+02
1.900000e-06	2.638139e-06	6.642143e-09	1.782028e+01	4.381371e+02
1.910000e-06	2.612883e-06	6.740714e-09	1.764969e+01	4.348642e+02
1.920000e-06	2.586996e-06	6.611083e-09	1.747482e+01	4.315417e+02
1.930000e-06	2.560206e-06	6.502569e-09	1.729386e+01	4.281505e+02
1.940000e-06	2.532696e-06	6.518801e-09	1.710803e+01	4.246451e+02
1.950000e-06	2.504315e-06	6.414631e-09	1.691632e+01	4.209758e+02
1.960000e-06	2.474424e-06	6.394524e-09	1.671441e+01	4.171099e+02
1.970000e-06	2.443387e-06	6.321871e-09	1.650476e+01	4.130457e+02
1.980000e-06	2.411697e-06	6.198303e-09	1.629070e+01	4.088122e+02
1.990000e-06	2.379194e-06	6.247889e-09	1.607115e+01	4.044585e+02
2.000000e-06	2.345944e-06	6.153811e-09	1.584655e+01	4.000340e+02
2.010000e-06	2.311924e-06	5.998524e-09	1.561675e+01	3.955700e+02
2.020000e-06	2.277082e-06	6.016485e-09	1.538139e+01	3.910688e+02
2.030000e-06	2.241664e-06	5.910580e-09	1.514215e+01	3.865040e+02
2.040000e-06	2.205484e-06	5.801583e-09	1.489775e+01	3.818315e+02
2.050000e-06	2.168161e-06	5.830952e-09	1.464565e+01	3.770075e+02
2.060000e-06	2.129835e-06	5.692486e-09	1.438676e+01	3.720052e+02
2.070000e-06	2.090782e-06	5.583012e-09	1.412296e+01	3.668251e+02
2.080000e-06	2.051126e-06	5.565915e-09	1.385509e+01	3.614946e+02
2.090000e-06	2.010795e-06	5.451665e-09	1.358266e+01	3.560574e+02
2.100000e-06	1.969765e-06	5.362497e-09	1.330551e+01	3.505584e+02
2.110000e-06	1.928124e-06	5.281751e-09	1.302423e+01	3.450272e+02
2.120000e-06	1.885819e-06	5.195665e-09	1.273846e+01	3.394700e+02
2.130000e-06	1.842899e-06	5.138371e-09	1.244854e+01	3.338682e+02
2.140000e-06	1.799533e-06	5.027197e-09	1.215561e+01	3.281879e+02
2.150000e-06	1.755674e-06	4.925714e-09	1.185935e+01	3.223928e+02
2.160000e-06	1.711196e-06	4.854553e-09	1.155891e+01	3.164580e+02
2.170000e-06	1.665934e-06	4.757775e-09	1.125317e+01	3.103784e+02
2.180000e-06	1.619995e-06	4.666946e-09	1.094285e+01	3.041688e+02
2.190000e-06	1.573644e-06	4.563669e-09	1.062976e+01	2.978583e+02
2.200000e-06	1.526857e-06	4.465679e-09	1.031372e+01	2.914784e+02
2.210000e-06	1.479578e-06	4.378977e-09	9.994359e+00	2.850524e+02
2.220000e-06	1.431558e-06	4.277337e-09	9.669987e+00	2.785882e+02
2.230000e-06	1.382765e-06	4.183205e-09	9.340397e+00	2.720774e+02
2.240000e-06	1.333530e-06	4.065384e-09	9.007819e+00	2.654998e+02
2.250000e-06	1.283957e-06	3.970471e-09	8.672965e+00	2.588322e+02
2.260000e-06	1.233930e-06	3.886403e-09	8.335038e+00	2.520571e+02
2.270000e-06	1.183348e-06	3.763404e-09	7.993363e+00	2.451686e+02
2.280000e-06	1.132320e-06	3.654279e-09	7.648675e+00	2.381739e+02
2.290000e-06	1.080991e-06	3.554914e-09	7.301951e+00	2.310905e+02
2.300000e-06	1.029198e-06	3.454967e-09	6.952096e+00	2.239399e+02
2.310000e-06	9.768364e-07	3.345142e-09	6.598403e+00	2.167417e+02
2.320000e-06	9.239528e-07	3.220951e-09	6.241181e+00	2.095085e+02
2.330000e-06	8.705053e-07	3.111543e-09	5.880150e+00	2.022442e+02
2.340000e-06	8.165113e-07	3.007159e-09	5.515427e+00	1.949450e+02
2.350000e-06	7.620530e-07	2.892090e-09	5.147569e+00	1.876025e+02
2.360000e-06	7.072678e-07	2.779355e-09	4.777502e+00	1.802073e+02
2.370000e-06	6.522949e-07	2.664500e-09	4.406167e+00	1.727517e+02
2.380000e-06	5.971644e-07	2.556858e-09	4.033768e+00	1.652313e+02
2.390000e-06	5.419029e-07	2.446068e-09	3.660484e+00	1.576447e+02
2.400000e-06	4.865869e-07	2.322457e-09	3.286831e+00	1.499926e+02
2.410000e-06	4.311846e-07	2.200815e-09	2.912596e+00	1.422765e+02
2.420000e-06	3.757231e-07	2.079788e-09	2.537961e+00	1.344978e+02
2.430000e-06	3.202041e-07	1.966853e-09	2.162937e+00	1.266575e+02
2.440000e-06	2.645681e-07	1.850248e-09	1.787123e+00	1.187558e+02
2.450000e-06	2.088506e-07	1.727647e-09	1.410759e+00	1.107934e+02
2.460000e-06	1.530576e-07	1.607395e-09	1.033884e+00	1.027714e+02
2.470000e-06	9.724343e-08	1.484659e-09	6.568667e-01	9.469201e+01
2.480000e-06	4.140867e-08	1.359866e-09	2.797102e-01	8.655831e+01
2.490000e-06	-1.443680e-08	1.232539e-09	-9.751873e-02	7.837440e+01
2.500000e-06	-7.023583e-08	1.108165e-09	-4.744339e-01	7.014467e+01
2.510000e-06	-1.259829e-07	9.872790e-10	-8.509983e-01	6.187299e+01
2.520000e-06	-1.816728e-07	8.620056e-10	-1.227176e+00	5.356153e+01
2.530000e-06	-2.373376e-07	7.291369e-10	-1.603184e+00	4.520954e+01
2.540000e-06	-2.929457e-07	5.965175e-10	-1.978810e+00	3.681257e+01
2.550000e-06	-3.484819e-07	4.692123e-10	-2.353950e+00	2.836241e+01
2.560000e-06	-4.039516e-07	3.439309e-10	-2.728641e+00	1.984826e+01
2.570000e-06	-4.593409e-07	2.116782e-10	-3.102788e+00	1.125889e+01
2.580000e-06	-5.146576e-07	7.565542e-11	-3.476445e+00	2.585463e+00
2.590000e-06	-5.698752e-07	-5.629808e-11	-3.849433e+00	-6.176075e+00
2.600000e-06	-6.250057e-07	-1.876779e-10	-4.221832e+00	-1.502379e+01
2.610000e-06	-6.800195e-07	-3.241003e-10	-4.593443e+00	-2.395052e+01
2.620000e-06	-7.347945e-07	-4.685020e-10	-4.963441e+00	-3.294641e+01
2.630000e-06	-7.892275e-07	-6.099802e-10	-5.331129e+00	-4.200261e+01
2.640000e-06	-8.431835e-07	-7.447391e-10	-5.695595e+00	-5.111455e+01
2.650000e-06	-8.965362e-07	-8.810770e-10	-6.055986e+00	-6.028352e+01
2.660000e-06	-9.492928e-07	-1.025029e-09	-6.412350e+00	-6.951570e+01
2.670000e-06	-1.001532e-06	-1.171524e-09	-6.765219e+00	-7.881872e+01
2.680000e-06	-1.053312e-06	-1.313735e-09	-7.114984e+00	-8.819696e+01
2.690000e-06	-1.104777e-06	-1.455418e-09	-7.462626e+00	-9.764747e+01
2.700000e-06	-1.155957e-06	-1.603349e-09	-7.808342e+00	-1.071583e+02
2.710000e-06	-1.206736e-06	-1.755716e-09	-8.151348e+00	-1.167101e+02
2.720000e-06	-1.257044e-06	-1.903435e-09	-8.491170e+00	-1.262811e+02
2.730000e-06	-1.306841e-06	-2.046407e-09	-8.827539e+00	-1.358529e+02
2.740000e-06	-1.356137e-06	-2.190026e-09	-9.160531e+00	-1.454157e+02
2.750000e-06	-1.404830e-06	-2.337861e-09	-9.489445e+00	-1.549702e+02
2.760000e-06	-1.452723e-06	-2.486206e-09	-9.812954e+00	-1.645251e+02
2.770000e-06	-1.499786e-06	-2.632178e-09	-1.013086e+01	-1.740913e+02
2.780000e-06	-1.546162e-06	-2.778022e-09	-1.044413e+01	-1.836745e+02
2.790000e-06	-1.592083e-06	-2.926798e-09	-1.075431e+01	-1.932694e+02
2.800000e-06	-1.637661e-06	-3.076850e-09	-1.106219e+01	-2.028575e+02
2.810000e-06	-1.682799e-06	-3.221970e-09	-1.136709e+01	-2.124113e+02
2.820000e-06	-1.727364e-06	-3.363585e-09	-1.166812e+01	-2.219008e+02
2.830000e-06	-1.771315e-06	-3.504924e-09	-1.196500e+01	-2.313024e+02
2.840000e-06	-1.814781e-06	-3.648001e-09	-1.225861e+01	-2.406055e+02
2.850000e-06	-1.857824e-06	-3.790878e-09	-1.254936e+01	-2.498139e+02
2.860000e-06	-1.900255e-06	-3.932278e-09	-1.283597e+01	-2.589407e+02
2.870000e-06	-1.941988e-06	-4.072858e-09	-1.311788e+01	-2.679999e+02
2.880000e-06	-1.983101e-06	-4.213295e-09	-1.339559e+01	-2.769955e+02
2.890000e-06	-2.023516e-06	-4.351666e-09	-1.366859e+01	-2.859145e+02
2.900000e-06	-2.063268e-06	-4.485038e-09	-1.393711e+01	-2.947251e+02
2.910000e-06	-2.102525e-06	-4.616630e-09	-1.420228e+01	-3.033821e+02
2.920000e-06	-2.141132e-06	-4.747505e-09	-1.446307e+01	-3.118383e+02
2.930000e-06	-2.178724e-06	-4.876185e-09	-1.471700e+01	-3.200560e+02
2.940000e-06	-2.215196e-06	-5.000349e-09	-1.496336e+01	-3.280164e+02
2.950000e-06	-2.250800e-06	-5.119647e-09	-1.520386e+01	-3.357221e+02
2.960000e-06	-2.285766e-06	-5.235230e-09	-1.544005e+01	-3.431920e+02
2.970000e-06	-2.319981e-06	-5.347673e-09	-1.567117e+01	-3.504513e+02
2.980000e-06	-2.353391e-06	-5.456493e-09	-1.589685e+01	-3.575198e+02
2.990000e-06	-2.386051e-06	-5.562073e-09	-1.611747e+01	-3.644030e+02
3.000000e-06	-2.417920e-06	-5.665456e-09	-1.633273e+01	-3.710902e+02
3.010000e-06	-2.449078e-06	-5.767925e-09	-1.654320e+01	-3.775597e+02
3.020000e-06	-2.479354e-06	-5.867302e-09	-1.674771e+01	-3.837883e+02
3.030000e-06	-2.508378e-06	-5.959270e-09	-1.694377e+01	-3.897618e+02
3.040000e-06	-2.536278e-06	-6.046152e-09	-1.713223e+01	-3.954819e+02
3.050000e-06	-2.563435e-06	-6.130885e-09	-1.731567e+01	-4.009656e+02
3.060000e-06	-2.589801e-06	-6.213701e-09	-1.749377e+01	-4.062387e+02
3.070000e-06	-2.615210e-06	-6.291588e-09	-1.766540e+01	-4.113246e+02
3.080000e-06	-2.639642e-06	-6.365578e-09	-1.783044e+01	-4.162340e+02
3.090000e-06	-2.663237e-06	-6.439184e-09	-1.798982e+01	-4.209601e+02
3.100000e-06	-2.686096e-06	-6.511953e-09	-1.814423e+01	-4.254802e+02
3.110000e-06	-2.707901e-06	-6.579986e-09	-1.829152e+01	-4.297648e+02
3.120000e-06	-2.728406e-06	-6.640048e-09	-1.843002e+01	-4.337894e+02
3.130000e-06	-2.747910e-06	-6.695301e-09	-1.856177e+01	-4.375452e+02
3.140000e-06	-2.766645e-06	-6.749274e-09	-1.868833e+01	-4.410428e+02
3.150000e-06	-2.784500e-06	-6.804238e-09	-1.880894e+01	-4.443088e+02
3.160000e-06	-2.801423e-06	-6.855992e-09	-1.892325e+01	-4.473750e+02
3.170000e-06	-2.817376e-06	-6.902441e-09	-1.903101e+01	-4.502660e+02
3.180000e-06	-2.832439e-06	-6.946069e-09	-1.913276e+01	-4.529892e+02
3.190000e-06	-2.846438e-06	-6.988157e-09	-1.922732e+01	-4.555320e+02
3.200000e-06	-2.859011e-06	-7.025996e-09	-1.931225e+01	-4.578680e+02
3.210000e-06	-2.870297e-06	-7.056259e-09	-1.938848e+01	-4.599691e+02
3.220000e-06	-2.880538e-06	-7.080323e-09	-1.945766e+01	-4.618194e+02
3.230000e-06	-2.889832e-06	-7.102789e-09	-1.952044e+01	-4.634243e+02
3.240000e-06	-2.898191e-06	-7.125768e-09	-1.957690e+01	-4.648119e+02
3.250000e-06	-2.905659e-06	-7.146470e-09	-1.962735e+01	-4.660249e+02
3.260000e-06	-2.912208e-06	-7.164905e-09	-1.967159e+01	-4.671059e+02
3.270000e-06	-2.917475e-06	-7.180237e-09	-1.970717e+01	-4.680833e+02
3.280000e-06	-2.921485e-06	-7.193119e-09	-1.973425e+01	-4.689611e+02
3.290000e-06	-2.924583e-06	-7.202594e-09	-1.975518e+01	-4.697193e+02
3.300000e-06	-2.926759e-06	-7.207633e-09	-1.976987e+01	-4.703228e+02
3.310000e-06	-2.927959e-06	-7.211419e-09	-1.977798e+01	-4.707371e+02
3.320000e-06	-2.928215e-06	-7.214984e-09	-1.977971e+01	-4.709425e+02
