# Temperatura_=_39.49
# Concentracion g/m^3_=_18700.0
# C_Vs_to_Am_M_A/Vsm_=_65563218390.804596
# pendiente_HvsI_1/m_=_3716.3
# ordenada_HvsI_A/m_=_1297.0
# frecuencia_Hz_=_300855.3144674504

Tiempo_(s)	Campo_(V.s)	Magnetizacion_(V.s)	Campo_(kA/m)	Magnetizacion_(A/m)
0.000000e+00	-5.519033e-06	-2.640958e-08	-3.829286e+01	-1.728669e+03
1.000000e-08	-5.516347e-06	-2.641086e-08	-3.827423e+01	-1.728482e+03
2.000000e-08	-5.511758e-06	-2.640517e-08	-3.824238e+01	-1.728133e+03
3.000000e-08	-5.505516e-06	-2.639740e-08	-3.819908e+01	-1.727614e+03
4.000000e-08	-5.497643e-06	-2.638590e-08	-3.814445e+01	-1.726935e+03
5.000000e-08	-5.488025e-06	-2.636843e-08	-3.807772e+01	-1.726113e+03
6.000000e-08	-5.476370e-06	-2.634395e-08	-3.799685e+01	-1.725168e+03
7.000000e-08	-5.462662e-06	-2.630321e-08	-3.790174e+01	-1.724111e+03
8.000000e-08	-5.446754e-06	-2.631729e-08	-3.779137e+01	-1.722947e+03
9.000000e-08	-5.428365e-06	-2.636599e-08	-3.766377e+01	-1.721673e+03
1.000000e-07	-5.407786e-06	-2.632600e-08	-3.752099e+01	-1.720287e+03
1.100000e-07	-5.385355e-06	-2.628159e-08	-3.736536e+01	-1.718794e+03
1.200000e-07	-5.361358e-06	-2.620785e-08	-3.719886e+01	-1.717208e+03
1.300000e-07	-5.335965e-06	-2.609318e-08	-3.702268e+01	-1.715554e+03
1.400000e-07	-5.308756e-06	-2.621388e-08	-3.683389e+01	-1.713855e+03
1.500000e-07	-5.279665e-06	-2.617268e-08	-3.663205e+01	-1.712119e+03
1.600000e-07	-5.249052e-06	-2.601867e-08	-3.641965e+01	-1.710334e+03
1.700000e-07	-5.216687e-06	-2.616124e-08	-3.619508e+01	-1.708461e+03
1.800000e-07	-5.182291e-06	-2.608824e-08	-3.595643e+01	-1.706442e+03
1.900000e-07	-5.146162e-06	-2.597523e-08	-3.570576e+01	-1.704217e+03
2.000000e-07	-5.108301e-06	-2.602987e-08	-3.544307e+01	-1.701741e+03
2.100000e-07	-5.068624e-06	-2.587862e-08	-3.516778e+01	-1.698999e+03
2.200000e-07	-5.027123e-06	-2.583805e-08	-3.487983e+01	-1.696012e+03
2.300000e-07	-4.983599e-06	-2.590487e-08	-3.457785e+01	-1.692830e+03
2.400000e-07	-4.938274e-06	-2.580903e-08	-3.426336e+01	-1.689513e+03
2.500000e-07	-4.891212e-06	-2.576797e-08	-3.393683e+01	-1.686112e+03
2.600000e-07	-4.842162e-06	-2.567823e-08	-3.359651e+01	-1.682649e+03
2.700000e-07	-4.791032e-06	-2.560217e-08	-3.324175e+01	-1.679112e+03
2.800000e-07	-4.737855e-06	-2.558530e-08	-3.287279e+01	-1.675462e+03
2.900000e-07	-4.682912e-06	-2.551149e-08	-3.249158e+01	-1.671645e+03
3.000000e-07	-4.626350e-06	-2.544391e-08	-3.209913e+01	-1.667616e+03
3.100000e-07	-4.567984e-06	-2.539308e-08	-3.169417e+01	-1.663357e+03
3.200000e-07	-4.507901e-06	-2.537763e-08	-3.127729e+01	-1.658880e+03
3.300000e-07	-4.446293e-06	-2.527515e-08	-3.084984e+01	-1.654223e+03
3.400000e-07	-4.383198e-06	-2.515226e-08	-3.041206e+01	-1.649433e+03
3.500000e-07	-4.318635e-06	-2.509829e-08	-2.996411e+01	-1.644547e+03
3.600000e-07	-4.252518e-06	-2.501295e-08	-2.950537e+01	-1.639576e+03
3.700000e-07	-4.184695e-06	-2.496028e-08	-2.903478e+01	-1.634499e+03
3.800000e-07	-4.115212e-06	-2.489372e-08	-2.855269e+01	-1.629276e+03
3.900000e-07	-4.044365e-06	-2.479364e-08	-2.806113e+01	-1.623860e+03
4.000000e-07	-3.972262e-06	-2.472233e-08	-2.756085e+01	-1.618215e+03
4.100000e-07	-3.898748e-06	-2.462769e-08	-2.705079e+01	-1.612332e+03
4.200000e-07	-3.823631e-06	-2.452174e-08	-2.652961e+01	-1.606228e+03
4.300000e-07	-3.746822e-06	-2.440375e-08	-2.599668e+01	-1.599938e+03
4.400000e-07	-3.668511e-06	-2.431490e-08	-2.545333e+01	-1.593498e+03
4.500000e-07	-3.588764e-06	-2.423546e-08	-2.490002e+01	-1.586929e+03
4.600000e-07	-3.507547e-06	-2.413512e-08	-2.433651e+01	-1.580226e+03
4.700000e-07	-3.425022e-06	-2.402961e-08	-2.376393e+01	-1.573359e+03
4.800000e-07	-3.341401e-06	-2.390508e-08	-2.318373e+01	-1.566287e+03
4.900000e-07	-3.256812e-06	-2.379966e-08	-2.259683e+01	-1.558969e+03
5.000000e-07	-3.171225e-06	-2.368616e-08	-2.200300e+01	-1.551383e+03
5.100000e-07	-3.084652e-06	-2.355719e-08	-2.140233e+01	-1.543534e+03
5.200000e-07	-2.997144e-06	-2.343094e-08	-2.079517e+01	-1.535444e+03
5.300000e-07	-2.908640e-06	-2.330832e-08	-2.018110e+01	-1.527143e+03
5.400000e-07	-2.819028e-06	-2.318626e-08	-1.955934e+01	-1.518657e+03
5.500000e-07	-2.728279e-06	-2.304835e-08	-1.892970e+01	-1.509988e+03
5.600000e-07	-2.636427e-06	-2.290887e-08	-1.829239e+01	-1.501116e+03
5.700000e-07	-2.543608e-06	-2.276944e-08	-1.764839e+01	-1.492006e+03
5.800000e-07	-2.449971e-06	-2.263054e-08	-1.699870e+01	-1.482620e+03
5.900000e-07	-2.355551e-06	-2.247969e-08	-1.634359e+01	-1.472933e+03
6.000000e-07	-2.260321e-06	-2.231623e-08	-1.568285e+01	-1.462941e+03
6.100000e-07	-2.164300e-06	-2.215422e-08	-1.501663e+01	-1.452664e+03
6.200000e-07	-2.067510e-06	-2.199383e-08	-1.434506e+01	-1.442128e+03
6.300000e-07	-1.969898e-06	-2.183215e-08	-1.366780e+01	-1.431357e+03
6.400000e-07	-1.871473e-06	-2.166478e-08	-1.298489e+01	-1.420357e+03
6.500000e-07	-1.772266e-06	-2.149187e-08	-1.229656e+01	-1.409106e+03
6.600000e-07	-1.672358e-06	-2.131516e-08	-1.160337e+01	-1.397564e+03
6.700000e-07	-1.571865e-06	-2.113384e-08	-1.090611e+01	-1.385683e+03
6.800000e-07	-1.470864e-06	-2.093899e-08	-1.020534e+01	-1.373425e+03
6.900000e-07	-1.369356e-06	-2.073617e-08	-9.501039e+00	-1.360777e+03
7.000000e-07	-1.267366e-06	-2.053619e-08	-8.793404e+00	-1.347751e+03
7.100000e-07	-1.164977e-06	-2.033790e-08	-8.082994e+00	-1.334378e+03
7.200000e-07	-1.062207e-06	-2.013274e-08	-7.369940e+00	-1.320690e+03
7.300000e-07	-9.590970e-07	-1.991740e-08	-6.654530e+00	-1.306702e+03
7.400000e-07	-8.556722e-07	-1.969613e-08	-5.936934e+00	-1.292401e+03
7.500000e-07	-7.519432e-07	-1.947030e-08	-5.217229e+00	-1.277744e+03
7.600000e-07	-6.479435e-07	-1.923676e-08	-4.495644e+00	-1.262670e+03
7.700000e-07	-5.437297e-07	-1.899437e-08	-3.772575e+00	-1.247115e+03
7.800000e-07	-4.393716e-07	-1.874837e-08	-3.048504e+00	-1.231035e+03
7.900000e-07	-3.348605e-07	-1.849815e-08	-2.323372e+00	-1.214408e+03
8.000000e-07	-2.301930e-07	-1.824088e-08	-1.597155e+00	-1.197237e+03
8.100000e-07	-1.254267e-07	-1.797164e-08	-8.702517e-01	-1.179530e+03
8.200000e-07	-2.057881e-08	-1.769097e-08	-1.427825e-01	-1.161280e+03
8.300000e-07	8.426255e-08	-1.740272e-08	5.846412e-01	-1.142448e+03
8.400000e-07	1.890321e-07	-1.710531e-08	1.311567e+00	-1.122957e+03
8.500000e-07	2.937345e-07	-1.679446e-08	2.038026e+00	-1.102692e+03
8.600000e-07	3.982845e-07	-1.646753e-08	2.763428e+00	-1.081524e+03
8.700000e-07	5.026732e-07	-1.612686e-08	3.487711e+00	-1.059326e+03
8.800000e-07	6.069194e-07	-1.576991e-08	4.211006e+00	-1.035992e+03
8.900000e-07	7.109809e-07	-1.539457e-08	4.933019e+00	-1.011439e+03
9.000000e-07	8.147929e-07	-1.500107e-08	5.653301e+00	-9.855951e+02
9.100000e-07	9.183224e-07	-1.458807e-08	6.371622e+00	-9.583819e+02
9.200000e-07	1.021559e-06	-1.415013e-08	7.087911e+00	-9.296850e+02
9.300000e-07	1.124437e-06	-1.368394e-08	7.801711e+00	-8.993355e+02
9.400000e-07	1.226902e-06	-1.318725e-08	8.512648e+00	-8.671004e+02
9.500000e-07	1.328930e-06	-1.265710e-08	9.220550e+00	-8.326834e+02
9.600000e-07	1.430536e-06	-1.209068e-08	9.925528e+00	-7.957321e+02
9.700000e-07	1.531682e-06	-1.148100e-08	1.062731e+01	-7.558425e+02
9.800000e-07	1.632286e-06	-1.082070e-08	1.132533e+01	-7.125556e+02
9.900000e-07	1.732329e-06	-1.009859e-08	1.201947e+01	-6.653452e+02
1.000000e-06	1.831785e-06	-9.303962e-09	1.270952e+01	-6.136048e+02
1.010000e-06	1.930571e-06	-8.428576e-09	1.339493e+01	-5.566468e+02
1.020000e-06	2.028568e-06	-7.462606e-09	1.407487e+01	-4.937283e+02
1.030000e-06	2.125707e-06	-6.392298e-09	1.474886e+01	-4.241159e+02
1.040000e-06	2.222027e-06	-5.208979e-09	1.541715e+01	-3.471877e+02
1.050000e-06	2.317598e-06	-3.910151e-09	1.608025e+01	-2.625618e+02
1.060000e-06	2.412388e-06	-2.493941e-09	1.673794e+01	-1.702252e+02
1.070000e-06	2.506385e-06	-9.668093e-10	1.739012e+01	-7.063491e+01
1.080000e-06	2.599659e-06	6.554037e-10	1.803728e+01	3.523794e+01
1.090000e-06	2.692137e-06	2.347309e-09	1.867893e+01	1.459366e+02
1.100000e-06	2.783623e-06	4.080950e-09	1.931369e+01	2.596214e+02
1.110000e-06	2.873975e-06	5.827438e-09	1.994058e+01	3.742303e+02
1.120000e-06	2.963119e-06	7.556848e-09	2.055909e+01	4.876679e+02
1.130000e-06	3.051139e-06	9.236708e-09	2.116980e+01	5.979888e+02
1.140000e-06	3.138138e-06	1.083806e-08	2.177343e+01	7.035447e+02
1.150000e-06	3.224072e-06	1.234259e-08	2.236967e+01	8.030750e+02
1.160000e-06	3.308982e-06	1.373992e-08	2.295880e+01	8.957351e+02
1.170000e-06	3.392891e-06	1.502648e-08	2.354099e+01	9.810719e+02
1.180000e-06	3.475599e-06	1.620079e-08	2.411485e+01	1.058962e+03
1.190000e-06	3.557003e-06	1.726439e-08	2.467965e+01	1.129536e+03
1.200000e-06	3.637155e-06	1.822451e-08	2.523577e+01	1.193100e+03
1.210000e-06	3.716056e-06	1.908898e-08	2.578322e+01	1.250078e+03
1.220000e-06	3.793633e-06	1.985974e-08	2.632147e+01	1.300962e+03
1.230000e-06	3.869696e-06	2.053943e-08	2.684922e+01	1.346280e+03
1.240000e-06	3.944155e-06	2.113869e-08	2.736584e+01	1.386569e+03
1.250000e-06	4.017062e-06	2.167339e-08	2.787170e+01	1.422364e+03
1.260000e-06	4.088525e-06	2.215120e-08	2.836752e+01	1.454170e+03
1.270000e-06	4.158628e-06	2.257576e-08	2.885393e+01	1.482458e+03
1.280000e-06	4.227352e-06	2.295611e-08	2.933075e+01	1.507652e+03
1.290000e-06	4.294511e-06	2.329941e-08	2.979673e+01	1.530128e+03
1.300000e-06	4.359984e-06	2.360630e-08	3.025100e+01	1.550218e+03
1.310000e-06	4.423926e-06	2.387643e-08	3.069465e+01	1.568214e+03
1.320000e-06	4.486443e-06	2.411616e-08	3.112841e+01	1.584379e+03
1.330000e-06	4.547578e-06	2.433246e-08	3.155259e+01	1.598946e+03
1.340000e-06	4.607182e-06	2.452859e-08	3.196614e+01	1.612118e+03
1.350000e-06	4.665009e-06	2.470713e-08	3.236736e+01	1.624070e+03
1.360000e-06	4.721080e-06	2.487133e-08	3.275640e+01	1.634942e+03
1.370000e-06	4.775465e-06	2.502375e-08	3.313375e+01	1.644841e+03
1.380000e-06	4.828001e-06	2.516481e-08	3.349825e+01	1.653851e+03
1.390000e-06	4.878465e-06	2.529319e-08	3.384839e+01	1.662039e+03
1.400000e-06	4.926962e-06	2.540809e-08	3.418488e+01	1.669471e+03
1.410000e-06	4.973718e-06	2.550962e-08	3.450929e+01	1.676216e+03
1.420000e-06	5.018868e-06	2.559867e-08	3.482255e+01	1.682348e+03
1.430000e-06	5.062276e-06	2.567968e-08	3.512373e+01	1.687950e+03
1.440000e-06	5.103742e-06	2.575578e-08	3.541144e+01	1.693096e+03
1.450000e-06	5.143389e-06	2.582868e-08	3.568652e+01	1.697847e+03
1.460000e-06	5.181336e-06	2.589846e-08	3.594981e+01	1.702244e+03
1.470000e-06	5.217594e-06	2.596206e-08	3.620138e+01	1.706307e+03
1.480000e-06	5.251921e-06	2.601994e-08	3.643955e+01	1.710045e+03
1.490000e-06	5.284293e-06	2.607248e-08	3.666415e+01	1.713459e+03
1.500000e-06	5.314944e-06	2.611934e-08	3.687682e+01	1.716556e+03
1.510000e-06	5.343905e-06	2.616007e-08	3.707776e+01	1.719351e+03
1.520000e-06	5.370893e-06	2.619546e-08	3.726502e+01	1.721871e+03
1.530000e-06	5.395734e-06	2.622860e-08	3.743738e+01	1.724142e+03
1.540000e-06	5.418664e-06	2.626085e-08	3.759647e+01	1.726187e+03
1.550000e-06	5.439906e-06	2.629078e-08	3.774385e+01	1.728018e+03
1.560000e-06	5.459402e-06	2.631602e-08	3.787912e+01	1.729633e+03
1.570000e-06	5.476883e-06	2.633797e-08	3.800041e+01	1.731026e+03
1.580000e-06	5.492303e-06	2.635717e-08	3.810740e+01	1.732190e+03
1.590000e-06	5.505741e-06	2.637283e-08	3.820064e+01	1.733128e+03
1.600000e-06	5.516986e-06	2.638335e-08	3.827866e+01	1.733859e+03
1.610000e-06	5.526016e-06	2.638885e-08	3.834131e+01	1.734413e+03
1.620000e-06	5.533100e-06	2.639390e-08	3.839046e+01	1.734823e+03
1.630000e-06	5.538379e-06	2.640014e-08	3.842709e+01	1.735120e+03
1.640000e-06	5.541778e-06	2.640519e-08	3.845067e+01	1.735320e+03
1.650000e-06	5.543122e-06	2.641056e-08	3.846000e+01	1.735419e+03
1.660000e-06	5.542518e-06	2.641335e-08	3.845581e+01	1.735400e+03
1.670000e-06	5.540197e-06	2.641005e-08	3.843971e+01	1.735241e+03
1.680000e-06	5.536181e-06	2.640575e-08	3.841184e+01	1.734921e+03
1.690000e-06	5.530221e-06	2.639476e-08	3.837049e+01	1.734432e+03
1.700000e-06	5.522391e-06	2.638109e-08	3.831616e+01	1.733780e+03
1.710000e-06	5.512923e-06	2.637162e-08	3.825047e+01	1.732982e+03
1.720000e-06	5.501666e-06	2.637405e-08	3.817236e+01	1.732057e+03
1.730000e-06	5.488330e-06	2.638573e-08	3.807983e+01	1.731019e+03
1.740000e-06	5.472898e-06	2.629115e-08	3.797276e+01	1.729874e+03
1.750000e-06	5.455173e-06	2.623159e-08	3.784978e+01	1.728620e+03
1.760000e-06	5.434683e-06	2.624661e-08	3.770761e+01	1.727254e+03
1.770000e-06	5.411746e-06	2.625323e-08	3.754847e+01	1.725778e+03
1.780000e-06	5.387423e-06	2.635893e-08	3.737971e+01	1.724207e+03
1.790000e-06	5.362379e-06	2.620199e-08	3.720595e+01	1.722563e+03
1.800000e-06	5.335850e-06	2.609262e-08	3.702187e+01	1.720870e+03
1.810000e-06	5.306922e-06	2.628922e-08	3.682116e+01	1.719141e+03
1.820000e-06	5.276160e-06	2.613097e-08	3.660773e+01	1.717367e+03
1.830000e-06	5.243786e-06	2.609643e-08	3.638311e+01	1.715513e+03
1.840000e-06	5.209519e-06	2.624624e-08	3.614535e+01	1.713524e+03
1.850000e-06	5.173631e-06	2.602357e-08	3.589635e+01	1.711340e+03
1.860000e-06	5.135758e-06	2.607079e-08	3.563357e+01	1.708910e+03
1.870000e-06	5.095903e-06	2.612221e-08	3.535704e+01	1.706215e+03
1.880000e-06	5.054558e-06	2.589369e-08	3.507018e+01	1.703269e+03
1.890000e-06	5.011400e-06	2.594853e-08	3.477074e+01	1.700116e+03
1.900000e-06	4.966370e-06	2.584554e-08	3.445830e+01	1.696819e+03
1.910000e-06	4.919488e-06	2.579947e-08	3.413302e+01	1.693430e+03
1.920000e-06	4.870704e-06	2.586868e-08	3.379454e+01	1.689977e+03
1.930000e-06	4.820292e-06	2.566244e-08	3.344476e+01	1.686456e+03
1.940000e-06	4.767904e-06	2.568397e-08	3.308128e+01	1.682830e+03
1.950000e-06	4.713444e-06	2.563439e-08	3.270342e+01	1.679046e+03
1.960000e-06	4.657241e-06	2.552836e-08	3.231347e+01	1.675057e+03
1.970000e-06	4.599391e-06	2.548146e-08	3.191209e+01	1.670838e+03
1.980000e-06	4.540068e-06	2.534325e-08	3.150048e+01	1.666397e+03
1.990000e-06	4.478988e-06	2.539365e-08	3.107669e+01	1.661769e+03
2.000000e-06	4.416178e-06	2.527837e-08	3.064089e+01	1.656999e+03
2.010000e-06	4.351869e-06	2.520056e-08	3.019469e+01	1.652129e+03
2.020000e-06	4.286055e-06	2.516190e-08	2.973806e+01	1.647173e+03
2.030000e-06	4.218829e-06	2.500315e-08	2.927162e+01	1.642117e+03
2.040000e-06	4.149883e-06	2.499771e-08	2.879325e+01	1.636924e+03
2.050000e-06	4.079262e-06	2.485613e-08	2.830326e+01	1.631545e+03
2.060000e-06	4.007274e-06	2.478426e-08	2.780378e+01	1.625942e+03
2.070000e-06	3.933924e-06	2.472064e-08	2.729486e+01	1.620100e+03
2.080000e-06	3.859095e-06	2.461270e-08	2.677567e+01	1.614033e+03
2.090000e-06	3.782524e-06	2.456673e-08	2.624439e+01	1.607773e+03
2.100000e-06	3.704348e-06	2.441231e-08	2.570198e+01	1.601358e+03
2.110000e-06	3.624906e-06	2.433196e-08	2.515079e+01	1.594811e+03
2.120000e-06	3.544301e-06	2.421462e-08	2.459152e+01	1.588133e+03
2.130000e-06	3.462517e-06	2.412195e-08	2.402408e+01	1.581298e+03
2.140000e-06	3.379587e-06	2.402878e-08	2.344869e+01	1.574265e+03
2.150000e-06	3.295436e-06	2.389092e-08	2.286482e+01	1.566993e+03
2.160000e-06	3.209883e-06	2.380614e-08	2.227122e+01	1.559456e+03
2.170000e-06	3.123088e-06	2.367087e-08	2.166901e+01	1.551652e+03
2.180000e-06	3.035254e-06	2.355476e-08	2.105959e+01	1.543602e+03
2.190000e-06	2.946479e-06	2.342055e-08	2.044364e+01	1.535337e+03
2.200000e-06	2.856766e-06	2.329543e-08	1.982118e+01	1.526882e+03
2.210000e-06	2.766135e-06	2.317636e-08	1.919235e+01	1.518246e+03
2.220000e-06	2.674612e-06	2.303698e-08	1.855734e+01	1.509413e+03
2.230000e-06	2.582113e-06	2.289876e-08	1.791555e+01	1.500348e+03
2.240000e-06	2.488592e-06	2.274497e-08	1.726666e+01	1.491013e+03
2.250000e-06	2.394086e-06	2.260683e-08	1.661095e+01	1.481380e+03
2.260000e-06	2.298724e-06	2.246016e-08	1.594930e+01	1.471442e+03
2.270000e-06	2.202544e-06	2.231235e-08	1.528197e+01	1.461213e+03
2.280000e-06	2.105607e-06	2.215268e-08	1.460939e+01	1.450721e+03
2.290000e-06	2.007990e-06	2.198885e-08	1.393210e+01	1.439991e+03
2.300000e-06	1.909757e-06	2.182152e-08	1.325052e+01	1.429033e+03
2.310000e-06	1.811026e-06	2.164836e-08	1.256549e+01	1.417829e+03
2.320000e-06	1.711768e-06	2.147246e-08	1.187681e+01	1.406342e+03
2.330000e-06	1.611855e-06	2.129265e-08	1.118358e+01	1.394524e+03
2.340000e-06	1.511267e-06	2.111537e-08	1.048567e+01	1.382334e+03
2.350000e-06	1.410015e-06	2.092446e-08	9.783149e+00	1.369755e+03
2.360000e-06	1.308124e-06	2.072823e-08	9.076194e+00	1.356795e+03
2.370000e-06	1.205680e-06	2.052422e-08	8.365403e+00	1.343481e+03
2.380000e-06	1.102804e-06	2.031873e-08	7.651616e+00	1.329847e+03
2.390000e-06	9.995822e-07	2.010810e-08	6.935429e+00	1.315913e+03
2.400000e-06	8.959719e-07	1.988991e-08	6.216547e+00	1.301670e+03
2.410000e-06	7.920203e-07	1.967013e-08	5.495297e+00	1.287080e+03
2.420000e-06	6.878231e-07	1.944225e-08	4.772342e+00	1.272085e+03
2.430000e-06	5.834165e-07	1.920553e-08	4.047935e+00	1.256620e+03
2.440000e-06	4.788201e-07	1.895937e-08	3.322211e+00	1.240635e+03
2.450000e-06	3.740475e-07	1.870583e-08	2.595264e+00	1.224106e+03
2.460000e-06	2.691832e-07	1.844637e-08	1.867681e+00	1.207032e+03
2.470000e-06	1.642854e-07	1.818111e-08	1.139866e+00	1.189419e+03
2.480000e-06	5.930542e-08	1.790817e-08	4.114805e-01	1.171268e+03
2.490000e-06	-4.571733e-08	1.762426e-08	-3.172019e-01	1.152544e+03
2.500000e-06	-1.506891e-07	1.732746e-08	-1.045531e+00	1.133178e+03
2.510000e-06	-2.556021e-07	1.701907e-08	-1.773451e+00	1.113060e+03
2.520000e-06	-3.604188e-07	1.669974e-08	-2.500704e+00	1.092063e+03
2.530000e-06	-4.650856e-07	1.636556e-08	-3.226916e+00	1.070057e+03
2.540000e-06	-5.695958e-07	1.601359e-08	-3.952043e+00	1.046932e+03
2.550000e-06	-6.739229e-07	1.564540e-08	-4.675898e+00	1.022601e+03
2.560000e-06	-7.779862e-07	1.525927e-08	-5.397923e+00	9.969931e+02
2.570000e-06	-8.817728e-07	1.484882e-08	-6.118029e+00	9.700313e+02
2.580000e-06	-9.852751e-07	1.441399e-08	-6.836162e+00	9.416096e+02
2.590000e-06	-1.088387e-06	1.395645e-08	-7.551589e+00	9.115701e+02
2.600000e-06	-1.190997e-06	1.347129e-08	-8.263530e+00	8.796914e+02
2.610000e-06	-1.293088e-06	1.295242e-08	-8.971866e+00	8.456880e+02
2.620000e-06	-1.394621e-06	1.239775e-08	-9.676337e+00	8.092171e+02
2.630000e-06	-1.495514e-06	1.180233e-08	-1.037637e+01	7.698839e+02
2.640000e-06	-1.595771e-06	1.115614e-08	-1.107198e+01	7.272398e+02
2.650000e-06	-1.695381e-06	1.045339e-08	-1.176311e+01	6.807717e+02
2.660000e-06	-1.794396e-06	9.684791e-09	-1.245011e+01	6.298882e+02
2.670000e-06	-1.892923e-06	8.836539e-09	-1.313372e+01	5.739151e+02
2.680000e-06	-1.990881e-06	7.898000e-09	-1.381339e+01	5.121159e+02
2.690000e-06	-2.088128e-06	6.859592e-09	-1.448812e+01	4.437489e+02
2.700000e-06	-2.184639e-06	5.712623e-09	-1.515774e+01	3.681635e+02
2.710000e-06	-2.280474e-06	4.451644e-09	-1.582268e+01	2.849250e+02
2.720000e-06	-2.375664e-06	3.073905e-09	-1.648314e+01	1.939460e+02
2.730000e-06	-2.470132e-06	1.584307e-09	-1.713859e+01	9.559430e+01
2.740000e-06	-2.563693e-06	-4.732521e-12	-1.778774e+01	-9.250779e+00
2.750000e-06	-2.656198e-06	-1.674908e-09	-1.842957e+01	-1.192137e+02
2.760000e-06	-2.747581e-06	-3.402193e-09	-1.906362e+01	-2.325129e+02
2.770000e-06	-2.837887e-06	-5.155418e-09	-1.969019e+01	-3.471123e+02
2.780000e-06	-2.927190e-06	-6.899471e-09	-2.030981e+01	-4.609086e+02
2.790000e-06	-3.015498e-06	-8.602332e-09	-2.092252e+01	-5.719174e+02
2.800000e-06	-3.102851e-06	-1.023678e-08	-2.152860e+01	-6.784289e+02
2.810000e-06	-3.189156e-06	-1.178097e-08	-2.212741e+01	-7.791093e+02
2.820000e-06	-3.274203e-06	-1.322199e-08	-2.271749e+01	-8.730404e+02
2.830000e-06	-3.357961e-06	-1.455246e-08	-2.329864e+01	-9.597028e+02
2.840000e-06	-3.440586e-06	-1.577135e-08	-2.387191e+01	-1.038920e+03
2.850000e-06	-3.522098e-06	-1.688156e-08	-2.443747e+01	-1.110782e+03
2.860000e-06	-3.602471e-06	-1.788465e-08	-2.499513e+01	-1.175570e+03
2.870000e-06	-3.681659e-06	-1.878391e-08	-2.554456e+01	-1.233690e+03
2.880000e-06	-3.759373e-06	-1.958509e-08	-2.608376e+01	-1.285624e+03
2.890000e-06	-3.835454e-06	-2.029830e-08	-2.661164e+01	-1.331897e+03
2.900000e-06	-3.910011e-06	-2.093447e-08	-2.712894e+01	-1.373045e+03
2.910000e-06	-3.983156e-06	-2.149943e-08	-2.763644e+01	-1.409604e+03
2.920000e-06	-4.054915e-06	-2.199945e-08	-2.813433e+01	-1.442087e+03
2.930000e-06	-4.125193e-06	-2.244525e-08	-2.862194e+01	-1.470971e+03
2.940000e-06	-4.193904e-06	-2.284560e-08	-2.909868e+01	-1.496689e+03
2.950000e-06	-4.261082e-06	-2.320177e-08	-2.956478e+01	-1.519626e+03
2.960000e-06	-4.326783e-06	-2.351701e-08	-3.002064e+01	-1.540119e+03
2.970000e-06	-4.391087e-06	-2.380020e-08	-3.046680e+01	-1.558470e+03
2.980000e-06	-4.453942e-06	-2.405568e-08	-3.090291e+01	-1.574944e+03
2.990000e-06	-4.515078e-06	-2.428561e-08	-3.132709e+01	-1.589781e+03
3.000000e-06	-4.574445e-06	-2.449150e-08	-3.173900e+01	-1.603189e+03
3.010000e-06	-4.632276e-06	-2.467605e-08	-3.214025e+01	-1.615348e+03
3.020000e-06	-4.688662e-06	-2.484527e-08	-3.253147e+01	-1.626404e+03
3.030000e-06	-4.743398e-06	-2.500045e-08	-3.291125e+01	-1.636470e+03
3.040000e-06	-4.796125e-06	-2.514201e-08	-3.327709e+01	-1.645634e+03
3.050000e-06	-4.846828e-06	-2.527013e-08	-3.362888e+01	-1.653965e+03
3.060000e-06	-4.895613e-06	-2.538724e-08	-3.396737e+01	-1.661527e+03
3.070000e-06	-4.942368e-06	-2.549357e-08	-3.429177e+01	-1.668389e+03
3.080000e-06	-4.987316e-06	-2.558765e-08	-3.460363e+01	-1.674626e+03
3.090000e-06	-5.030758e-06	-2.567286e-08	-3.490505e+01	-1.680317e+03
3.100000e-06	-5.072677e-06	-2.575176e-08	-3.519590e+01	-1.685539e+03
3.110000e-06	-5.112969e-06	-2.582551e-08	-3.547546e+01	-1.690357e+03
3.120000e-06	-5.151500e-06	-2.589423e-08	-3.574279e+01	-1.694816e+03
3.130000e-06	-5.188087e-06	-2.595953e-08	-3.599665e+01	-1.698939e+03
3.140000e-06	-5.222748e-06	-2.602203e-08	-3.623714e+01	-1.702735e+03
3.150000e-06	-5.255634e-06	-2.607669e-08	-3.646531e+01	-1.706206e+03
3.160000e-06	-5.286718e-06	-2.612118e-08	-3.668099e+01	-1.709359e+03
3.170000e-06	-5.315806e-06	-2.616171e-08	-3.688281e+01	-1.712207e+03
3.180000e-06	-5.342949e-06	-2.620100e-08	-3.707113e+01	-1.714775e+03
3.190000e-06	-5.368338e-06	-2.623717e-08	-3.724729e+01	-1.717089e+03
3.200000e-06	-5.391938e-06	-2.626979e-08	-3.741104e+01	-1.719173e+03
3.210000e-06	-5.413530e-06	-2.630008e-08	-3.756085e+01	-1.721042e+03
3.220000e-06	-5.433107e-06	-2.632767e-08	-3.769668e+01	-1.722696e+03
3.230000e-06	-5.450833e-06	-2.635018e-08	-3.781967e+01	-1.724130e+03
3.240000e-06	-5.466716e-06	-2.636575e-08	-3.792987e+01	-1.725335e+03
3.250000e-06	-5.480474e-06	-2.637913e-08	-3.802533e+01	-1.726313e+03
3.260000e-06	-5.491971e-06	-2.639135e-08	-3.810510e+01	-1.727080e+03
3.270000e-06	-5.501481e-06	-2.640037e-08	-3.817108e+01	-1.727663e+03
3.280000e-06	-5.509128e-06	-2.640601e-08	-3.822413e+01	-1.728097e+03
3.290000e-06	-5.514758e-06	-2.640884e-08	-3.826320e+01	-1.728413e+03
3.300000e-06	-5.518386e-06	-2.641022e-08	-3.828837e+01	-1.728629e+03
3.310000e-06	-5.520215e-06	-2.640890e-08	-3.830106e+01	-1.728747e+03
3.320000e-06	-5.520262e-06	-2.640700e-08	-3.830139e+01	-1.728752e+03
