# Temperatura_=_39.04
# Concentracion g/m^3_=_15500.0
# C_Vs_to_Am_M_A/Vsm_=_65563218390.804596
# pendiente_HvsI_1/m_=_3716.3
# ordenada_HvsI_A/m_=_1297.0
# frecuencia_Hz_=_300801.9140091758

Tiempo_(s)	Campo_(V.s)	Magnetizacion_(V.s)	Campo_(kA/m)	Magnetizacion_(A/m)
0.000000e+00	-5.498172e-06	-1.217612e-08	-3.830950e+01	-7.962646e+02
1.000000e-08	-5.496209e-06	-1.217812e-08	-3.829583e+01	-7.963645e+02
2.000000e-08	-5.492250e-06	-1.217424e-08	-3.826824e+01	-7.965193e+02
3.000000e-08	-5.486596e-06	-1.216947e-08	-3.822884e+01	-7.966594e+02
4.000000e-08	-5.479348e-06	-1.215982e-08	-3.817835e+01	-7.967061e+02
5.000000e-08	-5.470416e-06	-1.214011e-08	-3.811611e+01	-7.965831e+02
6.000000e-08	-5.459504e-06	-1.211658e-08	-3.804008e+01	-7.962275e+02
7.000000e-08	-5.446546e-06	-1.208845e-08	-3.794979e+01	-7.955984e+02
8.000000e-08	-5.431582e-06	-1.208389e-08	-3.784553e+01	-7.946832e+02
9.000000e-08	-5.414167e-06	-1.214578e-08	-3.772418e+01	-7.934991e+02
1.000000e-07	-5.394388e-06	-1.215324e-08	-3.758637e+01	-7.920903e+02
1.100000e-07	-5.372718e-06	-1.210692e-08	-3.743538e+01	-7.905223e+02
1.200000e-07	-5.349290e-06	-1.207454e-08	-3.727214e+01	-7.888719e+02
1.300000e-07	-5.324434e-06	-1.194830e-08	-3.709895e+01	-7.872166e+02
1.400000e-07	-5.298035e-06	-1.195689e-08	-3.691501e+01	-7.856234e+02
1.500000e-07	-5.269772e-06	-1.205126e-08	-3.671809e+01	-7.841389e+02
1.600000e-07	-5.239863e-06	-1.189042e-08	-3.650969e+01	-7.827827e+02
1.700000e-07	-5.208350e-06	-1.193106e-08	-3.629012e+01	-7.815442e+02
1.800000e-07	-5.174821e-06	-1.200821e-08	-3.605649e+01	-7.803833e+02
1.900000e-07	-5.139255e-06	-1.184925e-08	-3.580868e+01	-7.792362e+02
2.000000e-07	-5.102151e-06	-1.189594e-08	-3.555015e+01	-7.780234e+02
2.100000e-07	-5.063396e-06	-1.185314e-08	-3.528012e+01	-7.766609e+02
2.200000e-07	-5.022832e-06	-1.172368e-08	-3.499749e+01	-7.750713e+02
2.300000e-07	-4.980341e-06	-1.178616e-08	-3.470142e+01	-7.731946e+02
2.400000e-07	-4.935861e-06	-1.176061e-08	-3.439150e+01	-7.709964e+02
2.500000e-07	-4.889653e-06	-1.171952e-08	-3.406953e+01	-7.684729e+02
2.600000e-07	-4.841579e-06	-1.168196e-08	-3.373457e+01	-7.656509e+02
2.700000e-07	-4.791460e-06	-1.157127e-08	-3.338536e+01	-7.625848e+02
2.800000e-07	-4.739285e-06	-1.157467e-08	-3.302182e+01	-7.593483e+02
2.900000e-07	-4.685186e-06	-1.155944e-08	-3.264488e+01	-7.560247e+02
3.000000e-07	-4.629451e-06	-1.149388e-08	-3.225653e+01	-7.526945e+02
3.100000e-07	-4.572023e-06	-1.144335e-08	-3.185639e+01	-7.494243e+02
3.200000e-07	-4.512802e-06	-1.142371e-08	-3.144376e+01	-7.462570e+02
3.300000e-07	-4.451998e-06	-1.139044e-08	-3.102010e+01	-7.432051e+02
3.400000e-07	-4.389701e-06	-1.129040e-08	-3.058603e+01	-7.402487e+02
3.500000e-07	-4.325943e-06	-1.123832e-08	-3.014179e+01	-7.373374e+02
3.600000e-07	-4.260647e-06	-1.117913e-08	-2.968683e+01	-7.343967e+02
3.700000e-07	-4.193655e-06	-1.113958e-08	-2.922004e+01	-7.313381e+02
3.800000e-07	-4.125022e-06	-1.112316e-08	-2.874184e+01	-7.280708e+02
3.900000e-07	-4.054944e-06	-1.103264e-08	-2.825355e+01	-7.245143e+02
4.000000e-07	-3.983598e-06	-1.095995e-08	-2.775644e+01	-7.206094e+02
4.100000e-07	-3.910960e-06	-1.090094e-08	-2.725032e+01	-7.163267e+02
4.200000e-07	-3.836894e-06	-1.083687e-08	-2.673425e+01	-7.116705e+02
4.300000e-07	-3.761174e-06	-1.075891e-08	-2.620665e+01	-7.066790e+02
4.400000e-07	-3.683749e-06	-1.067625e-08	-2.566719e+01	-7.014184e+02
4.500000e-07	-3.604827e-06	-1.062233e-08	-2.511728e+01	-6.959742e+02
4.600000e-07	-3.524482e-06	-1.056229e-08	-2.455746e+01	-6.904385e+02
4.700000e-07	-3.442778e-06	-1.048835e-08	-2.398817e+01	-6.848970e+02
4.800000e-07	-3.359854e-06	-1.038620e-08	-2.341039e+01	-6.794161e+02
4.900000e-07	-3.275834e-06	-1.029075e-08	-2.282496e+01	-6.740322e+02
5.000000e-07	-3.190859e-06	-1.021846e-08	-2.223288e+01	-6.687456e+02
5.100000e-07	-3.104979e-06	-1.013831e-08	-2.163450e+01	-6.635187e+02
5.200000e-07	-3.018112e-06	-1.004910e-08	-2.102924e+01	-6.582801e+02
5.300000e-07	-2.930250e-06	-9.949575e-09	-2.041704e+01	-6.529325e+02
5.400000e-07	-2.841334e-06	-9.855824e-09	-1.979751e+01	-6.473659e+02
5.500000e-07	-2.751398e-06	-9.762932e-09	-1.917086e+01	-6.414719e+02
5.600000e-07	-2.660434e-06	-9.654243e-09	-1.853705e+01	-6.351584e+02
5.700000e-07	-2.568341e-06	-9.537523e-09	-1.789538e+01	-6.283623e+02
5.800000e-07	-2.475283e-06	-9.427005e-09	-1.724698e+01	-6.210594e+02
5.900000e-07	-2.381448e-06	-9.330152e-09	-1.659317e+01	-6.132672e+02
6.000000e-07	-2.286855e-06	-9.223134e-09	-1.593408e+01	-6.050440e+02
6.100000e-07	-2.191544e-06	-9.099788e-09	-1.526998e+01	-5.964798e+02
6.200000e-07	-2.095498e-06	-8.971656e-09	-1.460076e+01	-5.876843e+02
6.300000e-07	-1.998615e-06	-8.846947e-09	-1.392571e+01	-5.787701e+02
6.400000e-07	-1.900896e-06	-8.723078e-09	-1.324483e+01	-5.698350e+02
6.500000e-07	-1.802465e-06	-8.582495e-09	-1.255900e+01	-5.609455e+02
6.600000e-07	-1.703326e-06	-8.435285e-09	-1.186823e+01	-5.521241e+02
6.700000e-07	-1.603443e-06	-8.293163e-09	-1.117228e+01	-5.433416e+02
6.800000e-07	-1.502903e-06	-8.153542e-09	-1.047175e+01	-5.345165e+02
6.900000e-07	-1.401859e-06	-8.001801e-09	-9.767703e+00	-5.255220e+02
7.000000e-07	-1.300425e-06	-7.837423e-09	-9.060948e+00	-5.161988e+02
7.100000e-07	-1.198597e-06	-7.673149e-09	-8.351442e+00	-5.063747e+02
7.200000e-07	-1.096364e-06	-7.508667e-09	-7.639114e+00	-4.958853e+02
7.300000e-07	-9.937628e-07	-7.333966e-09	-6.924221e+00	-4.845964e+02
7.400000e-07	-8.908262e-07	-7.143735e-09	-6.206992e+00	-4.724227e+02
7.500000e-07	-7.876015e-07	-6.949855e-09	-5.487755e+00	-4.593403e+02
7.600000e-07	-6.841110e-07	-6.755659e-09	-4.766667e+00	-4.453920e+02
7.700000e-07	-5.804119e-07	-6.553760e-09	-4.044125e+00	-4.306824e+02
7.800000e-07	-4.765475e-07	-6.336852e-09	-3.320430e+00	-4.153637e+02
7.900000e-07	-3.725467e-07	-6.112655e-09	-2.595786e+00	-3.996123e+02
8.000000e-07	-2.683964e-07	-5.888836e-09	-1.870100e+00	-3.836000e+02
8.100000e-07	-1.640899e-07	-5.655612e-09	-1.143326e+00	-3.674608e+02
8.200000e-07	-5.968434e-08	-5.403726e-09	-4.158614e-01	-3.512592e+02
8.300000e-07	4.475791e-08	-5.134161e-09	3.118588e-01	-3.349632e+02
8.400000e-07	1.491247e-07	-4.854549e-09	1.039053e+00	-3.184258e+02
8.500000e-07	2.533897e-07	-4.564748e-09	1.765538e+00	-3.013782e+02
8.600000e-07	3.575437e-07	-4.258575e-09	2.491250e+00	-2.834372e+02
8.700000e-07	4.615719e-07	-3.931757e-09	3.216085e+00	-2.641263e+02
8.800000e-07	5.654465e-07	-3.587618e-09	3.939850e+00	-2.429107e+02
8.900000e-07	6.691353e-07	-3.225492e-09	4.662321e+00	-2.192420e+02
9.000000e-07	7.726695e-07	-2.836647e-09	5.383714e+00	-1.926104e+02
9.100000e-07	8.759696e-07	-2.410465e-09	6.103476e+00	-1.625980e+02
9.200000e-07	9.789349e-07	-1.940171e-09	6.820905e+00	-1.289290e+02
9.300000e-07	1.081525e-06	-1.422855e-09	7.535719e+00	-9.151065e+01
9.400000e-07	1.183711e-06	-8.467306e-10	8.247720e+00	-5.046076e+01
9.500000e-07	1.285504e-06	-1.958872e-10	8.956982e+00	-6.118814e+00
9.600000e-07	1.386924e-06	5.347060e-10	9.663645e+00	4.096187e+01
9.700000e-07	1.487968e-06	1.330375e-09	1.036769e+01	9.004034e+01
9.800000e-07	1.588510e-06	2.164354e-09	1.106823e+01	1.402310e+02
9.900000e-07	1.688454e-06	3.003492e-09	1.176461e+01	1.905593e+02
1.000000e-06	1.787775e-06	3.812180e-09	1.245665e+01	2.400264e+02
1.010000e-06	1.886374e-06	4.558680e-09	1.314365e+01	2.876753e+02
1.020000e-06	1.984134e-06	5.226881e-09	1.382481e+01	3.326541e+02
1.030000e-06	2.080995e-06	5.820550e-09	1.449970e+01	3.742698e+02
1.040000e-06	2.177093e-06	6.345611e-09	1.516929e+01	4.120280e+02
1.050000e-06	2.272567e-06	6.805108e-09	1.583452e+01	4.456561e+02
1.060000e-06	2.367329e-06	7.203245e-09	1.649479e+01	4.751064e+02
1.070000e-06	2.461321e-06	7.555260e-09	1.714970e+01	5.005425e+02
1.080000e-06	2.554533e-06	7.871852e-09	1.779917e+01	5.223073e+02
1.090000e-06	2.646889e-06	8.157705e-09	1.844268e+01	5.408799e+02
1.100000e-06	2.738269e-06	8.415734e-09	1.907938e+01	5.568236e+02
1.110000e-06	2.828526e-06	8.651595e-09	1.970826e+01	5.707310e+02
1.120000e-06	2.917587e-06	8.872984e-09	2.032881e+01	5.831726e+02
1.130000e-06	3.005626e-06	9.080258e-09	2.094224e+01	5.946520e+02
1.140000e-06	3.092773e-06	9.271133e-09	2.154945e+01	6.055728e+02
1.150000e-06	3.178906e-06	9.443537e-09	2.214960e+01	6.162187e+02
1.160000e-06	3.263974e-06	9.602444e-09	2.274233e+01	6.267488e+02
1.170000e-06	3.347983e-06	9.752533e-09	2.332767e+01	6.372055e+02
1.180000e-06	3.430770e-06	9.897092e-09	2.390451e+01	6.475350e+02
1.190000e-06	3.512244e-06	1.003504e-08	2.447219e+01	6.576151e+02
1.200000e-06	3.592465e-06	1.016344e-08	2.503115e+01	6.672880e+02
1.210000e-06	3.671366e-06	1.028395e-08	2.558090e+01	6.763926e+02
1.220000e-06	3.748963e-06	1.039780e-08	2.612158e+01	6.847936e+02
1.230000e-06	3.825230e-06	1.050383e-08	2.665298e+01	6.924038e+02
1.240000e-06	3.899996e-06	1.060181e-08	2.717392e+01	6.991969e+02
1.250000e-06	3.973200e-06	1.069295e-08	2.768398e+01	7.052111e+02
1.260000e-06	4.044931e-06	1.078114e-08	2.818378e+01	7.105433e+02
1.270000e-06	4.115248e-06	1.086901e-08	2.867373e+01	7.153352e+02
1.280000e-06	4.184171e-06	1.095580e-08	2.915397e+01	7.197539e+02
1.290000e-06	4.251676e-06	1.103826e-08	2.962432e+01	7.239704e+02
1.300000e-06	4.317563e-06	1.111417e-08	3.008340e+01	7.281382e+02
1.310000e-06	4.381836e-06	1.118507e-08	3.053123e+01	7.323752e+02
1.320000e-06	4.444601e-06	1.125218e-08	3.096856e+01	7.367515e+02
1.330000e-06	4.505941e-06	1.131526e-08	3.139596e+01	7.412837e+02
1.340000e-06	4.565858e-06	1.137575e-08	3.181343e+01	7.459367e+02
1.350000e-06	4.624045e-06	1.143667e-08	3.221887e+01	7.506323e+02
1.360000e-06	4.680480e-06	1.149862e-08	3.261209e+01	7.552629e+02
1.370000e-06	4.735255e-06	1.155977e-08	3.299374e+01	7.597084e+02
1.380000e-06	4.788222e-06	1.161557e-08	3.336280e+01	7.638540e+02
1.390000e-06	4.839153e-06	1.166324e-08	3.371767e+01	7.676066e+02
1.400000e-06	4.888101e-06	1.170622e-08	3.405872e+01	7.709069e+02
1.410000e-06	4.935347e-06	1.174638e-08	3.438792e+01	7.737371e+02
1.420000e-06	4.981010e-06	1.178446e-08	3.470608e+01	7.761223e+02
1.430000e-06	5.024958e-06	1.182218e-08	3.501230e+01	7.781257e+02
1.440000e-06	5.066903e-06	1.186056e-08	3.530456e+01	7.798391e+02
1.450000e-06	5.107004e-06	1.189925e-08	3.558397e+01	7.813697e+02
1.460000e-06	5.145475e-06	1.193638e-08	3.585203e+01	7.828253e+02
1.470000e-06	5.182295e-06	1.197123e-08	3.610857e+01	7.842999e+02
1.480000e-06	5.217245e-06	1.200114e-08	3.635210e+01	7.858618e+02
1.490000e-06	5.250215e-06	1.202464e-08	3.658182e+01	7.875450e+02
1.500000e-06	5.281425e-06	1.204284e-08	3.679928e+01	7.893465e+02
1.510000e-06	5.310964e-06	1.205988e-08	3.700510e+01	7.912283e+02
1.520000e-06	5.338658e-06	1.207952e-08	3.719806e+01	7.931239e+02
1.530000e-06	5.364233e-06	1.210160e-08	3.737626e+01	7.949490e+02
1.540000e-06	5.387793e-06	1.212239e-08	3.754041e+01	7.966143e+02
1.550000e-06	5.409594e-06	1.213940e-08	3.769232e+01	7.980383e+02
1.560000e-06	5.429653e-06	1.215391e-08	3.783208e+01	7.991592e+02
1.570000e-06	5.447772e-06	1.216680e-08	3.795833e+01	7.999435e+02
1.580000e-06	5.463867e-06	1.217616e-08	3.807048e+01	8.003904e+02
1.590000e-06	5.477994e-06	1.218220e-08	3.816891e+01	8.005316e+02
1.600000e-06	5.489959e-06	1.218692e-08	3.825228e+01	8.004267e+02
1.610000e-06	5.499690e-06	1.219047e-08	3.832008e+01	8.001547e+02
1.620000e-06	5.507479e-06	1.219362e-08	3.837435e+01	7.998027e+02
1.630000e-06	5.513470e-06	1.219709e-08	3.841609e+01	7.994540e+02
1.640000e-06	5.517576e-06	1.220161e-08	3.844471e+01	7.991769e+02
1.650000e-06	5.519648e-06	1.220760e-08	3.845914e+01	7.990154e+02
1.660000e-06	5.519771e-06	1.220940e-08	3.846000e+01	7.989835e+02
1.670000e-06	5.518155e-06	1.220002e-08	3.844874e+01	7.990644e+02
1.680000e-06	5.514856e-06	1.219304e-08	3.842575e+01	7.992129e+02
1.690000e-06	5.509609e-06	1.218796e-08	3.838919e+01	7.993627e+02
1.700000e-06	5.502428e-06	1.217900e-08	3.833916e+01	7.994362e+02
1.710000e-06	5.493608e-06	1.216764e-08	3.827770e+01	7.993557e+02
1.720000e-06	5.483116e-06	1.216203e-08	3.820460e+01	7.990543e+02
1.730000e-06	5.470712e-06	1.218052e-08	3.811817e+01	7.984860e+02
1.740000e-06	5.456275e-06	1.214379e-08	3.801758e+01	7.976318e+02
1.750000e-06	5.439752e-06	1.205760e-08	3.790245e+01	7.965025e+02
1.760000e-06	5.420587e-06	1.205621e-08	3.776891e+01	7.951371e+02
1.770000e-06	5.398604e-06	1.205381e-08	3.761575e+01	7.935971e+02
1.780000e-06	5.374642e-06	1.212883e-08	3.744878e+01	7.919578e+02
1.790000e-06	5.349730e-06	1.214691e-08	3.727520e+01	7.902975e+02
1.800000e-06	5.323970e-06	1.195142e-08	3.709572e+01	7.886864e+02
1.810000e-06	5.296231e-06	1.204568e-08	3.690244e+01	7.871760e+02
1.820000e-06	5.266215e-06	1.206442e-08	3.669330e+01	7.857923e+02
1.830000e-06	5.234690e-06	1.187615e-08	3.647365e+01	7.845311e+02
1.840000e-06	5.201379e-06	1.201924e-08	3.624154e+01	7.833583e+02
1.850000e-06	5.166260e-06	1.196579e-08	3.599684e+01	7.822147e+02
1.860000e-06	5.129382e-06	1.183231e-08	3.573989e+01	7.810232e+02
1.870000e-06	5.090360e-06	1.198969e-08	3.546800e+01	7.796998e+02
1.880000e-06	5.049717e-06	1.186682e-08	3.518481e+01	7.781648e+02
1.890000e-06	5.007458e-06	1.178070e-08	3.489036e+01	7.763536e+02
1.900000e-06	4.963178e-06	1.178309e-08	3.458184e+01	7.742258e+02
1.910000e-06	4.917158e-06	1.165978e-08	3.426118e+01	7.717709e+02
1.920000e-06	4.869294e-06	1.178501e-08	3.392768e+01	7.690092e+02
1.930000e-06	4.819688e-06	1.171491e-08	3.358205e+01	7.659898e+02
1.940000e-06	4.768323e-06	1.159935e-08	3.322415e+01	7.627831e+02
1.950000e-06	4.714811e-06	1.163407e-08	3.285130e+01	7.594713e+02
1.960000e-06	4.659528e-06	1.153657e-08	3.246610e+01	7.561363e+02
1.970000e-06	4.602600e-06	1.151282e-08	3.206944e+01	7.528489e+02
1.980000e-06	4.544079e-06	1.141055e-08	3.166169e+01	7.496575e+02
1.990000e-06	4.484009e-06	1.139195e-08	3.124314e+01	7.465815e+02
2.000000e-06	4.422206e-06	1.140401e-08	3.081252e+01	7.436081e+02
2.010000e-06	4.358814e-06	1.130373e-08	3.037082e+01	7.406928e+02
2.020000e-06	4.293862e-06	1.130438e-08	2.991825e+01	7.377656e+02
2.030000e-06	4.227452e-06	1.117586e-08	2.945553e+01	7.347402e+02
2.040000e-06	4.159516e-06	1.113478e-08	2.898217e+01	7.315250e+02
2.050000e-06	4.089851e-06	1.110150e-08	2.849677e+01	7.280365e+02
2.060000e-06	4.018683e-06	1.099446e-08	2.800090e+01	7.242099e+02
2.070000e-06	3.946145e-06	1.097668e-08	2.749548e+01	7.200091e+02
2.080000e-06	3.872226e-06	1.088108e-08	2.698043e+01	7.154309e+02
2.090000e-06	3.796698e-06	1.085846e-08	2.645418e+01	7.105067e+02
2.100000e-06	3.719518e-06	1.077388e-08	2.591641e+01	7.052972e+02
2.110000e-06	3.640900e-06	1.067547e-08	2.536863e+01	6.998847e+02
2.120000e-06	3.561015e-06	1.060996e-08	2.481201e+01	6.943610e+02
2.130000e-06	3.479994e-06	1.051803e-08	2.424748e+01	6.888145e+02
2.140000e-06	3.397837e-06	1.048210e-08	2.367504e+01	6.833165e+02
2.150000e-06	3.314534e-06	1.037505e-08	2.309461e+01	6.779106e+02
2.160000e-06	3.229952e-06	1.029414e-08	2.250527e+01	6.726052e+02
2.170000e-06	3.144044e-06	1.019762e-08	2.190669e+01	6.673706e+02
2.180000e-06	3.056966e-06	1.010506e-08	2.129996e+01	6.621420e+02
2.190000e-06	2.968947e-06	1.002653e-08	2.068667e+01	6.568269e+02
2.200000e-06	2.879987e-06	9.915308e-09	2.006683e+01	6.513169e+02
2.210000e-06	2.790043e-06	9.833751e-09	1.944013e+01	6.455017e+02
2.220000e-06	2.699170e-06	9.735980e-09	1.880696e+01	6.392846e+02
2.230000e-06	2.607275e-06	9.642721e-09	1.816666e+01	6.325955e+02
2.240000e-06	2.514429e-06	9.519689e-09	1.751973e+01	6.254012e+02
2.250000e-06	2.420656e-06	9.397032e-09	1.686636e+01	6.177105e+02
2.260000e-06	2.325912e-06	9.292061e-09	1.620621e+01	6.095730e+02
2.270000e-06	2.230301e-06	9.183369e-09	1.554002e+01	6.010732e+02
2.280000e-06	2.133933e-06	9.072791e-09	1.486856e+01	5.923178e+02
2.290000e-06	2.036866e-06	8.941625e-09	1.419223e+01	5.834202e+02
2.300000e-06	1.939174e-06	8.813944e-09	1.351154e+01	5.744827e+02
2.310000e-06	1.841008e-06	8.682524e-09	1.282756e+01	5.655800e+02
2.320000e-06	1.742318e-06	8.544650e-09	1.213992e+01	5.567448e+02
2.330000e-06	1.642974e-06	8.396619e-09	1.144771e+01	5.479592e+02
2.340000e-06	1.543019e-06	8.248492e-09	1.075126e+01	5.391526e+02
2.350000e-06	1.442496e-06	8.103872e-09	1.005085e+01	5.302070e+02
2.360000e-06	1.341442e-06	7.950668e-09	9.346736e+00	5.209688e+02
2.370000e-06	1.239875e-06	7.784202e-09	8.639052e+00	5.112666e+02
2.380000e-06	1.137735e-06	7.612041e-09	7.927372e+00	5.009325e+02
2.390000e-06	1.035047e-06	7.444360e-09	7.211879e+00	4.898242e+02
2.400000e-06	9.319226e-07	7.271679e-09	6.493339e+00	4.778444e+02
2.410000e-06	8.284195e-07	7.085754e-09	5.772162e+00	4.649555e+02
2.420000e-06	7.246485e-07	6.886602e-09	5.049119e+00	4.511860e+02
2.430000e-06	6.207265e-07	6.680287e-09	4.325024e+00	4.366282e+02
2.440000e-06	5.166747e-07	6.467895e-09	3.600024e+00	4.214257e+02
2.450000e-06	4.124729e-07	6.248587e-09	2.873979e+00	4.057520e+02
2.460000e-06	3.080970e-07	6.018336e-09	2.146722e+00	3.897827e+02
2.470000e-06	2.036140e-07	5.781757e-09	1.418717e+00	3.736625e+02
2.480000e-06	9.909896e-08	5.540371e-09	6.904898e-01	3.574735e+02
2.490000e-06	-5.428296e-09	5.284346e-09	-3.782263e-02	3.412061e+02
2.500000e-06	-1.099736e-07	5.007187e-09	-7.662606e-01	3.247390e+02
2.510000e-06	-2.144896e-07	4.711640e-09	-1.494495e+00	3.078294e+02
2.520000e-06	-3.189180e-07	4.406779e-09	-2.222119e+00	2.901173e+02
2.530000e-06	-4.232162e-07	4.089121e-09	-2.948835e+00	2.711438e+02
2.540000e-06	-5.273505e-07	3.749880e-09	-3.674410e+00	2.503829e+02
2.550000e-06	-6.312920e-07	3.387849e-09	-4.398640e+00	2.272850e+02
2.560000e-06	-7.350003e-07	3.006114e-09	-5.121247e+00	2.013276e+02
2.570000e-06	-8.385086e-07	2.598123e-09	-5.842460e+00	1.720685e+02
2.580000e-06	-9.417574e-07	2.148744e-09	-6.561864e+00	1.391978e+02
2.590000e-06	-1.044561e-06	1.647134e-09	-7.278165e+00	1.025805e+02
2.600000e-06	-1.146851e-06	1.086930e-09	-7.990893e+00	6.228789e+01
2.610000e-06	-1.248628e-06	4.612540e-10	-8.700038e+00	1.861193e+01
2.620000e-06	-1.349903e-06	-2.380288e-10	-9.405695e+00	-2.793830e+01
2.630000e-06	-1.450700e-06	-1.010566e-09	-1.010802e+01	-7.665896e+01
2.640000e-06	-1.550957e-06	-1.836055e-09	-1.080657e+01	-1.266911e+02
2.650000e-06	-1.650611e-06	-2.680860e-09	-1.150093e+01	-1.770741e+02
2.660000e-06	-1.749577e-06	-3.506889e-09	-1.219049e+01	-2.268086e+02
2.670000e-06	-1.847943e-06	-4.282863e-09	-1.287588e+01	-2.749232e+02
2.680000e-06	-1.945816e-06	-4.991627e-09	-1.355782e+01	-3.205385e+02
2.690000e-06	-2.043032e-06	-5.620702e-09	-1.423519e+01	-3.629236e+02
2.700000e-06	-2.139522e-06	-6.167866e-09	-1.490750e+01	-4.015390e+02
2.710000e-06	-2.235355e-06	-6.645003e-09	-1.557524e+01	-4.360636e+02
2.720000e-06	-2.330550e-06	-7.067215e-09	-1.623853e+01	-4.664021e+02
2.730000e-06	-2.424948e-06	-7.438983e-09	-1.689626e+01	-4.926749e+02
2.740000e-06	-2.518405e-06	-7.764489e-09	-1.754744e+01	-5.151899e+02
2.750000e-06	-2.610856e-06	-8.057030e-09	-1.819161e+01	-5.344010e+02
2.760000e-06	-2.702275e-06	-8.328430e-09	-1.882859e+01	-5.508582e+02
2.770000e-06	-2.792673e-06	-8.580985e-09	-1.945845e+01	-5.651523e+02
2.780000e-06	-2.882006e-06	-8.810615e-09	-2.008089e+01	-5.778626e+02
2.790000e-06	-2.970323e-06	-9.019465e-09	-2.069626e+01	-5.895103e+02
2.800000e-06	-3.057689e-06	-9.213220e-09	-2.130500e+01	-6.005225e+02
2.810000e-06	-3.144057e-06	-9.392567e-09	-2.190679e+01	-6.112097e+02
2.820000e-06	-3.229216e-06	-9.557840e-09	-2.250015e+01	-6.217571e+02
2.830000e-06	-3.313073e-06	-9.712028e-09	-2.308444e+01	-6.322311e+02
2.840000e-06	-3.395749e-06	-9.859798e-09	-2.366049e+01	-6.425962e+02
2.850000e-06	-3.477304e-06	-1.000090e-08	-2.422874e+01	-6.527422e+02
2.860000e-06	-3.557752e-06	-1.013171e-08	-2.478928e+01	-6.625162e+02
2.870000e-06	-3.636996e-06	-1.025061e-08	-2.534142e+01	-6.717550e+02
2.880000e-06	-3.714808e-06	-1.036211e-08	-2.588359e+01	-6.803160e+02
2.890000e-06	-3.791026e-06	-1.047005e-08	-2.641466e+01	-6.880999e+02
2.900000e-06	-3.865745e-06	-1.057298e-08	-2.693527e+01	-6.950669e+02
2.910000e-06	-3.939079e-06	-1.066872e-08	-2.744624e+01	-7.012416e+02
2.920000e-06	-4.011064e-06	-1.076021e-08	-2.794781e+01	-7.067092e+02
2.930000e-06	-4.081709e-06	-1.085059e-08	-2.844004e+01	-7.116032e+02
2.940000e-06	-4.150817e-06	-1.093684e-08	-2.892156e+01	-7.160872e+02
2.950000e-06	-4.218331e-06	-1.101624e-08	-2.939198e+01	-7.203331e+02
2.960000e-06	-4.284417e-06	-1.109190e-08	-2.985244e+01	-7.244999e+02
2.970000e-06	-4.349127e-06	-1.116796e-08	-3.030333e+01	-7.287143e+02
2.980000e-06	-4.412403e-06	-1.124080e-08	-3.074421e+01	-7.330573e+02
2.990000e-06	-4.473993e-06	-1.130684e-08	-3.117335e+01	-7.375572e+02
3.000000e-06	-4.533756e-06	-1.136981e-08	-3.158976e+01	-7.421895e+02
3.010000e-06	-4.591909e-06	-1.143505e-08	-3.199495e+01	-7.468842e+02
3.020000e-06	-4.648628e-06	-1.149759e-08	-3.239015e+01	-7.515386e+02
3.030000e-06	-4.703815e-06	-1.155326e-08	-3.277468e+01	-7.560338e+02
3.040000e-06	-4.757105e-06	-1.160352e-08	-3.314598e+01	-7.602524e+02
3.050000e-06	-4.808319e-06	-1.165197e-08	-3.350283e+01	-7.640953e+02
3.060000e-06	-4.857576e-06	-1.169904e-08	-3.384603e+01	-7.674953e+02
3.070000e-06	-4.904833e-06	-1.174497e-08	-3.417531e+01	-7.704255e+02
3.080000e-06	-4.950182e-06	-1.178780e-08	-3.449128e+01	-7.729019e+02
3.090000e-06	-4.993952e-06	-1.182846e-08	-3.479626e+01	-7.749800e+02
3.100000e-06	-5.036228e-06	-1.186616e-08	-3.509082e+01	-7.767467e+02
3.110000e-06	-5.076910e-06	-1.189963e-08	-3.537429e+01	-7.783071e+02
3.120000e-06	-5.115899e-06	-1.193164e-08	-3.564594e+01	-7.797700e+02
3.130000e-06	-5.153021e-06	-1.196391e-08	-3.590460e+01	-7.812337e+02
3.140000e-06	-5.188208e-06	-1.199558e-08	-3.614977e+01	-7.827726e+02
3.150000e-06	-5.221620e-06	-1.202316e-08	-3.638258e+01	-7.844287e+02
3.160000e-06	-5.253375e-06	-1.204539e-08	-3.660383e+01	-7.862068e+02
3.170000e-06	-5.283203e-06	-1.206290e-08	-3.681167e+01	-7.880761e+02
3.180000e-06	-5.310998e-06	-1.207935e-08	-3.700533e+01	-7.899753e+02
3.190000e-06	-5.336957e-06	-1.209492e-08	-3.718621e+01	-7.918230e+02
3.200000e-06	-5.361112e-06	-1.210868e-08	-3.735451e+01	-7.935297e+02
3.210000e-06	-5.383343e-06	-1.212323e-08	-3.750941e+01	-7.950113e+02
3.220000e-06	-5.403571e-06	-1.214084e-08	-3.765035e+01	-7.962009e+02
3.230000e-06	-5.421974e-06	-1.215793e-08	-3.777858e+01	-7.970585e+02
3.240000e-06	-5.438617e-06	-1.216833e-08	-3.789454e+01	-7.975759e+02
3.250000e-06	-5.453299e-06	-1.217170e-08	-3.799684e+01	-7.977784e+02
3.260000e-06	-5.465687e-06	-1.217467e-08	-3.808316e+01	-7.977200e+02
3.270000e-06	-5.475929e-06	-1.217839e-08	-3.815452e+01	-7.974764e+02
3.280000e-06	-5.484369e-06	-1.217904e-08	-3.821333e+01	-7.971340e+02
3.290000e-06	-5.490902e-06	-1.217601e-08	-3.825885e+01	-7.967781e+02
3.300000e-06	-5.495361e-06	-1.217455e-08	-3.828991e+01	-7.964810e+02
3.310000e-06	-5.497892e-06	-1.217508e-08	-3.830755e+01	-7.962923e+02
3.320000e-06	-5.498675e-06	-1.217486e-08	-3.831301e+01	-7.962329e+02
