# Temperatura_=_40.0
# Concentracion g/m^3_=_15500.0
# C_Vs_to_Am_M_A/Vsm_=_65563218390.804596
# pendiente_HvsI_1/m_=_3716.3
# ordenada_HvsI_A/m_=_1297.0
# frecuencia_Hz_=_300801.14599489904

Tiempo_(s)	Campo_(V.s)	Magnetizacion_(V.s)	Campo_(kA/m)	Magnetizacion_(A/m)
0.000000e+00	-5.515377e-06	-1.224973e-08	-3.830972e+01	-8.013163e+02
1.000000e-08	-5.513917e-06	-1.225552e-08	-3.829958e+01	-8.014954e+02
2.000000e-08	-5.510491e-06	-1.225607e-08	-3.827578e+01	-8.017372e+02
3.000000e-08	-5.505277e-06	-1.224896e-08	-3.823957e+01	-8.019716e+02
4.000000e-08	-5.498363e-06	-1.223698e-08	-3.819155e+01	-8.021176e+02
5.000000e-08	-5.489805e-06	-1.222105e-08	-3.813210e+01	-8.020955e+02
6.000000e-08	-5.479385e-06	-1.220619e-08	-3.805973e+01	-8.018380e+02
7.000000e-08	-5.466868e-06	-1.218684e-08	-3.797278e+01	-8.012996e+02
8.000000e-08	-5.452384e-06	-1.215718e-08	-3.787218e+01	-8.004630e+02
9.000000e-08	-5.435627e-06	-1.220847e-08	-3.775578e+01	-7.993413e+02
1.000000e-07	-5.416489e-06	-1.225607e-08	-3.762285e+01	-7.979761e+02
1.100000e-07	-5.395336e-06	-1.220134e-08	-3.747592e+01	-7.964314e+02
1.200000e-07	-5.372329e-06	-1.216992e-08	-3.731612e+01	-7.947845e+02
1.300000e-07	-5.347781e-06	-1.207599e-08	-3.714561e+01	-7.931147e+02
1.400000e-07	-5.321740e-06	-1.198333e-08	-3.696473e+01	-7.914924e+02
1.500000e-07	-5.293843e-06	-1.213932e-08	-3.677095e+01	-7.899685e+02
1.600000e-07	-5.264182e-06	-1.205297e-08	-3.656493e+01	-7.885673e+02
1.700000e-07	-5.232965e-06	-1.194830e-08	-3.634810e+01	-7.872823e+02
1.800000e-07	-5.199880e-06	-1.211256e-08	-3.611829e+01	-7.860775e+02
1.900000e-07	-5.164694e-06	-1.197680e-08	-3.587388e+01	-7.848912e+02
2.000000e-07	-5.127921e-06	-1.192278e-08	-3.561846e+01	-7.836449e+02
2.100000e-07	-5.089499e-06	-1.197297e-08	-3.535158e+01	-7.822538e+02
2.200000e-07	-5.049264e-06	-1.180772e-08	-3.507211e+01	-7.806380e+02
2.300000e-07	-5.007128e-06	-1.183466e-08	-3.477943e+01	-7.787343e+02
2.400000e-07	-4.962948e-06	-1.188217e-08	-3.447256e+01	-7.765041e+02
2.500000e-07	-4.917057e-06	-1.180378e-08	-3.415380e+01	-7.739394e+02
2.600000e-07	-4.869393e-06	-1.178978e-08	-3.382273e+01	-7.710635e+02
2.700000e-07	-4.819649e-06	-1.166531e-08	-3.347721e+01	-7.679282e+02
2.800000e-07	-4.767764e-06	-1.163099e-08	-3.311681e+01	-7.646064e+02
2.900000e-07	-4.713991e-06	-1.164037e-08	-3.274331e+01	-7.611819e+02
3.000000e-07	-4.658576e-06	-1.157335e-08	-3.235840e+01	-7.577377e+02
3.100000e-07	-4.601489e-06	-1.152708e-08	-3.196187e+01	-7.543444e+02
3.200000e-07	-4.542551e-06	-1.149038e-08	-3.155249e+01	-7.510497e+02
3.300000e-07	-4.481927e-06	-1.148151e-08	-3.113140e+01	-7.478714e+02
3.400000e-07	-4.419843e-06	-1.138158e-08	-3.070016e+01	-7.447948e+02
3.500000e-07	-4.356269e-06	-1.129616e-08	-3.025858e+01	-7.417737e+02
3.600000e-07	-4.291173e-06	-1.124747e-08	-2.980643e+01	-7.387366e+02
3.700000e-07	-4.224403e-06	-1.118547e-08	-2.934264e+01	-7.355960e+02
3.800000e-07	-4.155992e-06	-1.117959e-08	-2.886746e+01	-7.322606e+02
3.900000e-07	-4.086128e-06	-1.110958e-08	-2.838218e+01	-7.286474e+02
4.000000e-07	-4.014934e-06	-1.102107e-08	-2.788767e+01	-7.246937e+02
4.100000e-07	-3.942473e-06	-1.096784e-08	-2.738436e+01	-7.203652e+02
4.200000e-07	-3.868528e-06	-1.089716e-08	-2.687074e+01	-7.156619e+02
4.300000e-07	-3.792873e-06	-1.082230e-08	-2.634524e+01	-7.106175e+02
4.400000e-07	-3.715538e-06	-1.072689e-08	-2.580807e+01	-7.052953e+02
4.500000e-07	-3.636724e-06	-1.066878e-08	-2.526063e+01	-6.997791e+02
4.600000e-07	-3.556483e-06	-1.061532e-08	-2.470328e+01	-6.941615e+02
4.700000e-07	-3.474903e-06	-1.054090e-08	-2.413663e+01	-6.885303e+02
4.800000e-07	-3.392104e-06	-1.044726e-08	-2.356151e+01	-6.829557e+02
4.900000e-07	-3.308115e-06	-1.033705e-08	-2.297812e+01	-6.774790e+02
5.000000e-07	-3.223127e-06	-1.026205e-08	-2.238779e+01	-6.721060e+02
5.100000e-07	-3.137166e-06	-1.018249e-08	-2.179071e+01	-6.668044e+02
5.200000e-07	-3.050208e-06	-1.009403e-08	-2.118670e+01	-6.615067e+02
5.300000e-07	-2.962310e-06	-9.994002e-09	-2.057616e+01	-6.561189e+02
5.400000e-07	-2.873423e-06	-9.896549e-09	-1.995875e+01	-6.505317e+02
5.500000e-07	-2.783521e-06	-9.807807e-09	-1.933429e+01	-6.446356e+02
5.600000e-07	-2.692466e-06	-9.699207e-09	-1.870183e+01	-6.383355e+02
5.700000e-07	-2.600242e-06	-9.583415e-09	-1.806124e+01	-6.315642e+02
5.800000e-07	-2.507111e-06	-9.469964e-09	-1.741436e+01	-6.242919e+02
5.900000e-07	-2.413221e-06	-9.373294e-09	-1.676220e+01	-6.165310e+02
6.000000e-07	-2.318535e-06	-9.269854e-09	-1.610451e+01	-6.083346e+02
6.100000e-07	-2.223088e-06	-9.146369e-09	-1.544154e+01	-5.997897e+02
6.200000e-07	-2.126915e-06	-9.014096e-09	-1.477352e+01	-5.910043e+02
6.300000e-07	-2.029918e-06	-8.885165e-09	-1.409978e+01	-5.820913e+02
6.400000e-07	-1.932060e-06	-8.762061e-09	-1.342006e+01	-5.731513e+02
6.500000e-07	-1.833406e-06	-8.626569e-09	-1.273481e+01	-5.642552e+02
6.600000e-07	-1.733983e-06	-8.483821e-09	-1.204422e+01	-5.554310e+02
6.700000e-07	-1.633879e-06	-8.343714e-09	-1.134890e+01	-5.466552e+02
6.800000e-07	-1.533208e-06	-8.207119e-09	-1.064964e+01	-5.378518e+02
6.900000e-07	-1.432058e-06	-8.055622e-09	-9.947051e+00	-5.288977e+02
7.000000e-07	-1.330474e-06	-7.887521e-09	-9.241454e+00	-5.196356e+02
7.100000e-07	-1.228465e-06	-7.718809e-09	-8.532896e+00	-5.098923e+02
7.200000e-07	-1.126053e-06	-7.554702e-09	-7.821547e+00	-4.995004e+02
7.300000e-07	-1.023261e-06	-7.384654e-09	-7.107556e+00	-4.883201e+02
7.400000e-07	-9.200982e-07	-7.199533e-09	-6.390988e+00	-4.762584e+02
7.500000e-07	-8.165903e-07	-7.007341e-09	-5.672024e+00	-4.632837e+02
7.600000e-07	-7.128291e-07	-6.811507e-09	-4.951300e+00	-4.494311e+02
7.700000e-07	-6.088982e-07	-6.608130e-09	-4.229398e+00	-4.347990e+02
7.800000e-07	-5.047676e-07	-6.390356e-09	-3.506108e+00	-4.195361e+02
7.900000e-07	-4.004495e-07	-6.164820e-09	-2.781516e+00	-4.038188e+02
8.000000e-07	-2.959728e-07	-5.941521e-09	-2.055823e+00	-3.878226e+02
8.100000e-07	-1.913847e-07	-5.714210e-09	-1.329355e+00	-3.716889e+02
8.200000e-07	-8.671034e-08	-5.468443e-09	-6.022887e-01	-3.554930e+02
8.300000e-07	1.799465e-08	-5.200683e-09	1.249906e-01	-3.392155e+02
8.400000e-07	1.226594e-07	-4.919277e-09	8.519900e-01	-3.227227e+02
8.500000e-07	2.273178e-07	-4.629206e-09	1.578946e+00	-3.057582e+02
8.600000e-07	3.319526e-07	-4.326718e-09	2.305738e+00	-2.879480e+02
8.700000e-07	4.364598e-07	-4.003368e-09	3.031643e+00	-2.688209e+02
8.800000e-07	5.407682e-07	-3.660162e-09	3.756168e+00	-2.478412e+02
8.900000e-07	6.448830e-07	-3.300827e-09	4.479348e+00	-2.244534e+02
9.000000e-07	7.487768e-07	-2.919544e-09	5.200992e+00	-1.981340e+02
9.100000e-07	8.523797e-07	-2.498082e-09	5.920617e+00	-1.684454e+02
9.200000e-07	9.556671e-07	-2.027475e-09	6.638049e+00	-1.350873e+02
9.300000e-07	1.058652e-06	-1.510809e-09	7.353384e+00	-9.793967e+01
9.400000e-07	1.161271e-06	-9.416058e-10	8.066169e+00	-5.709228e+01
9.500000e-07	1.263480e-06	-3.034513e-10	8.776114e+00	-1.285844e+01
9.600000e-07	1.365279e-06	4.163902e-10	9.483210e+00	3.423043e+01
9.700000e-07	1.466675e-06	1.208492e-09	1.018750e+01	8.344893e+01
9.800000e-07	1.567621e-06	2.045657e-09	1.088867e+01	1.339189e+02
9.900000e-07	1.668033e-06	2.895119e-09	1.158613e+01	1.846644e+02
1.000000e-06	1.767851e-06	3.722238e-09	1.227946e+01	2.346759e+02
1.010000e-06	1.866976e-06	4.491617e-09	1.296799e+01	2.829773e+02
1.020000e-06	1.965359e-06	5.180046e-09	1.365136e+01	3.286906e+02
1.030000e-06	2.062900e-06	5.785702e-09	1.432887e+01	3.710916e+02
1.040000e-06	2.159535e-06	6.318017e-09	1.500010e+01	4.096527e+02
1.050000e-06	2.255381e-06	6.786053e-09	1.566584e+01	4.440677e+02
1.060000e-06	2.350532e-06	7.193531e-09	1.632676e+01	4.742588e+02
1.070000e-06	2.444941e-06	7.553032e-09	1.698252e+01	5.003641e+02
1.080000e-06	2.538562e-06	7.876751e-09	1.763281e+01	5.227084e+02
1.090000e-06	2.631396e-06	8.171353e-09	1.827763e+01	5.417605e+02
1.100000e-06	2.723350e-06	8.437566e-09	1.891635e+01	5.580813e+02
1.110000e-06	2.814277e-06	8.677943e-09	1.954792e+01	5.722695e+02
1.120000e-06	2.904043e-06	8.898373e-09	2.017144e+01	5.849075e+02
1.130000e-06	2.992687e-06	9.105850e-09	2.078716e+01	5.965161e+02
1.140000e-06	3.080305e-06	9.301100e-09	2.139575e+01	6.075184e+02
1.150000e-06	3.166870e-06	9.478465e-09	2.199703e+01	6.182188e+02
1.160000e-06	3.252430e-06	9.638945e-09	2.259133e+01	6.287948e+02
1.170000e-06	3.336968e-06	9.788726e-09	2.317853e+01	6.393045e+02
1.180000e-06	3.420309e-06	9.934189e-09	2.375742e+01	6.497049e+02
1.190000e-06	3.502365e-06	1.007448e-08	2.432737e+01	6.598799e+02
1.200000e-06	3.583110e-06	1.020806e-08	2.488823e+01	6.696721e+02
1.210000e-06	3.662585e-06	1.033232e-08	2.544026e+01	6.789167e+02
1.220000e-06	3.740794e-06	1.044672e-08	2.598350e+01	6.874710e+02
1.230000e-06	3.817652e-06	1.055251e-08	2.651735e+01	6.952379e+02
1.240000e-06	3.892993e-06	1.065148e-08	2.704067e+01	7.021808e+02
1.250000e-06	3.966769e-06	1.074449e-08	2.755312e+01	7.083284e+02
1.260000e-06	4.039062e-06	1.083367e-08	2.805526e+01	7.137701e+02
1.270000e-06	4.109939e-06	1.091973e-08	2.854758e+01	7.186428e+02
1.280000e-06	4.179443e-06	1.100364e-08	2.903035e+01	7.231125e+02
1.290000e-06	4.247517e-06	1.108602e-08	2.950319e+01	7.273522e+02
1.300000e-06	4.314005e-06	1.116586e-08	2.996501e+01	7.315205e+02
1.310000e-06	4.378856e-06	1.124080e-08	3.041547e+01	7.357423e+02
1.320000e-06	4.442212e-06	1.130925e-08	3.085553e+01	7.400960e+02
1.330000e-06	4.504131e-06	1.137311e-08	3.128562e+01	7.446064e+02
1.340000e-06	4.564613e-06	1.143482e-08	3.170573e+01	7.492455e+02
1.350000e-06	4.623471e-06	1.149489e-08	3.211456e+01	7.539404e+02
1.360000e-06	4.680539e-06	1.155128e-08	3.251095e+01	7.585862e+02
1.370000e-06	4.735912e-06	1.160571e-08	3.289558e+01	7.630631e+02
1.380000e-06	4.789604e-06	1.166117e-08	3.326852e+01	7.672539e+02
1.390000e-06	4.841371e-06	1.171486e-08	3.362809e+01	7.710612e+02
1.400000e-06	4.891049e-06	1.176284e-08	3.397315e+01	7.744203e+02
1.410000e-06	4.938801e-06	1.180387e-08	3.430483e+01	7.773076e+02
1.420000e-06	4.984885e-06	1.184246e-08	3.462493e+01	7.797425e+02
1.430000e-06	5.029411e-06	1.188057e-08	3.493421e+01	7.817843e+02
1.440000e-06	5.072116e-06	1.191710e-08	3.523084e+01	7.835224e+02
1.450000e-06	5.112900e-06	1.195206e-08	3.551413e+01	7.850639e+02
1.460000e-06	5.151951e-06	1.198460e-08	3.578538e+01	7.865186e+02
1.470000e-06	5.189315e-06	1.201637e-08	3.604490e+01	7.879843e+02
1.480000e-06	5.224856e-06	1.204745e-08	3.629177e+01	7.895343e+02
1.490000e-06	5.258425e-06	1.207587e-08	3.652494e+01	7.912082e+02
1.500000e-06	5.290133e-06	1.210123e-08	3.674518e+01	7.930085e+02
1.510000e-06	5.320155e-06	1.212382e-08	3.695372e+01	7.949016e+02
1.520000e-06	5.348426e-06	1.214343e-08	3.715009e+01	7.968240e+02
1.530000e-06	5.374635e-06	1.216013e-08	3.733213e+01	7.986926e+02
1.540000e-06	5.398789e-06	1.217477e-08	3.749991e+01	8.004174e+02
1.550000e-06	5.421119e-06	1.218920e-08	3.765501e+01	8.019145e+02
1.560000e-06	5.441671e-06	1.220407e-08	3.779777e+01	8.031184e+02
1.570000e-06	5.460341e-06	1.221897e-08	3.792745e+01	8.039911e+02
1.580000e-06	5.477001e-06	1.223175e-08	3.804317e+01	8.045272e+02
1.590000e-06	5.491647e-06	1.224157e-08	3.814490e+01	8.047545e+02
1.600000e-06	5.504246e-06	1.224953e-08	3.823241e+01	8.047298e+02
1.610000e-06	5.514614e-06	1.225573e-08	3.830443e+01	8.045307e+02
1.620000e-06	5.522837e-06	1.226059e-08	3.836154e+01	8.042448e+02
1.630000e-06	5.529215e-06	1.226464e-08	3.840584e+01	8.039572e+02
1.640000e-06	5.533858e-06	1.226751e-08	3.843809e+01	8.037391e+02
1.650000e-06	5.536476e-06	1.226910e-08	3.845628e+01	8.036381e+02
1.660000e-06	5.537012e-06	1.227336e-08	3.846000e+01	8.036720e+02
1.670000e-06	5.535756e-06	1.227186e-08	3.845128e+01	8.038268e+02
1.680000e-06	5.532869e-06	1.226589e-08	3.843122e+01	8.040593e+02
1.690000e-06	5.528160e-06	1.226140e-08	3.839851e+01	8.043032e+02
1.700000e-06	5.521435e-06	1.225497e-08	3.835180e+01	8.044793e+02
1.710000e-06	5.512989e-06	1.224853e-08	3.829314e+01	8.045065e+02
1.720000e-06	5.502934e-06	1.224375e-08	3.822329e+01	8.043134e+02
1.730000e-06	5.490944e-06	1.225646e-08	3.814001e+01	8.038483e+02
1.740000e-06	5.476829e-06	1.225928e-08	3.804197e+01	8.030865e+02
1.750000e-06	5.460720e-06	1.214462e-08	3.793008e+01	8.020336e+02
1.760000e-06	5.442254e-06	1.211344e-08	3.780182e+01	8.007243e+02
1.770000e-06	5.420914e-06	1.213184e-08	3.765359e+01	7.992179e+02
1.780000e-06	5.397299e-06	1.216022e-08	3.748956e+01	7.975893e+02
1.790000e-06	5.372551e-06	1.227946e-08	3.731766e+01	7.959184e+02
1.800000e-06	5.347095e-06	1.208003e-08	3.714084e+01	7.942788e+02
1.810000e-06	5.319950e-06	1.204030e-08	3.695230e+01	7.927272e+02
1.820000e-06	5.290330e-06	1.220617e-08	3.674655e+01	7.912950e+02
1.830000e-06	5.259037e-06	1.196509e-08	3.652919e+01	7.899836e+02
1.840000e-06	5.226069e-06	1.201576e-08	3.630020e+01	7.887639e+02
1.850000e-06	5.191258e-06	1.212564e-08	3.605840e+01	7.875802e+02
1.860000e-06	5.154787e-06	1.187655e-08	3.580507e+01	7.863571e+02
1.870000e-06	5.116191e-06	1.202196e-08	3.553698e+01	7.850103e+02
1.880000e-06	5.075771e-06	1.201277e-08	3.525623e+01	7.834578e+02
1.890000e-06	5.033853e-06	1.181128e-08	3.496507e+01	7.816311e+02
1.900000e-06	4.990019e-06	1.188743e-08	3.466059e+01	7.794848e+02
1.910000e-06	4.944383e-06	1.173178e-08	3.434361e+01	7.770031e+02
1.920000e-06	4.896934e-06	1.180356e-08	3.401403e+01	7.742015e+02
1.930000e-06	4.847612e-06	1.185618e-08	3.367144e+01	7.711252e+02
1.940000e-06	4.796613e-06	1.163931e-08	3.331720e+01	7.678427e+02
1.950000e-06	4.743500e-06	1.170341e-08	3.294828e+01	7.644361e+02
1.960000e-06	4.688476e-06	1.161119e-08	3.256609e+01	7.609899e+02
1.970000e-06	4.631796e-06	1.156216e-08	3.217238e+01	7.575786e+02
1.980000e-06	4.573451e-06	1.150617e-08	3.176712e+01	7.542566e+02
1.990000e-06	4.513623e-06	1.140934e-08	3.135156e+01	7.510497e+02
2.000000e-06	4.451986e-06	1.149642e-08	3.092342e+01	7.479511e+02
2.010000e-06	4.388724e-06	1.136631e-08	3.048401e+01	7.449223e+02
2.020000e-06	4.323981e-06	1.136024e-08	3.003431e+01	7.418972e+02
2.030000e-06	4.257715e-06	1.126820e-08	2.957402e+01	7.387915e+02
2.040000e-06	4.189970e-06	1.114855e-08	2.910347e+01	7.355134e+02
2.050000e-06	4.120422e-06	1.117987e-08	2.862039e+01	7.319768e+02
2.060000e-06	4.049297e-06	1.103699e-08	2.812635e+01	7.281130e+02
2.070000e-06	3.976859e-06	1.102952e-08	2.762320e+01	7.238799e+02
2.080000e-06	3.903125e-06	1.094260e-08	2.711105e+01	7.192687e+02
2.090000e-06	3.827920e-06	1.089357e-08	2.658868e+01	7.143050e+02
2.100000e-06	3.750988e-06	1.085214e-08	2.605431e+01	7.090453e+02
2.110000e-06	3.672473e-06	1.070945e-08	2.550894e+01	7.035693e+02
2.120000e-06	3.592603e-06	1.066518e-08	2.495417e+01	6.979687e+02
2.130000e-06	3.511558e-06	1.055321e-08	2.439123e+01	6.923338e+02
2.140000e-06	3.429415e-06	1.052641e-08	2.382067e+01	6.867402e+02
2.150000e-06	3.346177e-06	1.043581e-08	2.324250e+01	6.812373e+02
2.160000e-06	3.261687e-06	1.033530e-08	2.265563e+01	6.758403e+02
2.170000e-06	3.175798e-06	1.026050e-08	2.205904e+01	6.705261e+02
2.180000e-06	3.088705e-06	1.014277e-08	2.145410e+01	6.652358e+02
2.190000e-06	3.000613e-06	1.007461e-08	2.084221e+01	6.598806e+02
2.200000e-06	2.911566e-06	9.958266e-09	2.022370e+01	6.543541e+02
2.210000e-06	2.821585e-06	9.880253e-09	1.959869e+01	6.485453e+02
2.220000e-06	2.730720e-06	9.788274e-09	1.896754e+01	6.423541e+02
2.230000e-06	2.638921e-06	9.688321e-09	1.832990e+01	6.357053e+02
2.240000e-06	2.546102e-06	9.573247e-09	1.768518e+01	6.285591e+02
2.250000e-06	2.452288e-06	9.439802e-09	1.703356e+01	6.209171e+02
2.260000e-06	2.357492e-06	9.338348e-09	1.637510e+01	6.128229e+02
2.270000e-06	2.261861e-06	9.227161e-09	1.571086e+01	6.043559e+02
2.280000e-06	2.165501e-06	9.121525e-09	1.504153e+01	5.956202e+02
2.290000e-06	2.068391e-06	8.994230e-09	1.436701e+01	5.867292e+02
2.300000e-06	1.970601e-06	8.865444e-09	1.368777e+01	5.777882e+02
2.310000e-06	1.872313e-06	8.733905e-09	1.300506e+01	5.688770e+02
2.320000e-06	1.773519e-06	8.592881e-09	1.231883e+01	5.600352e+02
2.330000e-06	1.674122e-06	8.445292e-09	1.162842e+01	5.512527e+02
2.340000e-06	1.574089e-06	8.299413e-09	1.093360e+01	5.424664e+02
2.350000e-06	1.473399e-06	8.161592e-09	1.023421e+01	5.335639e+02
2.360000e-06	1.372105e-06	8.011506e-09	9.530621e+00	5.243951e+02
2.370000e-06	1.270196e-06	7.846582e-09	8.822763e+00	5.147888e+02
2.380000e-06	1.167758e-06	7.670301e-09	8.111226e+00	5.045739e+02
2.390000e-06	1.064896e-06	7.498396e-09	7.396753e+00	4.936018e+02
2.400000e-06	9.615976e-07	7.323769e-09	6.679243e+00	4.817663e+02
2.410000e-06	8.579152e-07	7.141051e-09	5.959066e+00	4.690195e+02
2.420000e-06	7.539580e-07	6.950587e-09	5.236981e+00	4.553798e+02
2.430000e-06	6.497765e-07	6.752317e-09	4.513338e+00	4.409305e+02
2.440000e-06	5.453893e-07	6.543489e-09	3.788266e+00	4.258097e+02
2.450000e-06	4.408331e-07	6.321623e-09	3.062020e+00	4.101893e+02
2.460000e-06	3.361275e-07	6.087829e-09	2.334737e+00	3.942480e+02
2.470000e-06	2.312990e-07	5.848179e-09	1.606599e+00	3.781388e+02
2.480000e-06	1.264038e-07	5.607280e-09	8.779989e-01	3.619565e+02
2.490000e-06	2.151913e-08	5.356112e-09	1.494715e-01	3.457076e+02
2.500000e-06	-8.336179e-08	5.086222e-09	-5.790297e-01	3.292881e+02
2.510000e-06	-1.882467e-07	4.796539e-09	-1.307559e+00	3.124725e+02
2.520000e-06	-2.930284e-07	4.492648e-09	-2.035371e+00	2.949149e+02
2.530000e-06	-3.976673e-07	4.175690e-09	-2.762191e+00	2.761657e+02
2.540000e-06	-5.022164e-07	3.838184e-09	-3.488388e+00	2.557016e+02
2.550000e-06	-6.066019e-07	3.476816e-09	-4.213448e+00	2.329674e+02
2.560000e-06	-7.107194e-07	3.095853e-09	-4.936646e+00	2.074265e+02
2.570000e-06	-8.145887e-07	2.689755e-09	-5.658121e+00	1.786148e+02
2.580000e-06	-9.181903e-07	2.243709e-09	-6.377736e+00	1.461934e+02
2.590000e-06	-1.021434e-06	1.746409e-09	-7.094865e+00	1.099936e+02
2.600000e-06	-1.124262e-06	1.193334e-09	-7.809109e+00	7.005083e+01
2.610000e-06	-1.226599e-06	5.792158e-10	-8.519940e+00	2.662234e+01
2.620000e-06	-1.328376e-06	-1.085533e-10	-9.226880e+00	-1.981347e+01
2.630000e-06	-1.429605e-06	-8.757099e-10	-9.930015e+00	-6.857647e+01
2.640000e-06	-1.530221e-06	-1.704675e-09	-1.062889e+01	-1.188220e+02
2.650000e-06	-1.630258e-06	-2.560527e-09	-1.132375e+01	-1.695928e+02
2.660000e-06	-1.729698e-06	-3.404206e-09	-1.201446e+01	-2.198814e+02
2.670000e-06	-1.828511e-06	-4.201988e-09	-1.270081e+01	-2.686972e+02
2.680000e-06	-1.926758e-06	-4.930043e-09	-1.338323e+01	-3.151319e+02
2.690000e-06	-2.024353e-06	-5.573123e-09	-1.406113e+01	-3.584185e+02
2.700000e-06	-2.121251e-06	-6.130998e-09	-1.473418e+01	-3.979768e+02
2.710000e-06	-2.217510e-06	-6.616740e-09	-1.540279e+01	-4.334442e+02
2.720000e-06	-2.313156e-06	-7.046487e-09	-1.606715e+01	-4.646861e+02
2.730000e-06	-2.408119e-06	-7.427612e-09	-1.672676e+01	-4.917887e+02
2.740000e-06	-2.502150e-06	-7.764779e-09	-1.737990e+01	-5.150338e+02
2.750000e-06	-2.595110e-06	-8.069337e-09	-1.802559e+01	-5.348587e+02
2.760000e-06	-2.687027e-06	-8.348511e-09	-1.866405e+01	-5.518065e+02
2.770000e-06	-2.777895e-06	-8.602707e-09	-1.929522e+01	-5.664714e+02
2.780000e-06	-2.867741e-06	-8.830875e-09	-1.991928e+01	-5.794447e+02
2.790000e-06	-2.956573e-06	-9.039831e-09	-2.053631e+01	-5.912663e+02
2.800000e-06	-3.044478e-06	-9.235324e-09	-2.114690e+01	-6.023866e+02
2.810000e-06	-3.131381e-06	-9.417496e-09	-2.175053e+01	-6.131405e+02
2.820000e-06	-3.217085e-06	-9.586867e-09	-2.234583e+01	-6.237374e+02
2.830000e-06	-3.301547e-06	-9.745813e-09	-2.293250e+01	-6.342639e+02
2.840000e-06	-3.384756e-06	-9.898159e-09	-2.351046e+01	-6.446999e+02
2.850000e-06	-3.466857e-06	-1.004115e-08	-2.408073e+01	-6.549446e+02
2.860000e-06	-3.547869e-06	-1.017230e-08	-2.464345e+01	-6.648480e+02
2.870000e-06	-3.627682e-06	-1.029125e-08	-2.519783e+01	-6.742439e+02
2.880000e-06	-3.706124e-06	-1.040309e-08	-2.574268e+01	-6.829816e+02
2.890000e-06	-3.783027e-06	-1.051156e-08	-2.627685e+01	-6.909510e+02
2.900000e-06	-3.858426e-06	-1.061385e-08	-2.680057e+01	-6.980994e+02
2.910000e-06	-3.932394e-06	-1.070975e-08	-2.731435e+01	-7.044394e+02
2.920000e-06	-4.005011e-06	-1.080415e-08	-2.781875e+01	-7.100460e+02
2.930000e-06	-4.076266e-06	-1.089785e-08	-2.831368e+01	-7.150458e+02
2.940000e-06	-4.145978e-06	-1.098615e-08	-2.879790e+01	-7.195997e+02
2.950000e-06	-4.214087e-06	-1.106711e-08	-2.927098e+01	-7.238808e+02
2.960000e-06	-4.280712e-06	-1.114369e-08	-2.973376e+01	-7.280533e+02
2.970000e-06	-4.345884e-06	-1.121980e-08	-3.018644e+01	-7.322521e+02
2.980000e-06	-4.409674e-06	-1.129358e-08	-3.062953e+01	-7.365681e+02
2.990000e-06	-4.471896e-06	-1.136100e-08	-3.106172e+01	-7.410396e+02
3.000000e-06	-4.532342e-06	-1.142321e-08	-3.148158e+01	-7.456515e+02
3.010000e-06	-4.591142e-06	-1.148622e-08	-3.189001e+01	-7.503410e+02
3.020000e-06	-4.648433e-06	-1.154754e-08	-3.228795e+01	-7.550097e+02
3.030000e-06	-4.704210e-06	-1.160454e-08	-3.267537e+01	-7.595399e+02
3.040000e-06	-4.758176e-06	-1.165739e-08	-3.305022e+01	-7.638121e+02
3.050000e-06	-4.810083e-06	-1.170917e-08	-3.341077e+01	-7.677225e+02
3.060000e-06	-4.860009e-06	-1.175851e-08	-3.375755e+01	-7.711973e+02
3.070000e-06	-4.907947e-06	-1.180396e-08	-3.409053e+01	-7.742020e+02
3.080000e-06	-4.953930e-06	-1.184409e-08	-3.440992e+01	-7.767456e+02
3.090000e-06	-4.998266e-06	-1.188020e-08	-3.471788e+01	-7.788780e+02
3.100000e-06	-5.041071e-06	-1.191739e-08	-3.501521e+01	-7.806821e+02
3.110000e-06	-5.082280e-06	-1.195363e-08	-3.530144e+01	-7.822620e+02
3.120000e-06	-5.121878e-06	-1.198676e-08	-3.557649e+01	-7.837282e+02
3.130000e-06	-5.159627e-06	-1.201889e-08	-3.583869e+01	-7.851829e+02
3.140000e-06	-5.195345e-06	-1.205165e-08	-3.608679e+01	-7.867063e+02
3.150000e-06	-5.229251e-06	-1.208161e-08	-3.632230e+01	-7.883472e+02
3.160000e-06	-5.261527e-06	-1.210593e-08	-3.654649e+01	-7.901174e+02
3.170000e-06	-5.291997e-06	-1.212373e-08	-3.675813e+01	-7.919919e+02
3.180000e-06	-5.320428e-06	-1.213901e-08	-3.695561e+01	-7.939139e+02
3.190000e-06	-5.346937e-06	-1.215514e-08	-3.713974e+01	-7.958041e+02
3.200000e-06	-5.371665e-06	-1.217085e-08	-3.731150e+01	-7.975728e+02
3.210000e-06	-5.394536e-06	-1.218613e-08	-3.747037e+01	-7.991336e+02
3.220000e-06	-5.415387e-06	-1.220158e-08	-3.761519e+01	-8.004153e+02
3.230000e-06	-5.434304e-06	-1.221712e-08	-3.774659e+01	-8.013723e+02
3.240000e-06	-5.451479e-06	-1.223239e-08	-3.786589e+01	-8.019909e+02
3.250000e-06	-5.466730e-06	-1.224325e-08	-3.797183e+01	-8.022908e+02
3.260000e-06	-5.479671e-06	-1.224805e-08	-3.806171e+01	-8.023221e+02
3.270000e-06	-5.490373e-06	-1.224862e-08	-3.813605e+01	-8.021583e+02
3.280000e-06	-5.499236e-06	-1.224802e-08	-3.819761e+01	-8.018855e+02
3.290000e-06	-5.506266e-06	-1.224804e-08	-3.824644e+01	-8.015906e+02
3.300000e-06	-5.511250e-06	-1.224947e-08	-3.828106e+01	-8.013493e+02
3.310000e-06	-5.514255e-06	-1.225027e-08	-3.830193e+01	-8.012158e+02
3.320000e-06	-5.515464e-06	-1.224957e-08	-3.831033e+01	-8.012158e+02
