# Temperatura_=_22.03
# Concentracion g/m^3_=_15500.0
# C_Vs_to_Am_M_A/Vsm_=_65563218390.804596
# pendiente_HvsI_1/m_=_3716.3
# ordenada_HvsI_A/m_=_1297.0
# frecuencia_Hz_=_300841.0030925197

Tiempo_(s)	Campo_(V.s)	Magnetizacion_(V.s)	Campo_(kA/m)	Magnetizacion_(A/m)
0.000000e+00	-2.859922e-06	-5.117280e-09	-1.980601e+01	-3.345941e+02
1.000000e-08	-2.859644e-06	-5.113820e-09	-1.980409e+01	-3.346143e+02
2.000000e-08	-2.858524e-06	-5.109434e-09	-1.979633e+01	-3.345711e+02
3.000000e-08	-2.856316e-06	-5.107338e-09	-1.978104e+01	-3.344616e+02
4.000000e-08	-2.852876e-06	-5.104156e-09	-1.975721e+01	-3.342839e+02
5.000000e-08	-2.848488e-06	-5.098293e-09	-1.972683e+01	-3.340378e+02
6.000000e-08	-2.843341e-06	-5.091728e-09	-1.969118e+01	-3.337249e+02
7.000000e-08	-2.837325e-06	-5.092741e-09	-1.964952e+01	-3.333487e+02
8.000000e-08	-2.830353e-06	-5.103332e-09	-1.960124e+01	-3.329144e+02
9.000000e-08	-2.822283e-06	-5.094284e-09	-1.954535e+01	-3.324281e+02
1.000000e-07	-2.812869e-06	-5.052897e-09	-1.948015e+01	-3.318968e+02
1.100000e-07	-2.801991e-06	-5.036010e-09	-1.940482e+01	-3.313269e+02
1.200000e-07	-2.790029e-06	-5.063853e-09	-1.932198e+01	-3.307241e+02
1.300000e-07	-2.777381e-06	-5.066006e-09	-1.923438e+01	-3.300928e+02
1.400000e-07	-2.763863e-06	-4.992254e-09	-1.914076e+01	-3.294349e+02
1.500000e-07	-2.749341e-06	-4.997251e-09	-1.904020e+01	-3.287505e+02
1.600000e-07	-2.733715e-06	-5.059707e-09	-1.893198e+01	-3.280369e+02
1.700000e-07	-2.716703e-06	-5.010282e-09	-1.881417e+01	-3.272899e+02
1.800000e-07	-2.698540e-06	-4.979518e-09	-1.868838e+01	-3.265034e+02
1.900000e-07	-2.679748e-06	-5.001597e-09	-1.855824e+01	-3.256703e+02
2.000000e-07	-2.660258e-06	-4.959944e-09	-1.842327e+01	-3.247834e+02
2.100000e-07	-2.639774e-06	-4.911530e-09	-1.828141e+01	-3.238358e+02
2.200000e-07	-2.618451e-06	-4.935924e-09	-1.813373e+01	-3.228217e+02
2.300000e-07	-2.596398e-06	-4.931168e-09	-1.798101e+01	-3.217371e+02
2.400000e-07	-2.573336e-06	-4.889737e-09	-1.782130e+01	-3.205795e+02
2.500000e-07	-2.549336e-06	-4.890839e-09	-1.765509e+01	-3.193485e+02
2.600000e-07	-2.524594e-06	-4.867142e-09	-1.748374e+01	-3.180455e+02
2.700000e-07	-2.498935e-06	-4.821256e-09	-1.730604e+01	-3.166733e+02
2.800000e-07	-2.472173e-06	-4.817524e-09	-1.712071e+01	-3.152357e+02
2.900000e-07	-2.444335e-06	-4.776310e-09	-1.692792e+01	-3.137369e+02
3.000000e-07	-2.415633e-06	-4.746582e-09	-1.672914e+01	-3.121810e+02
3.100000e-07	-2.386130e-06	-4.770265e-09	-1.652483e+01	-3.105714e+02
3.200000e-07	-2.355899e-06	-4.725178e-09	-1.631547e+01	-3.089108e+02
3.300000e-07	-2.324924e-06	-4.687851e-09	-1.610096e+01	-3.072006e+02
3.400000e-07	-2.293136e-06	-4.694081e-09	-1.588081e+01	-3.054412e+02
3.500000e-07	-2.260724e-06	-4.634853e-09	-1.565635e+01	-3.036317e+02
3.600000e-07	-2.227680e-06	-4.584986e-09	-1.542750e+01	-3.017707e+02
3.700000e-07	-2.193641e-06	-4.605242e-09	-1.519177e+01	-2.998565e+02
3.800000e-07	-2.158462e-06	-4.562764e-09	-1.494814e+01	-2.978871e+02
3.900000e-07	-2.122401e-06	-4.509017e-09	-1.469841e+01	-2.958610e+02
4.000000e-07	-2.085761e-06	-4.522733e-09	-1.444466e+01	-2.937773e+02
4.100000e-07	-2.048504e-06	-4.481731e-09	-1.418664e+01	-2.916357e+02
4.200000e-07	-2.010499e-06	-4.407838e-09	-1.392344e+01	-2.894367e+02
4.300000e-07	-1.971754e-06	-4.390386e-09	-1.365512e+01	-2.871815e+02
4.400000e-07	-1.932214e-06	-4.371106e-09	-1.338129e+01	-2.848714e+02
4.500000e-07	-1.892055e-06	-4.323258e-09	-1.310318e+01	-2.825079e+02
4.600000e-07	-1.851534e-06	-4.291003e-09	-1.282256e+01	-2.800922e+02
4.700000e-07	-1.810521e-06	-4.256230e-09	-1.253852e+01	-2.776251e+02
4.800000e-07	-1.768592e-06	-4.217007e-09	-1.224815e+01	-2.751061e+02
4.900000e-07	-1.725634e-06	-4.173140e-09	-1.195065e+01	-2.725342e+02
5.000000e-07	-1.681876e-06	-4.121218e-09	-1.164761e+01	-2.699072e+02
5.100000e-07	-1.637569e-06	-4.085860e-09	-1.134077e+01	-2.672223e+02
5.200000e-07	-1.592844e-06	-4.054263e-09	-1.103103e+01	-2.644759e+02
5.300000e-07	-1.547580e-06	-4.009935e-09	-1.071756e+01	-2.616642e+02
5.400000e-07	-1.501723e-06	-3.969244e-09	-1.039998e+01	-2.587838e+02
5.500000e-07	-1.455325e-06	-3.925476e-09	-1.007866e+01	-2.558312e+02
5.600000e-07	-1.408411e-06	-3.862450e-09	-9.753765e+00	-2.528041e+02
5.700000e-07	-1.361025e-06	-3.816343e-09	-9.425596e+00	-2.497007e+02
5.800000e-07	-1.313164e-06	-3.779654e-09	-9.094141e+00	-2.465204e+02
5.900000e-07	-1.264927e-06	-3.725659e-09	-8.760085e+00	-2.432634e+02
6.000000e-07	-1.216381e-06	-3.676390e-09	-8.423883e+00	-2.399304e+02
6.100000e-07	-1.167392e-06	-3.634282e-09	-8.084618e+00	-2.365229e+02
6.200000e-07	-1.117737e-06	-3.577563e-09	-7.740742e+00	-2.330422e+02
6.300000e-07	-1.067402e-06	-3.515260e-09	-7.392155e+00	-2.294894e+02
6.400000e-07	-1.016480e-06	-3.460434e-09	-7.039501e+00	-2.258655e+02
6.500000e-07	-9.649560e-07	-3.402845e-09	-6.682675e+00	-2.221706e+02
6.600000e-07	-9.129591e-07	-3.344466e-09	-6.322577e+00	-2.184041e+02
6.700000e-07	-8.606826e-07	-3.286831e-09	-5.960543e+00	-2.145650e+02
6.800000e-07	-8.082312e-07	-3.227300e-09	-5.597298e+00	-2.106514e+02
6.900000e-07	-7.555374e-07	-3.164872e-09	-5.232374e+00	-2.066614e+02
7.000000e-07	-7.025633e-07	-3.101580e-09	-4.865509e+00	-2.025926e+02
7.100000e-07	-6.493199e-07	-3.037163e-09	-4.496779e+00	-1.984429e+02
7.200000e-07	-5.957928e-07	-2.971855e-09	-4.126084e+00	-1.942104e+02
7.300000e-07	-5.420508e-07	-2.906798e-09	-3.753901e+00	-1.898930e+02
7.400000e-07	-4.881272e-07	-2.837056e-09	-3.380461e+00	-1.854892e+02
7.500000e-07	-4.340460e-07	-2.763796e-09	-3.005928e+00	-1.809970e+02
7.600000e-07	-3.798189e-07	-2.690798e-09	-2.630385e+00	-1.764145e+02
7.700000e-07	-3.254610e-07	-2.618832e-09	-2.253937e+00	-1.717386e+02
7.800000e-07	-2.710509e-07	-2.546225e-09	-1.877127e+00	-1.669658e+02
7.900000e-07	-2.165820e-07	-2.472921e-09	-1.499910e+00	-1.620910e+02
8.000000e-07	-1.620755e-07	-2.398158e-09	-1.122432e+00	-1.571078e+02
8.100000e-07	-1.075151e-07	-2.320421e-09	-7.445814e-01	-1.520084e+02
8.200000e-07	-5.293987e-08	-2.238407e-09	-3.666280e-01	-1.467838e+02
8.300000e-07	1.591193e-09	-2.152210e-09	1.101959e-02	-1.414243e+02
8.400000e-07	5.615656e-08	-2.064541e-09	3.889048e-01	-1.359195e+02
8.500000e-07	1.107101e-07	-1.977090e-09	7.667081e-01	-1.302590e+02
8.600000e-07	1.651929e-07	-1.890752e-09	1.144021e+00	-1.244331e+02
8.700000e-07	2.196513e-07	-1.800711e-09	1.521166e+00	-1.184330e+02
8.800000e-07	2.740979e-07	-1.706268e-09	1.898229e+00	-1.122508e+02
8.900000e-07	3.284623e-07	-1.610465e-09	2.274722e+00	-1.058798e+02
9.000000e-07	3.827054e-07	-1.510710e-09	2.650376e+00	-9.931403e+01
9.100000e-07	4.368428e-07	-1.404960e-09	3.025297e+00	-9.254763e+01
9.200000e-07	4.908549e-07	-1.297226e-09	3.399350e+00	-8.557402e+01
9.300000e-07	5.446633e-07	-1.188570e-09	3.771994e+00	-7.838496e+01
9.400000e-07	5.982179e-07	-1.075887e-09	4.142879e+00	-7.096951e+01
9.500000e-07	6.515545e-07	-9.589051e-10	4.512255e+00	-6.331325e+01
9.600000e-07	7.046664e-07	-8.372694e-10	4.880074e+00	-5.539760e+01
9.700000e-07	7.575357e-07	-7.120032e-10	5.246213e+00	-4.719977e+01
9.800000e-07	8.101404e-07	-5.820973e-10	5.610520e+00	-3.869311e+01
9.900000e-07	8.625164e-07	-4.454571e-10	5.973243e+00	-2.984822e+01
1.000000e-06	9.146300e-07	-3.019421e-10	6.334149e+00	-2.063458e+01
1.010000e-06	9.663508e-07	-1.518515e-10	6.692335e+00	-1.102287e+01
1.020000e-06	1.017574e-06	2.439969e-12	7.047072e+00	-9.876862e-01
1.030000e-06	1.068099e-06	1.605543e-10	7.396980e+00	9.489443e+00
1.040000e-06	1.117901e-06	3.263694e-10	7.741878e+00	2.041701e+01
1.050000e-06	1.167099e-06	5.019410e-10	8.082591e+00	3.179075e+01
1.060000e-06	1.215869e-06	6.837015e-10	8.420341e+00	4.359134e+01
1.070000e-06	1.264350e-06	8.693330e-10	8.756090e+00	5.578288e+01
1.080000e-06	1.312547e-06	1.058350e-09	9.089873e+00	6.831233e+01
1.090000e-06	1.360327e-06	1.252610e-09	9.420762e+00	8.111010e+01
1.100000e-06	1.407594e-06	1.450299e-09	9.748104e+00	9.409166e+01
1.110000e-06	1.454350e-06	1.647752e-09	1.007191e+01	1.071604e+02
1.120000e-06	1.500547e-06	1.845082e-09	1.039184e+01	1.202111e+02
1.130000e-06	1.546186e-06	2.040800e-09	1.070791e+01	1.331347e+02
1.140000e-06	1.591303e-06	2.233665e-09	1.102036e+01	1.458226e+02
1.150000e-06	1.636021e-06	2.423069e-09	1.133004e+01	1.581719e+02
1.160000e-06	1.680403e-06	2.605295e-09	1.163741e+01	1.700897e+02
1.170000e-06	1.724348e-06	2.778245e-09	1.194174e+01	1.814968e+02
1.180000e-06	1.767565e-06	2.941728e-09	1.224104e+01	1.923310e+02
1.190000e-06	1.809778e-06	3.095406e-09	1.253338e+01	2.025488e+02
1.200000e-06	1.851057e-06	3.239929e-09	1.281925e+01	2.121258e+02
1.210000e-06	1.891687e-06	3.375821e-09	1.310063e+01	2.210567e+02
1.220000e-06	1.931830e-06	3.502878e-09	1.337864e+01	2.293527e+02
1.230000e-06	1.971370e-06	3.619591e-09	1.365246e+01	2.370398e+02
1.240000e-06	2.010217e-06	3.725479e-09	1.392150e+01	2.441548e+02
1.250000e-06	2.048368e-06	3.821653e-09	1.418571e+01	2.507421e+02
1.260000e-06	2.085795e-06	3.911406e-09	1.444490e+01	2.568497e+02
1.270000e-06	2.122604e-06	3.997793e-09	1.469982e+01	2.625262e+02
1.280000e-06	2.158911e-06	4.079347e-09	1.495126e+01	2.678172e+02
1.290000e-06	2.194521e-06	4.154353e-09	1.519787e+01	2.727638e+02
1.300000e-06	2.229069e-06	4.223861e-09	1.543712e+01	2.774006e+02
1.310000e-06	2.262543e-06	4.289834e-09	1.566894e+01	2.817557e+02
1.320000e-06	2.295197e-06	4.351824e-09	1.589509e+01	2.858503e+02
1.330000e-06	2.327148e-06	4.406464e-09	1.611635e+01	2.896998e+02
1.340000e-06	2.358381e-06	4.457917e-09	1.633266e+01	2.933153e+02
1.350000e-06	2.388837e-06	4.509701e-09	1.654358e+01	2.967046e+02
1.360000e-06	2.418445e-06	4.558639e-09	1.674862e+01	2.998742e+02
1.370000e-06	2.447301e-06	4.602094e-09	1.694846e+01	3.028306e+02
1.380000e-06	2.475547e-06	4.640412e-09	1.714408e+01	3.055813e+02
1.390000e-06	2.502953e-06	4.676653e-09	1.733387e+01	3.081355e+02
1.400000e-06	2.529148e-06	4.711242e-09	1.751528e+01	3.105045e+02
1.410000e-06	2.554175e-06	4.742210e-09	1.768860e+01	3.127012e+02
1.420000e-06	2.578283e-06	4.770926e-09	1.785556e+01	3.147401e+02
1.430000e-06	2.601541e-06	4.798957e-09	1.801663e+01	3.166358e+02
1.440000e-06	2.623919e-06	4.825547e-09	1.817161e+01	3.184029e+02
1.450000e-06	2.645439e-06	4.851843e-09	1.832064e+01	3.200545e+02
1.460000e-06	2.666191e-06	4.876340e-09	1.846435e+01	3.216019e+02
1.470000e-06	2.686196e-06	4.895689e-09	1.860289e+01	3.230540e+02
1.480000e-06	2.705242e-06	4.913208e-09	1.873480e+01	3.244169e+02
1.490000e-06	2.723317e-06	4.933454e-09	1.885997e+01	3.256944e+02
1.500000e-06	2.740456e-06	4.954172e-09	1.897867e+01	3.268884e+02
1.510000e-06	2.756545e-06	4.970960e-09	1.909009e+01	3.279991e+02
1.520000e-06	2.771509e-06	4.985181e-09	1.919372e+01	3.290259e+02
1.530000e-06	2.785388e-06	4.999613e-09	1.928984e+01	3.299685e+02
1.540000e-06	2.798271e-06	5.014259e-09	1.937906e+01	3.308270e+02
1.550000e-06	2.810106e-06	5.026543e-09	1.946102e+01	3.316024e+02
1.560000e-06	2.820682e-06	5.035279e-09	1.953426e+01	3.322972e+02
1.570000e-06	2.829999e-06	5.043523e-09	1.959879e+01	3.329151e+02
1.580000e-06	2.838368e-06	5.054685e-09	1.965674e+01	3.334607e+02
1.590000e-06	2.845809e-06	5.066386e-09	1.970828e+01	3.339391e+02
1.600000e-06	2.852229e-06	5.073317e-09	1.975273e+01	3.343555e+02
1.610000e-06	2.857684e-06	5.076558e-09	1.979051e+01	3.347145e+02
1.620000e-06	2.862311e-06	5.080955e-09	1.982256e+01	3.350194e+02
1.630000e-06	2.866075e-06	5.086836e-09	1.984862e+01	3.352723e+02
1.640000e-06	2.868676e-06	5.089778e-09	1.986664e+01	3.354734e+02
1.650000e-06	2.870035e-06	5.090725e-09	1.987604e+01	3.356214e+02
1.660000e-06	2.870389e-06	5.092504e-09	1.987850e+01	3.357139e+02
1.670000e-06	2.869896e-06	5.093443e-09	1.987508e+01	3.357474e+02
1.680000e-06	2.868542e-06	5.091955e-09	1.986571e+01	3.357183e+02
1.690000e-06	2.866235e-06	5.090787e-09	1.984973e+01	3.356234e+02
1.700000e-06	2.863093e-06	5.090656e-09	1.982797e+01	3.354606e+02
1.710000e-06	2.859168e-06	5.087782e-09	1.980079e+01	3.352293e+02
1.720000e-06	2.854188e-06	5.081844e-09	1.976630e+01	3.349307e+02
1.730000e-06	2.848064e-06	5.068239e-09	1.972389e+01	3.345680e+02
1.740000e-06	2.840995e-06	5.052495e-09	1.967493e+01	3.341458e+02
1.750000e-06	2.832976e-06	5.058976e-09	1.961940e+01	3.336703e+02
1.760000e-06	2.823557e-06	5.083485e-09	1.955417e+01	3.331483e+02
1.770000e-06	2.812632e-06	5.049795e-09	1.947851e+01	3.325863e+02
1.780000e-06	2.800962e-06	5.007205e-09	1.939769e+01	3.319904e+02
1.790000e-06	2.789108e-06	5.030568e-09	1.931560e+01	3.313652e+02
1.800000e-06	2.776260e-06	5.046493e-09	1.922662e+01	3.307132e+02
1.810000e-06	2.761728e-06	4.990886e-09	1.912598e+01	3.300347e+02
1.820000e-06	2.746164e-06	4.969379e-09	1.901820e+01	3.293280e+02
1.830000e-06	2.729985e-06	5.045334e-09	1.890615e+01	3.285888e+02
1.840000e-06	2.712641e-06	5.024262e-09	1.878604e+01	3.278115e+02
1.850000e-06	2.694080e-06	4.954673e-09	1.865750e+01	3.269893e+02
1.860000e-06	2.674845e-06	5.004107e-09	1.852428e+01	3.261147e+02
1.870000e-06	2.654749e-06	5.000030e-09	1.838511e+01	3.251808e+02
1.880000e-06	2.633506e-06	4.919793e-09	1.823800e+01	3.241817e+02
1.890000e-06	2.611267e-06	4.940760e-09	1.808399e+01	3.231126e+02
1.900000e-06	2.587984e-06	4.937766e-09	1.792274e+01	3.219710e+02
1.910000e-06	2.563675e-06	4.883766e-09	1.775439e+01	3.207559e+02
1.920000e-06	2.538643e-06	4.900956e-09	1.758104e+01	3.194684e+02
1.930000e-06	2.512794e-06	4.882582e-09	1.740202e+01	3.181109e+02
1.940000e-06	2.486053e-06	4.828363e-09	1.721683e+01	3.166872e+02
1.950000e-06	2.458673e-06	4.852805e-09	1.702721e+01	3.152014e+02
1.960000e-06	2.430424e-06	4.816135e-09	1.683158e+01	3.136576e+02
1.970000e-06	2.400968e-06	4.734346e-09	1.662759e+01	3.120595e+02
1.980000e-06	2.370473e-06	4.773836e-09	1.641640e+01	3.104099e+02
1.990000e-06	2.339146e-06	4.744029e-09	1.619944e+01	3.087105e+02
2.000000e-06	2.307113e-06	4.667343e-09	1.597760e+01	3.069618e+02
2.010000e-06	2.274372e-06	4.705427e-09	1.575086e+01	3.051633e+02
2.020000e-06	2.240800e-06	4.663512e-09	1.551836e+01	3.033138e+02
2.030000e-06	2.206518e-06	4.575970e-09	1.528095e+01	3.014113e+02
2.040000e-06	2.171661e-06	4.604089e-09	1.503955e+01	2.994541e+02
2.050000e-06	2.136150e-06	4.562581e-09	1.479363e+01	2.974405e+02
2.060000e-06	2.099925e-06	4.477011e-09	1.454275e+01	2.953694e+02
2.070000e-06	2.062694e-06	4.495824e-09	1.428492e+01	2.932404e+02
2.080000e-06	2.024298e-06	4.478480e-09	1.401901e+01	2.910539e+02
2.090000e-06	1.985158e-06	4.415305e-09	1.374795e+01	2.888108e+02
2.100000e-06	1.945486e-06	4.388762e-09	1.347321e+01	2.865125e+02
2.110000e-06	1.905185e-06	4.353069e-09	1.319411e+01	2.841606e+02
2.120000e-06	1.864236e-06	4.304978e-09	1.291052e+01	2.817563e+02
2.130000e-06	1.822681e-06	4.262647e-09	1.262274e+01	2.793004e+02
2.140000e-06	1.780540e-06	4.226605e-09	1.233090e+01	2.767928e+02
2.150000e-06	1.737801e-06	4.209991e-09	1.203491e+01	2.742326e+02
2.160000e-06	1.694578e-06	4.171152e-09	1.173558e+01	2.716178e+02
2.170000e-06	1.650981e-06	4.107908e-09	1.143365e+01	2.689458e+02
2.180000e-06	1.606835e-06	4.069702e-09	1.112792e+01	2.662131e+02
2.190000e-06	1.562060e-06	4.032765e-09	1.081784e+01	2.634160e+02
2.200000e-06	1.516713e-06	3.977483e-09	1.050380e+01	2.605508e+02
2.210000e-06	1.470879e-06	3.935084e-09	1.018638e+01	2.576141e+02
2.220000e-06	1.424616e-06	3.901723e-09	9.865987e+00	2.546034e+02
2.230000e-06	1.377934e-06	3.847454e-09	9.542701e+00	2.515166e+02
2.240000e-06	1.330693e-06	3.794550e-09	9.215541e+00	2.483531e+02
2.250000e-06	1.282732e-06	3.751638e-09	8.883394e+00	2.451127e+02
2.260000e-06	1.234184e-06	3.693018e-09	8.547177e+00	2.417961e+02
2.270000e-06	1.185195e-06	3.641331e-09	8.207911e+00	2.384047e+02
2.280000e-06	1.135818e-06	3.599943e-09	7.865960e+00	2.349397e+02
2.290000e-06	1.085998e-06	3.545652e-09	7.520937e+00	2.314025e+02
2.300000e-06	1.035730e-06	3.485922e-09	7.172808e+00	2.277941e+02
2.310000e-06	9.850797e-07	3.426043e-09	6.822040e+00	2.241146e+02
2.320000e-06	9.340786e-07	3.366098e-09	6.468838e+00	2.203638e+02
2.330000e-06	8.827750e-07	3.308716e-09	6.113541e+00	2.165405e+02
2.340000e-06	8.312367e-07	3.250669e-09	5.756620e+00	2.126433e+02
2.350000e-06	7.793764e-07	3.193731e-09	5.397468e+00	2.086700e+02
2.360000e-06	7.270740e-07	3.135702e-09	5.035255e+00	2.046185e+02
2.370000e-06	6.743471e-07	3.071044e-09	4.670102e+00	2.004866e+02
2.380000e-06	6.212383e-07	3.003702e-09	4.302304e+00	1.962722e+02
2.390000e-06	5.677199e-07	2.938542e-09	3.931669e+00	1.919734e+02
2.400000e-06	5.138498e-07	2.878383e-09	3.558599e+00	1.875884e+02
2.410000e-06	4.597070e-07	2.814962e-09	3.183640e+00	1.831156e+02
2.420000e-06	4.053357e-07	2.747111e-09	2.807099e+00	1.785528e+02
2.430000e-06	3.507536e-07	2.678798e-09	2.429098e+00	1.738975e+02
2.440000e-06	2.959575e-07	2.604173e-09	2.049614e+00	1.691461e+02
2.450000e-06	2.410447e-07	2.526234e-09	1.669323e+00	1.642938e+02
2.460000e-06	1.860478e-07	2.450082e-09	1.288450e+00	1.593346e+02
2.470000e-06	1.309985e-07	2.375584e-09	9.072130e-01	1.542611e+02
2.480000e-06	7.598283e-08	2.300311e-09	5.262090e-01	1.490644e+02
2.490000e-06	2.092730e-08	2.221316e-09	1.449293e-01	1.437349e+02
2.500000e-06	-3.418885e-08	2.139267e-09	-2.367704e-01	1.382622e+02
2.510000e-06	-8.928245e-08	2.053173e-09	-6.183138e-01	1.326362e+02
2.520000e-06	-1.443271e-07	1.960574e-09	-9.995182e-01	1.268467e+02
2.530000e-06	-1.993115e-07	1.865843e-09	-1.380306e+00	1.208848e+02
2.540000e-06	-2.542562e-07	1.771933e-09	-1.760818e+00	1.147425e+02
2.550000e-06	-3.091081e-07	1.677369e-09	-2.140687e+00	1.084127e+02
2.560000e-06	-3.637841e-07	1.583793e-09	-2.519339e+00	1.018894e+02
2.570000e-06	-4.182989e-07	1.485846e-09	-2.896874e+00	9.516671e+01
2.580000e-06	-4.726212e-07	1.379584e-09	-3.273075e+00	8.823834e+01
2.590000e-06	-5.266701e-07	1.268344e-09	-3.647384e+00	8.109648e+01
2.600000e-06	-5.803791e-07	1.155780e-09	-4.019339e+00	7.373085e+01
2.610000e-06	-6.336942e-07	1.041190e-09	-4.388566e+00	6.612782e+01
2.620000e-06	-6.866452e-07	9.197215e-10	-4.755271e+00	5.826975e+01
2.630000e-06	-7.391608e-07	7.934339e-10	-5.118960e+00	5.013473e+01
2.640000e-06	-7.912091e-07	6.669384e-10	-5.479414e+00	4.169688e+01
2.650000e-06	-8.429244e-07	5.372934e-10	-5.837561e+00	3.292725e+01
2.660000e-06	-8.943819e-07	3.991145e-10	-6.193924e+00	2.379540e+01
2.670000e-06	-9.456036e-07	2.527072e-10	-6.548653e+00	1.427152e+01
2.680000e-06	-9.965665e-07	1.008065e-10	-6.901590e+00	4.329135e+00
2.690000e-06	-1.047174e-06	-5.644214e-11	-7.252066e+00	-6.051972e+00
2.700000e-06	-1.097325e-06	-2.197671e-10	-7.599382e+00	-1.688269e+01
2.710000e-06	-1.146997e-06	-3.892499e-10	-7.943373e+00	-2.816168e+01
2.720000e-06	-1.196191e-06	-5.660654e-10	-8.284066e+00	-3.987303e+01
2.730000e-06	-1.244867e-06	-7.510424e-10	-8.621161e+00	-5.198445e+01
2.740000e-06	-1.292912e-06	-9.419248e-10	-8.953892e+00	-6.444659e+01
2.750000e-06	-1.340134e-06	-1.136153e-09	-9.280921e+00	-7.719328e+01
2.760000e-06	-1.386617e-06	-1.334635e-09	-9.602834e+00	-9.014301e+01
2.770000e-06	-1.432659e-06	-1.538985e-09	-9.921693e+00	-1.032014e+02
2.780000e-06	-1.478359e-06	-1.743456e-09	-1.023818e+01	-1.162649e+02
2.790000e-06	-1.523689e-06	-1.942683e-09	-1.055211e+01	-1.292248e+02
2.800000e-06	-1.568629e-06	-2.136371e-09	-1.086333e+01	-1.419719e+02
2.810000e-06	-1.613091e-06	-2.325198e-09	-1.117125e+01	-1.544018e+02
2.820000e-06	-1.656961e-06	-2.510315e-09	-1.147507e+01	-1.664190e+02
2.830000e-06	-1.700369e-06	-2.688237e-09	-1.177568e+01	-1.779411e+02
2.840000e-06	-1.743396e-06	-2.854869e-09	-1.207366e+01	-1.889022e+02
2.850000e-06	-1.785883e-06	-3.010263e-09	-1.236790e+01	-1.992546e+02
2.860000e-06	-1.827775e-06	-3.159286e-09	-1.265801e+01	-2.089698e+02
2.870000e-06	-1.869023e-06	-3.302698e-09	-1.294367e+01	-2.180385e+02
2.880000e-06	-1.909597e-06	-3.433807e-09	-1.322466e+01	-2.264686e+02
2.890000e-06	-1.949538e-06	-3.551483e-09	-1.350127e+01	-2.342832e+02
2.900000e-06	-1.988924e-06	-3.662886e-09	-1.377403e+01	-2.415170e+02
2.910000e-06	-2.027785e-06	-3.769723e-09	-1.404316e+01	-2.482132e+02
2.920000e-06	-2.065837e-06	-3.869068e-09	-1.430668e+01	-2.544193e+02
2.930000e-06	-2.102841e-06	-3.957703e-09	-1.456295e+01	-2.601839e+02
2.940000e-06	-2.138870e-06	-4.037614e-09	-1.481246e+01	-2.655537e+02
2.950000e-06	-2.174200e-06	-4.115693e-09	-1.505714e+01	-2.705707e+02
2.960000e-06	-2.208896e-06	-4.192166e-09	-1.529742e+01	-2.752711e+02
2.970000e-06	-2.242841e-06	-4.261425e-09	-1.553250e+01	-2.796843e+02
2.980000e-06	-2.276051e-06	-4.323450e-09	-1.576249e+01	-2.838330e+02
2.990000e-06	-2.308434e-06	-4.384390e-09	-1.598675e+01	-2.877338e+02
3.000000e-06	-2.340068e-06	-4.444765e-09	-1.620583e+01	-2.913984e+02
3.010000e-06	-2.371062e-06	-4.501108e-09	-1.642048e+01	-2.948354e+02
3.020000e-06	-2.401104e-06	-4.552050e-09	-1.662853e+01	-2.980514e+02
3.030000e-06	-2.429944e-06	-4.597814e-09	-1.682825e+01	-3.010527e+02
3.040000e-06	-2.457753e-06	-4.642563e-09	-1.702084e+01	-3.038465e+02
3.050000e-06	-2.484810e-06	-4.682818e-09	-1.720822e+01	-3.064418e+02
3.060000e-06	-2.511145e-06	-4.718483e-09	-1.739060e+01	-3.088491e+02
3.070000e-06	-2.536626e-06	-4.752949e-09	-1.756707e+01	-3.110814e+02
3.080000e-06	-2.561189e-06	-4.785903e-09	-1.773717e+01	-3.131526e+02
3.090000e-06	-2.584955e-06	-4.817061e-09	-1.790176e+01	-3.150775e+02
3.100000e-06	-2.607979e-06	-4.845866e-09	-1.806121e+01	-3.168708e+02
3.110000e-06	-2.629959e-06	-4.872342e-09	-1.821343e+01	-3.185459e+02
3.120000e-06	-2.650714e-06	-4.898246e-09	-1.835717e+01	-3.201146e+02
3.130000e-06	-2.670434e-06	-4.924600e-09	-1.849374e+01	-3.215863e+02
3.140000e-06	-2.689310e-06	-4.949534e-09	-1.862446e+01	-3.229677e+02
3.150000e-06	-2.707333e-06	-4.969742e-09	-1.874928e+01	-3.242631e+02
3.160000e-06	-2.724483e-06	-4.982767e-09	-1.886804e+01	-3.254747e+02
3.170000e-06	-2.740775e-06	-4.995868e-09	-1.898088e+01	-3.266030e+02
3.180000e-06	-2.756179e-06	-5.011253e-09	-1.908756e+01	-3.276477e+02
3.190000e-06	-2.770534e-06	-5.026806e-09	-1.918697e+01	-3.286081e+02
3.200000e-06	-2.783613e-06	-5.041629e-09	-1.927754e+01	-3.294843e+02
3.210000e-06	-2.795420e-06	-5.054473e-09	-1.935931e+01	-3.302772e+02
3.220000e-06	-2.806147e-06	-5.066069e-09	-1.943360e+01	-3.309888e+02
3.230000e-06	-2.815929e-06	-5.077830e-09	-1.950135e+01	-3.316225e+02
3.240000e-06	-2.824786e-06	-5.085394e-09	-1.956268e+01	-3.321830e+02
3.250000e-06	-2.832751e-06	-5.089213e-09	-1.961784e+01	-3.326751e+02
3.260000e-06	-2.839801e-06	-5.093061e-09	-1.966667e+01	-3.331042e+02
3.270000e-06	-2.845732e-06	-5.096508e-09	-1.970774e+01	-3.334749e+02
3.280000e-06	-2.850437e-06	-5.100442e-09	-1.974032e+01	-3.337910e+02
3.290000e-06	-2.854102e-06	-5.103993e-09	-1.976570e+01	-3.340547e+02
3.300000e-06	-2.856891e-06	-5.108732e-09	-1.978502e+01	-3.342667e+02
3.310000e-06	-2.858757e-06	-5.114946e-09	-1.979795e+01	-3.344261e+02
3.320000e-06	-2.859653e-06	-5.117792e-09	-1.980415e+01	-3.345306e+02
