# Temperatura_=_20.21
# Concentracion g/m^3_=_15500.0
# C_Vs_to_Am_M_A/Vsm_=_65563218390.804596
# pendiente_HvsI_1/m_=_3716.3
# ordenada_HvsI_A/m_=_1297.0
# frecuencia_Hz_=_300843.6972845589

Tiempo_(s)	Campo_(V.s)	Magnetizacion_(V.s)	Campo_(kA/m)	Magnetizacion_(A/m)
0.000000e+00	-2.856839e-06	-5.024518e-09	-1.980141e+01	-3.290651e+02
1.000000e-08	-2.855903e-06	-5.020200e-09	-1.979493e+01	-3.290798e+02
2.000000e-08	-2.853906e-06	-5.016008e-09	-1.978109e+01	-3.290350e+02
3.000000e-08	-2.850608e-06	-5.013579e-09	-1.975823e+01	-3.289268e+02
4.000000e-08	-2.846338e-06	-5.011315e-09	-1.972863e+01	-3.287520e+02
5.000000e-08	-2.841318e-06	-5.006589e-09	-1.969384e+01	-3.285092e+02
6.000000e-08	-2.835449e-06	-5.002254e-09	-1.965316e+01	-3.281983e+02
7.000000e-08	-2.828620e-06	-4.998629e-09	-1.960582e+01	-3.278213e+02
8.000000e-08	-2.820684e-06	-5.005138e-09	-1.955082e+01	-3.273815e+02
9.000000e-08	-2.811475e-06	-5.000412e-09	-1.948699e+01	-3.268834e+02
1.000000e-07	-2.800826e-06	-4.984348e-09	-1.941318e+01	-3.263325e+02
1.100000e-07	-2.789054e-06	-4.939047e-09	-1.933158e+01	-3.257340e+02
1.200000e-07	-2.776577e-06	-4.953272e-09	-1.924510e+01	-3.250930e+02
1.300000e-07	-2.763230e-06	-4.970844e-09	-1.915259e+01	-3.244133e+02
1.400000e-07	-2.748867e-06	-4.940898e-09	-1.905304e+01	-3.236973e+02
1.500000e-07	-2.733447e-06	-4.925181e-09	-1.894616e+01	-3.229460e+02
1.600000e-07	-2.716654e-06	-4.946764e-09	-1.882976e+01	-3.221584e+02
1.700000e-07	-2.698642e-06	-4.963924e-09	-1.870492e+01	-3.213321e+02
1.800000e-07	-2.679977e-06	-4.892995e-09	-1.857555e+01	-3.204634e+02
1.900000e-07	-2.660624e-06	-4.899624e-09	-1.844141e+01	-3.195482e+02
2.000000e-07	-2.640337e-06	-4.913391e-09	-1.830079e+01	-3.185816e+02
2.100000e-07	-2.619188e-06	-4.849417e-09	-1.815420e+01	-3.175593e+02
2.200000e-07	-2.597235e-06	-4.857778e-09	-1.800204e+01	-3.164777e+02
2.300000e-07	-2.574301e-06	-4.887580e-09	-1.784308e+01	-3.153339e+02
2.400000e-07	-2.550432e-06	-4.822227e-09	-1.767764e+01	-3.141264e+02
2.500000e-07	-2.525871e-06	-4.782267e-09	-1.750740e+01	-3.128550e+02
2.600000e-07	-2.500463e-06	-4.777568e-09	-1.733129e+01	-3.115203e+02
2.700000e-07	-2.473908e-06	-4.759048e-09	-1.714724e+01	-3.101238e+02
2.800000e-07	-2.446247e-06	-4.739708e-09	-1.695551e+01	-3.086676e+02
2.900000e-07	-2.417679e-06	-4.712486e-09	-1.675750e+01	-3.071537e+02
3.000000e-07	-2.388303e-06	-4.693901e-09	-1.655389e+01	-3.055841e+02
3.100000e-07	-2.358232e-06	-4.681517e-09	-1.634546e+01	-3.039602e+02
3.200000e-07	-2.327416e-06	-4.661664e-09	-1.613186e+01	-3.022827e+02
3.300000e-07	-2.295745e-06	-4.599545e-09	-1.591234e+01	-3.005517e+02
3.400000e-07	-2.263414e-06	-4.577804e-09	-1.568825e+01	-2.987667e+02
3.500000e-07	-2.230485e-06	-4.560187e-09	-1.546001e+01	-2.969266e+02
3.600000e-07	-2.196647e-06	-4.530016e-09	-1.522547e+01	-2.950303e+02
3.700000e-07	-2.161635e-06	-4.512742e-09	-1.498279e+01	-2.930767e+02
3.800000e-07	-2.125655e-06	-4.475264e-09	-1.473341e+01	-2.910650e+02
3.900000e-07	-2.089080e-06	-4.441687e-09	-1.447990e+01	-2.889951e+02
4.000000e-07	-2.051882e-06	-4.417422e-09	-1.422207e+01	-2.868673e+02
4.100000e-07	-2.013942e-06	-4.377123e-09	-1.395910e+01	-2.846825e+02
4.200000e-07	-1.975311e-06	-4.323224e-09	-1.369134e+01	-2.824423e+02
4.300000e-07	-1.935971e-06	-4.299997e-09	-1.341867e+01	-2.801483e+02
4.400000e-07	-1.895971e-06	-4.268235e-09	-1.314141e+01	-2.778023e+02
4.500000e-07	-1.855534e-06	-4.233850e-09	-1.286114e+01	-2.754057e+02
4.600000e-07	-1.814683e-06	-4.194938e-09	-1.257799e+01	-2.729593e+02
4.700000e-07	-1.773067e-06	-4.153558e-09	-1.228954e+01	-2.704630e+02
4.800000e-07	-1.730354e-06	-4.110227e-09	-1.199349e+01	-2.679158e+02
4.900000e-07	-1.686662e-06	-4.068679e-09	-1.169065e+01	-2.653159e+02
5.000000e-07	-1.642408e-06	-4.031871e-09	-1.138391e+01	-2.626606e+02
5.100000e-07	-1.597767e-06	-3.986016e-09	-1.107450e+01	-2.599464e+02
5.200000e-07	-1.552628e-06	-3.951956e-09	-1.076162e+01	-2.571699e+02
5.300000e-07	-1.506892e-06	-3.913304e-09	-1.044462e+01	-2.543274e+02
5.400000e-07	-1.460604e-06	-3.863927e-09	-1.012379e+01	-2.514159e+02
5.500000e-07	-1.413846e-06	-3.804869e-09	-9.799695e+00	-2.484329e+02
5.600000e-07	-1.366560e-06	-3.760980e-09	-9.471945e+00	-2.453770e+02
5.700000e-07	-1.318791e-06	-3.718299e-09	-9.140849e+00	-2.422477e+02
5.800000e-07	-1.270644e-06	-3.669684e-09	-8.807128e+00	-2.390456e+02
5.900000e-07	-1.222134e-06	-3.622037e-09	-8.470898e+00	-2.357718e+02
6.000000e-07	-1.173203e-06	-3.571426e-09	-8.131745e+00	-2.324284e+02
6.100000e-07	-1.123694e-06	-3.520660e-09	-7.788587e+00	-2.290173e+02
6.200000e-07	-1.073515e-06	-3.463489e-09	-7.440782e+00	-2.255406e+02
6.300000e-07	-1.022645e-06	-3.405839e-09	-7.088192e+00	-2.219997e+02
6.400000e-07	-9.712042e-07	-3.343709e-09	-6.731642e+00	-2.183952e+02
6.500000e-07	-9.193739e-07	-3.288285e-09	-6.372395e+00	-2.147270e+02
6.600000e-07	-8.672437e-07	-3.235788e-09	-6.011069e+00	-2.109938e+02
6.700000e-07	-8.148661e-07	-3.179612e-09	-5.648027e+00	-2.071935e+02
6.800000e-07	-7.622658e-07	-3.117003e-09	-5.283442e+00	-2.033229e+02
6.900000e-07	-7.093020e-07	-3.052453e-09	-4.916338e+00	-1.993786e+02
7.000000e-07	-6.560080e-07	-2.993673e-09	-4.546944e+00	-1.953565e+02
7.100000e-07	-6.025535e-07	-2.931754e-09	-4.176439e+00	-1.912526e+02
7.200000e-07	-5.489014e-07	-2.865310e-09	-3.804564e+00	-1.870629e+02
7.300000e-07	-4.950495e-07	-2.795478e-09	-3.431304e+00	-1.827836e+02
7.400000e-07	-4.410259e-07	-2.728163e-09	-3.056853e+00	-1.784111e+02
7.500000e-07	-3.868456e-07	-2.659891e-09	-2.681317e+00	-1.739421e+02
7.600000e-07	-3.325850e-07	-2.589134e-09	-2.305224e+00	-1.693729e+02
7.700000e-07	-2.782451e-07	-2.515350e-09	-1.928582e+00	-1.647000e+02
7.800000e-07	-2.238170e-07	-2.439602e-09	-1.551328e+00	-1.599191e+02
7.900000e-07	-1.693286e-07	-2.366608e-09	-1.173656e+00	-1.550256e+02
8.000000e-07	-1.147887e-07	-2.291536e-09	-7.956272e-01	-1.500138e+02
8.100000e-07	-6.023223e-08	-2.213502e-09	-4.174837e-01	-1.448774e+02
8.200000e-07	-5.668945e-09	-2.130445e-09	-3.929278e-02	-1.396093e+02
8.300000e-07	4.891184e-08	-2.044558e-09	3.390194e-01	-1.342020e+02
8.400000e-07	1.034479e-07	-1.956935e-09	7.170215e-01	-1.286476e+02
8.500000e-07	1.579049e-07	-1.869012e-09	1.094476e+00	-1.229381e+02
8.600000e-07	2.123596e-07	-1.778941e-09	1.471914e+00	-1.170656e+02
8.700000e-07	2.667957e-07	-1.689018e-09	1.849223e+00	-1.110228e+02
8.800000e-07	3.211345e-07	-1.599553e-09	2.225858e+00	-1.048024e+02
8.900000e-07	3.753684e-07	-1.501296e-09	2.601766e+00	-9.839720e+01
9.000000e-07	4.295486e-07	-1.396837e-09	2.977301e+00	-9.179980e+01
9.100000e-07	4.836165e-07	-1.291316e-09	3.352059e+00	-8.500191e+01
9.200000e-07	5.374873e-07	-1.185946e-09	3.725450e+00	-7.799376e+01
9.300000e-07	5.911336e-07	-1.073339e-09	4.097285e+00	-7.076338e+01
9.400000e-07	6.445035e-07	-9.565766e-10	4.467204e+00	-6.329606e+01
9.500000e-07	6.975986e-07	-8.395410e-10	4.835218e+00	-5.557394e+01
9.600000e-07	7.504035e-07	-7.203695e-10	5.201221e+00	-4.757596e+01
9.700000e-07	8.029004e-07	-5.941627e-10	5.565090e+00	-3.927820e+01
9.800000e-07	8.551799e-07	-4.581936e-10	5.927452e+00	-3.065475e+01
9.900000e-07	9.072616e-07	-3.173854e-10	6.288442e+00	-2.167908e+01
1.000000e-06	9.589756e-07	-1.725367e-10	6.646884e+00	-1.232588e+01
1.010000e-06	1.010159e-06	-2.445306e-11	7.001647e+00	-2.573325e+00
1.020000e-06	1.060751e-06	1.308369e-10	7.352312e+00	7.594423e+00
1.030000e-06	1.110617e-06	2.940089e-10	7.697949e+00	1.818465e+01
1.040000e-06	1.159797e-06	4.640743e-10	8.038824e+00	2.919367e+01
1.050000e-06	1.208517e-06	6.373292e-10	8.376512e+00	4.060475e+01
1.060000e-06	1.256945e-06	8.138271e-10	8.712181e+00	5.238674e+01
1.070000e-06	1.305139e-06	9.985783e-10	9.046220e+00	6.449333e+01
1.080000e-06	1.352958e-06	1.189603e-09	9.377667e+00	7.686333e+01
1.090000e-06	1.400246e-06	1.381406e-09	9.705434e+00	8.942191e+01
1.100000e-06	1.447020e-06	1.571670e-09	1.002963e+01	1.020827e+02
1.110000e-06	1.493296e-06	1.764602e-09	1.035038e+01	1.147510e+02
1.120000e-06	1.539038e-06	1.956708e-09	1.066743e+01	1.273271e+02
1.130000e-06	1.584200e-06	2.145111e-09	1.098046e+01	1.397107e+02
1.140000e-06	1.628861e-06	2.327461e-09	1.129002e+01	1.518052e+02
1.150000e-06	1.673219e-06	2.503575e-09	1.159747e+01	1.635215e+02
1.160000e-06	1.717220e-06	2.674226e-09	1.190245e+01	1.747817e+02
1.170000e-06	1.760532e-06	2.836645e-09	1.220266e+01	1.855225e+02
1.180000e-06	1.802865e-06	2.988934e-09	1.249608e+01	1.956965e+02
1.190000e-06	1.844224e-06	3.132540e-09	1.278275e+01	2.052735e+02
1.200000e-06	1.884862e-06	3.270840e-09	1.306441e+01	2.142405e+02
1.210000e-06	1.925006e-06	3.400174e-09	1.334267e+01	2.226005e+02
1.220000e-06	1.964557e-06	3.516166e-09	1.361680e+01	2.303705e+02
1.230000e-06	2.003437e-06	3.619657e-09	1.388629e+01	2.375788e+02
1.240000e-06	2.041703e-06	3.717944e-09	1.415152e+01	2.442620e+02
1.250000e-06	2.079198e-06	3.811527e-09	1.441140e+01	2.504615e+02
1.260000e-06	2.115991e-06	3.898151e-09	1.466643e+01	2.562209e+02
1.270000e-06	2.152323e-06	3.979857e-09	1.491825e+01	2.615827e+02
1.280000e-06	2.188069e-06	4.058208e-09	1.516601e+01	2.665862e+02
1.290000e-06	2.222788e-06	4.131067e-09	1.540666e+01	2.712662e+02
1.300000e-06	2.256324e-06	4.196512e-09	1.563911e+01	2.756517e+02
1.310000e-06	2.289020e-06	4.256038e-09	1.586573e+01	2.797663e+02
1.320000e-06	2.321056e-06	4.310799e-09	1.608778e+01	2.836281e+02
1.330000e-06	2.352360e-06	4.364006e-09	1.630476e+01	2.872509e+02
1.340000e-06	2.382879e-06	4.415909e-09	1.651629e+01	2.906454e+02
1.350000e-06	2.412592e-06	4.462361e-09	1.672224e+01	2.938205e+02
1.360000e-06	2.441537e-06	4.503336e-09	1.692286e+01	2.967845e+02
1.370000e-06	2.469858e-06	4.542158e-09	1.711916e+01	2.995458e+02
1.380000e-06	2.497396e-06	4.579807e-09	1.731003e+01	3.021145e+02
1.390000e-06	2.523694e-06	4.615726e-09	1.749231e+01	3.045016e+02
1.400000e-06	2.548785e-06	4.648002e-09	1.766622e+01	3.067198e+02
1.410000e-06	2.572994e-06	4.677057e-09	1.783402e+01	3.087827e+02
1.420000e-06	2.596318e-06	4.706840e-09	1.799569e+01	3.107043e+02
1.430000e-06	2.618764e-06	4.737245e-09	1.815126e+01	3.124984e+02
1.440000e-06	2.640362e-06	4.764575e-09	1.830097e+01	3.141773e+02
1.450000e-06	2.661171e-06	4.785561e-09	1.844520e+01	3.157519e+02
1.460000e-06	2.681273e-06	4.804419e-09	1.858453e+01	3.172306e+02
1.470000e-06	2.700476e-06	4.826286e-09	1.871763e+01	3.186196e+02
1.480000e-06	2.718679e-06	4.848832e-09	1.884380e+01	3.199223e+02
1.490000e-06	2.735895e-06	4.867517e-09	1.896313e+01	3.211405e+02
1.500000e-06	2.752076e-06	4.882758e-09	1.907528e+01	3.222743e+02
1.510000e-06	2.767178e-06	4.898266e-09	1.917995e+01	3.233229e+02
1.520000e-06	2.781208e-06	4.912961e-09	1.927720e+01	3.242856e+02
1.530000e-06	2.794240e-06	4.924447e-09	1.936753e+01	3.251621e+02
1.540000e-06	2.806262e-06	4.933258e-09	1.945086e+01	3.259533e+02
1.550000e-06	2.817040e-06	4.942637e-09	1.952556e+01	3.266614e+02
1.560000e-06	2.826472e-06	4.954333e-09	1.959093e+01	3.272901e+02
1.570000e-06	2.834904e-06	4.966804e-09	1.964938e+01	3.278444e+02
1.580000e-06	2.842495e-06	4.976938e-09	1.970200e+01	3.283302e+02
1.590000e-06	2.849126e-06	4.983563e-09	1.974796e+01	3.287536e+02
1.600000e-06	2.854761e-06	4.989256e-09	1.978702e+01	3.291205e+02
1.610000e-06	2.859491e-06	4.994661e-09	1.981980e+01	3.294362e+02
1.620000e-06	2.863365e-06	4.997960e-09	1.984665e+01	3.297042e+02
1.630000e-06	2.866084e-06	5.000869e-09	1.986550e+01	3.299265e+02
1.640000e-06	2.867518e-06	5.004964e-09	1.987544e+01	3.301033e+02
1.650000e-06	2.867960e-06	5.008232e-09	1.987850e+01	3.302330e+02
1.660000e-06	2.867516e-06	5.009886e-09	1.987543e+01	3.303123e+02
1.670000e-06	2.866148e-06	5.009352e-09	1.986594e+01	3.303374e+02
1.680000e-06	2.863947e-06	5.010192e-09	1.985069e+01	3.303038e+02
1.690000e-06	2.860931e-06	5.012333e-09	1.982978e+01	3.302073e+02
1.700000e-06	2.857155e-06	5.010422e-09	1.980360e+01	3.300448e+02
1.710000e-06	2.852443e-06	5.005102e-09	1.977095e+01	3.298144e+02
1.720000e-06	2.846521e-06	4.998320e-09	1.972990e+01	3.295158e+02
1.730000e-06	2.839579e-06	4.996321e-09	1.968179e+01	3.291506e+02
1.740000e-06	2.831709e-06	4.973126e-09	1.962724e+01	3.287218e+02
1.750000e-06	2.822454e-06	4.962742e-09	1.956309e+01	3.282340e+02
1.760000e-06	2.811592e-06	4.972596e-09	1.948780e+01	3.276923e+02
1.770000e-06	2.799867e-06	4.988323e-09	1.940653e+01	3.271022e+02
1.780000e-06	2.788088e-06	4.968805e-09	1.932489e+01	3.264687e+02
1.790000e-06	2.775593e-06	4.902070e-09	1.923828e+01	3.257958e+02
1.800000e-06	2.761341e-06	4.935657e-09	1.913950e+01	3.250865e+02
1.810000e-06	2.745887e-06	4.938419e-09	1.903238e+01	3.243416e+02
1.820000e-06	2.729934e-06	4.904219e-09	1.892181e+01	3.235608e+02
1.830000e-06	2.712836e-06	4.927658e-09	1.880330e+01	3.227419e+02
1.840000e-06	2.694321e-06	4.949990e-09	1.867497e+01	3.218813e+02
1.850000e-06	2.675135e-06	4.904052e-09	1.854199e+01	3.209749e+02
1.860000e-06	2.655302e-06	4.856257e-09	1.840452e+01	3.200181e+02
1.870000e-06	2.634238e-06	4.898580e-09	1.825852e+01	3.190063e+02
1.880000e-06	2.612095e-06	4.860402e-09	1.810504e+01	3.179356e+02
1.890000e-06	2.588989e-06	4.786213e-09	1.794488e+01	3.168033e+02
1.900000e-06	2.564788e-06	4.841831e-09	1.777715e+01	3.156075e+02
1.910000e-06	2.539895e-06	4.840409e-09	1.760461e+01	3.143476e+02
1.920000e-06	2.514277e-06	4.774103e-09	1.742704e+01	3.130243e+02
1.930000e-06	2.487637e-06	4.766565e-09	1.724239e+01	3.116389e+02
1.940000e-06	2.460301e-06	4.734803e-09	1.705292e+01	3.101934e+02
1.950000e-06	2.432172e-06	4.718581e-09	1.685795e+01	3.086899e+02
1.960000e-06	2.402850e-06	4.696746e-09	1.665472e+01	3.071304e+02
1.970000e-06	2.372511e-06	4.650148e-09	1.644442e+01	3.055163e+02
1.980000e-06	2.341356e-06	4.652239e-09	1.622849e+01	3.038486e+02
1.990000e-06	2.309499e-06	4.652489e-09	1.600767e+01	3.021273e+02
2.000000e-06	2.276952e-06	4.583904e-09	1.578208e+01	3.003522e+02
2.010000e-06	2.243521e-06	4.561235e-09	1.555037e+01	2.985222e+02
2.020000e-06	2.209302e-06	4.545430e-09	1.531319e+01	2.966363e+02
2.030000e-06	2.174515e-06	4.485711e-09	1.507207e+01	2.946932e+02
2.040000e-06	2.139068e-06	4.471800e-09	1.482638e+01	2.926921e+02
2.050000e-06	2.102908e-06	4.444879e-09	1.457575e+01	2.906328e+02
2.060000e-06	2.065892e-06	4.398407e-09	1.431918e+01	2.885155e+02
2.070000e-06	2.027748e-06	4.387041e-09	1.405479e+01	2.863410e+02
2.080000e-06	1.988670e-06	4.356037e-09	1.378393e+01	2.841107e+02
2.090000e-06	1.949028e-06	4.309503e-09	1.350917e+01	2.818264e+02
2.100000e-06	1.908865e-06	4.278489e-09	1.323079e+01	2.794899e+02
2.110000e-06	1.868068e-06	4.228908e-09	1.294801e+01	2.771024e+02
2.120000e-06	1.826648e-06	4.193139e-09	1.266092e+01	2.746650e+02
2.130000e-06	1.784704e-06	4.166801e-09	1.237020e+01	2.721779e+02
2.140000e-06	1.742155e-06	4.124706e-09	1.207528e+01	2.696401e+02
2.150000e-06	1.699026e-06	4.087617e-09	1.177635e+01	2.670501e+02
2.160000e-06	1.655471e-06	4.046431e-09	1.147445e+01	2.644050e+02
2.170000e-06	1.611398e-06	4.009537e-09	1.116897e+01	2.617018e+02
2.180000e-06	1.566729e-06	3.960234e-09	1.085937e+01	2.589369e+02
2.190000e-06	1.521452e-06	3.909005e-09	1.054554e+01	2.561067e+02
2.200000e-06	1.475576e-06	3.874847e-09	1.022756e+01	2.532079e+02
2.210000e-06	1.429298e-06	3.833641e-09	9.906798e+00	2.502380e+02
2.220000e-06	1.382641e-06	3.786733e-09	9.583405e+00	2.471954e+02
2.230000e-06	1.335503e-06	3.736808e-09	9.256683e+00	2.440794e+02
2.240000e-06	1.287754e-06	3.681926e-09	8.925725e+00	2.408904e+02
2.250000e-06	1.239389e-06	3.634778e-09	8.590492e+00	2.376295e+02
2.260000e-06	1.190547e-06	3.591818e-09	8.251960e+00	2.342986e+02
2.270000e-06	1.141250e-06	3.539123e-09	7.910267e+00	2.308996e+02
2.280000e-06	1.091570e-06	3.487203e-09	7.565928e+00	2.274347e+02
2.290000e-06	1.041458e-06	3.435434e-09	7.218588e+00	2.239054e+02
2.300000e-06	9.908160e-07	3.385257e-09	6.867577e+00	2.203125e+02
2.310000e-06	9.397883e-07	3.326441e-09	6.513892e+00	2.166559e+02
2.320000e-06	8.885410e-07	3.258325e-09	6.158685e+00	2.129347e+02
2.330000e-06	8.370759e-07	3.201309e-09	5.801968e+00	2.091467e+02
2.340000e-06	7.852994e-07	3.149265e-09	5.443093e+00	2.052892e+02
2.350000e-06	7.331467e-07	3.092524e-09	5.081611e+00	2.013585e+02
2.360000e-06	6.805947e-07	3.027123e-09	4.717361e+00	1.973508e+02
2.370000e-06	6.276193e-07	2.967212e-09	4.350176e+00	1.932620e+02
2.380000e-06	5.742762e-07	2.913971e-09	3.980443e+00	1.890881e+02
2.390000e-06	5.205925e-07	2.852206e-09	3.608348e+00	1.848253e+02
2.400000e-06	4.665610e-07	2.782639e-09	3.233843e+00	1.804699e+02
2.410000e-06	4.122848e-07	2.714825e-09	2.857642e+00	1.760186e+02
2.420000e-06	3.577688e-07	2.648961e-09	2.479779e+00	1.714677e+02
2.430000e-06	3.030174e-07	2.578813e-09	2.100285e+00	1.668138e+02
2.440000e-06	2.480912e-07	2.503467e-09	1.719578e+00	1.620528e+02
2.450000e-06	1.930872e-07	2.428793e-09	1.338333e+00	1.571800e+02
2.460000e-06	1.380643e-07	2.357286e-09	9.569559e-01	1.521899e+02
2.470000e-06	8.301308e-08	2.281779e-09	5.753830e-01	1.470765e+02
2.480000e-06	2.793472e-08	2.202727e-09	1.936220e-01	1.418327e+02
2.490000e-06	-2.716426e-08	2.119806e-09	-1.882818e-01	1.364510e+02
2.500000e-06	-8.224842e-08	2.032832e-09	-5.700830e-01	1.309237e+02
2.510000e-06	-1.372950e-07	1.946255e-09	-9.516235e-01	1.252426e+02
2.520000e-06	-1.922556e-07	1.857793e-09	-1.332569e+00	1.194001e+02
2.530000e-06	-2.471569e-07	1.766904e-09	-1.713102e+00	1.133884e+02
2.540000e-06	-3.020103e-07	1.672988e-09	-2.093304e+00	1.072004e+02
2.550000e-06	-3.566744e-07	1.579131e-09	-2.472194e+00	1.008290e+02
2.560000e-06	-4.110552e-07	1.482296e-09	-2.849119e+00	9.426667e+01
2.570000e-06	-4.652037e-07	1.379254e-09	-3.224435e+00	8.750545e+01
2.580000e-06	-5.191434e-07	1.272157e-09	-3.598304e+00	8.053585e+01
2.590000e-06	-5.727933e-07	1.162388e-09	-3.970164e+00	7.334635e+01
2.600000e-06	-6.260741e-07	1.049195e-09	-4.339466e+00	6.592277e+01
2.610000e-06	-6.789357e-07	9.316570e-10	-4.705862e+00	5.824781e+01
2.620000e-06	-7.313900e-07	8.118837e-10	-5.069434e+00	5.030098e+01
2.630000e-06	-7.834715e-07	6.878759e-10	-5.430424e+00	4.205882e+01
2.640000e-06	-8.351783e-07	5.585516e-10	-5.788816e+00	3.349568e+01
2.650000e-06	-8.866094e-07	4.224821e-10	-6.145297e+00	2.458503e+01
2.660000e-06	-9.378220e-07	2.807661e-10	-6.500263e+00	1.530118e+01
2.670000e-06	-9.887144e-07	1.315009e-10	-6.853010e+00	5.621516e+00
2.680000e-06	-1.039181e-06	-2.449907e-11	-7.202804e+00	-4.471070e+00
2.690000e-06	-1.089249e-06	-1.833976e-10	-7.549841e+00	-1.498557e+01
2.700000e-06	-1.138934e-06	-3.441639e-10	-7.894214e+00	-2.592043e+01
2.710000e-06	-1.188224e-06	-5.101747e-10	-8.235857e+00	-3.726137e+01
2.720000e-06	-1.237015e-06	-6.869681e-10	-8.574037e+00	-4.897988e+01
2.730000e-06	-1.285000e-06	-8.728533e-10	-8.906634e+00	-6.103236e+01
2.740000e-06	-1.332184e-06	-1.063936e-09	-9.233677e+00	-7.336024e+01
2.750000e-06	-1.378704e-06	-1.258094e-09	-9.556118e+00	-8.589098e+01
2.760000e-06	-1.424709e-06	-1.454379e-09	-9.874992e+00	-9.854009e+01
2.770000e-06	-1.470414e-06	-1.650545e-09	-1.019178e+01	-1.112140e+02
2.780000e-06	-1.515874e-06	-1.844581e-09	-1.050688e+01	-1.238138e+02
2.790000e-06	-1.560957e-06	-2.033700e-09	-1.081935e+01	-1.362388e+02
2.800000e-06	-1.605462e-06	-2.218144e-09	-1.112783e+01	-1.483915e+02
2.810000e-06	-1.649346e-06	-2.400621e-09	-1.143200e+01	-1.601812e+02
2.820000e-06	-1.692800e-06	-2.579064e-09	-1.173319e+01	-1.715278e+02
2.830000e-06	-1.735915e-06	-2.747430e-09	-1.203203e+01	-1.823651e+02
2.840000e-06	-1.778456e-06	-2.902625e-09	-1.232689e+01	-1.926428e+02
2.850000e-06	-1.820331e-06	-3.050028e-09	-1.261714e+01	-2.023276e+02
2.860000e-06	-1.861664e-06	-3.190745e-09	-1.290363e+01	-2.114035e+02
2.870000e-06	-1.902360e-06	-3.321956e-09	-1.318570e+01	-2.198709e+02
2.880000e-06	-1.942312e-06	-3.443111e-09	-1.346262e+01	-2.277443e+02
2.890000e-06	-1.981766e-06	-3.556740e-09	-1.373608e+01	-2.350502e+02
2.900000e-06	-2.020790e-06	-3.663977e-09	-1.400656e+01	-2.418240e+02
2.910000e-06	-2.058974e-06	-3.763097e-09	-1.427123e+01	-2.481065e+02
2.920000e-06	-2.096015e-06	-3.852889e-09	-1.452797e+01	-2.539411e+02
2.930000e-06	-2.132078e-06	-3.934861e-09	-1.477793e+01	-2.593707e+02
2.940000e-06	-2.167536e-06	-4.013790e-09	-1.502369e+01	-2.644353e+02
2.950000e-06	-2.202421e-06	-4.090477e-09	-1.526549e+01	-2.691705e+02
2.960000e-06	-2.236486e-06	-4.161235e-09	-1.550160e+01	-2.736065e+02
2.970000e-06	-2.269776e-06	-4.223165e-09	-1.573235e+01	-2.777678e+02
2.980000e-06	-2.302308e-06	-4.280909e-09	-1.595783e+01	-2.816734e+02
2.990000e-06	-2.334057e-06	-4.339437e-09	-1.617790e+01	-2.853378e+02
3.000000e-06	-2.365107e-06	-4.397144e-09	-1.639311e+01	-2.887722e+02
3.010000e-06	-2.395245e-06	-4.451119e-09	-1.660200e+01	-2.919857e+02
3.020000e-06	-2.424187e-06	-4.499629e-09	-1.680260e+01	-2.949865e+02
3.030000e-06	-2.452113e-06	-4.544557e-09	-1.699616e+01	-2.977832e+02
3.040000e-06	-2.479313e-06	-4.585361e-09	-1.718470e+01	-3.003853e+02
3.050000e-06	-2.505727e-06	-4.621985e-09	-1.736777e+01	-3.028037e+02
3.060000e-06	-2.531260e-06	-4.655644e-09	-1.754475e+01	-3.050509e+02
3.070000e-06	-2.555898e-06	-4.687016e-09	-1.771553e+01	-3.071403e+02
3.080000e-06	-2.579772e-06	-4.715900e-09	-1.788100e+01	-3.090859e+02
3.090000e-06	-2.602952e-06	-4.743228e-09	-1.804167e+01	-3.109016e+02
3.100000e-06	-2.625096e-06	-4.772641e-09	-1.819515e+01	-3.126000e+02
3.110000e-06	-2.645967e-06	-4.803297e-09	-1.833982e+01	-3.141923e+02
3.120000e-06	-2.665797e-06	-4.829790e-09	-1.847726e+01	-3.156875e+02
3.130000e-06	-2.684825e-06	-4.849904e-09	-1.860915e+01	-3.170919e+02
3.140000e-06	-2.702964e-06	-4.867433e-09	-1.873487e+01	-3.184097e+02
3.150000e-06	-2.720188e-06	-4.883989e-09	-1.885426e+01	-3.196427e+02
3.160000e-06	-2.736546e-06	-4.900755e-09	-1.896764e+01	-3.207914e+02
3.170000e-06	-2.752081e-06	-4.916734e-09	-1.907532e+01	-3.218550e+02
3.180000e-06	-2.766668e-06	-4.931420e-09	-1.917642e+01	-3.228329e+02
3.190000e-06	-2.779869e-06	-4.946552e-09	-1.926792e+01	-3.237246e+02
3.200000e-06	-2.791763e-06	-4.960889e-09	-1.935036e+01	-3.245307e+02
3.210000e-06	-2.802594e-06	-4.972760e-09	-1.942543e+01	-3.252532e+02
3.220000e-06	-2.812426e-06	-4.982907e-09	-1.949358e+01	-3.258956e+02
3.230000e-06	-2.821339e-06	-4.990541e-09	-1.955536e+01	-3.264625e+02
3.240000e-06	-2.829346e-06	-4.996492e-09	-1.961086e+01	-3.269599e+02
3.250000e-06	-2.836543e-06	-5.001702e-09	-1.966074e+01	-3.273937e+02
3.260000e-06	-2.842685e-06	-5.005420e-09	-1.970331e+01	-3.277702e+02
3.270000e-06	-2.847457e-06	-5.008723e-09	-1.973639e+01	-3.280945e+02
3.280000e-06	-2.851166e-06	-5.012080e-09	-1.976209e+01	-3.283706e+02
3.290000e-06	-2.854086e-06	-5.016200e-09	-1.978234e+01	-3.286008e+02
3.300000e-06	-2.856081e-06	-5.021656e-09	-1.979616e+01	-3.287856e+02
3.310000e-06	-2.857123e-06	-5.025983e-09	-1.980338e+01	-3.289236e+02
3.320000e-06	-2.857268e-06	-5.027083e-09	-1.980439e+01	-3.290121e+02
