# Temperatura_=_24.25
# Concentracion g/m^3_=_15500.0
# C_Vs_to_Am_M_A/Vsm_=_65563218390.804596
# pendiente_HvsI_1/m_=_3716.3
# ordenada_HvsI_A/m_=_1297.0
# frecuencia_Hz_=_300839.50916040613

Tiempo_(s)	Campo_(V.s)	Magnetizacion_(V.s)	Campo_(kA/m)	Magnetizacion_(A/m)
0.000000e+00	-2.858698e-06	-5.145653e-09	-1.980337e+01	-3.376764e+02
1.000000e-08	-2.857656e-06	-5.144103e-09	-1.979614e+01	-3.377183e+02
2.000000e-08	-2.855634e-06	-5.143245e-09	-1.978214e+01	-3.376873e+02
3.000000e-08	-2.852345e-06	-5.144272e-09	-1.975935e+01	-3.375807e+02
4.000000e-08	-2.848023e-06	-5.144814e-09	-1.972941e+01	-3.373977e+02
5.000000e-08	-2.842925e-06	-5.139943e-09	-1.969410e+01	-3.371399e+02
6.000000e-08	-2.836935e-06	-5.132312e-09	-1.965260e+01	-3.368114e+02
7.000000e-08	-2.829975e-06	-5.118946e-09	-1.960439e+01	-3.364178e+02
8.000000e-08	-2.821962e-06	-5.132613e-09	-1.954888e+01	-3.359662e+02
9.000000e-08	-2.812717e-06	-5.143327e-09	-1.948483e+01	-3.354640e+02
1.000000e-07	-2.802058e-06	-5.134706e-09	-1.941100e+01	-3.349182e+02
1.100000e-07	-2.790193e-06	-5.037241e-09	-1.932880e+01	-3.343346e+02
1.200000e-07	-2.777589e-06	-5.052544e-09	-1.924149e+01	-3.337170e+02
1.300000e-07	-2.764110e-06	-5.137394e-09	-1.914811e+01	-3.330668e+02
1.400000e-07	-2.749592e-06	-5.090495e-09	-1.904754e+01	-3.323831e+02
1.500000e-07	-2.734179e-06	-5.004153e-09	-1.894077e+01	-3.316624e+02
1.600000e-07	-2.717411e-06	-5.060554e-09	-1.882461e+01	-3.308994e+02
1.700000e-07	-2.699247e-06	-5.141859e-09	-1.869878e+01	-3.300873e+02
1.800000e-07	-2.680448e-06	-4.997692e-09	-1.856855e+01	-3.292188e+02
1.900000e-07	-2.661005e-06	-5.000534e-09	-1.843386e+01	-3.282871e+02
2.000000e-07	-2.640570e-06	-5.073188e-09	-1.829231e+01	-3.272860e+02
2.100000e-07	-2.619315e-06	-4.945972e-09	-1.814506e+01	-3.262113e+02
2.200000e-07	-2.597314e-06	-4.936078e-09	-1.799265e+01	-3.250605e+02
2.300000e-07	-2.574339e-06	-5.035810e-09	-1.783349e+01	-3.238334e+02
2.400000e-07	-2.550386e-06	-4.934440e-09	-1.766756e+01	-3.225320e+02
2.500000e-07	-2.525675e-06	-4.887465e-09	-1.749638e+01	-3.211595e+02
2.600000e-07	-2.500161e-06	-4.923618e-09	-1.731963e+01	-3.197208e+02
2.700000e-07	-2.473556e-06	-4.872926e-09	-1.713533e+01	-3.182209e+02
2.800000e-07	-2.445851e-06	-4.826415e-09	-1.694341e+01	-3.166648e+02
2.900000e-07	-2.417210e-06	-4.811978e-09	-1.674500e+01	-3.150568e+02
3.000000e-07	-2.387695e-06	-4.788780e-09	-1.654053e+01	-3.134001e+02
3.100000e-07	-2.357476e-06	-4.789173e-09	-1.633120e+01	-3.116965e+02
3.200000e-07	-2.326573e-06	-4.787008e-09	-1.611712e+01	-3.099465e+02
3.300000e-07	-2.294778e-06	-4.693183e-09	-1.589686e+01	-3.081493e+02
3.400000e-07	-2.262273e-06	-4.689097e-09	-1.567168e+01	-3.063033e+02
3.500000e-07	-2.229226e-06	-4.675229e-09	-1.544276e+01	-3.044066e+02
3.600000e-07	-2.195402e-06	-4.608727e-09	-1.520845e+01	-3.024574e+02
3.700000e-07	-2.160387e-06	-4.609213e-09	-1.496588e+01	-3.004543e+02
3.800000e-07	-2.124276e-06	-4.585222e-09	-1.471572e+01	-2.983970e+02
3.900000e-07	-2.087598e-06	-4.530930e-09	-1.446164e+01	-2.962861e+02
4.000000e-07	-2.050290e-06	-4.520131e-09	-1.420319e+01	-2.941232e+02
4.100000e-07	-2.012220e-06	-4.488960e-09	-1.393946e+01	-2.919109e+02
4.200000e-07	-1.973506e-06	-4.414981e-09	-1.367128e+01	-2.896521e+02
4.300000e-07	-1.934043e-06	-4.405075e-09	-1.339790e+01	-2.873496e+02
4.400000e-07	-1.893876e-06	-4.382287e-09	-1.311965e+01	-2.850058e+02
4.500000e-07	-1.853290e-06	-4.335599e-09	-1.283849e+01	-2.826221e+02
4.600000e-07	-1.812356e-06	-4.294552e-09	-1.255493e+01	-2.801983e+02
4.700000e-07	-1.770675e-06	-4.261699e-09	-1.226618e+01	-2.777331e+02
4.800000e-07	-1.727928e-06	-4.216274e-09	-1.197006e+01	-2.752232e+02
4.900000e-07	-1.684216e-06	-4.170421e-09	-1.166725e+01	-2.726642e+02
5.000000e-07	-1.639845e-06	-4.137637e-09	-1.135987e+01	-2.700510e+02
5.100000e-07	-1.595083e-06	-4.092962e-09	-1.104979e+01	-2.673775e+02
5.200000e-07	-1.549886e-06	-4.060019e-09	-1.073669e+01	-2.646384e+02
5.300000e-07	-1.504168e-06	-4.019223e-09	-1.041998e+01	-2.618287e+02
5.400000e-07	-1.457894e-06	-3.976223e-09	-1.009943e+01	-2.589447e+02
5.500000e-07	-1.411060e-06	-3.922267e-09	-9.774986e+00	-2.559843e+02
5.600000e-07	-1.363664e-06	-3.874464e-09	-9.446652e+00	-2.529469e+02
5.700000e-07	-1.315748e-06	-3.824585e-09	-9.114719e+00	-2.498334e+02
5.800000e-07	-1.267459e-06	-3.778285e-09	-8.780204e+00	-2.466462e+02
5.900000e-07	-1.218883e-06	-3.734273e-09	-8.443695e+00	-2.433880e+02
6.000000e-07	-1.169953e-06	-3.682502e-09	-8.104739e+00	-2.400620e+02
6.100000e-07	-1.120544e-06	-3.635680e-09	-7.762463e+00	-2.366708e+02
6.200000e-07	-1.070461e-06	-3.579003e-09	-7.415518e+00	-2.332163e+02
6.300000e-07	-1.019709e-06	-3.525802e-09	-7.063939e+00	-2.296989e+02
6.400000e-07	-9.684167e-07	-3.466607e-09	-6.708616e+00	-2.261174e+02
6.500000e-07	-9.165609e-07	-3.408143e-09	-6.349390e+00	-2.224690e+02
6.600000e-07	-8.643088e-07	-3.348977e-09	-5.987419e+00	-2.187497e+02
6.700000e-07	-8.118336e-07	-3.291715e-09	-5.623901e+00	-2.149544e+02
6.800000e-07	-7.591357e-07	-3.233738e-09	-5.258842e+00	-2.110774e+02
6.900000e-07	-7.061859e-07	-3.171890e-09	-4.892037e+00	-2.071131e+02
7.000000e-07	-6.529676e-07	-3.113774e-09	-4.523372e+00	-2.030565e+02
7.100000e-07	-5.995287e-07	-3.051950e-09	-4.153179e+00	-1.989031e+02
7.200000e-07	-5.458551e-07	-2.988864e-09	-3.781360e+00	-1.946500e+02
7.300000e-07	-4.919093e-07	-2.917176e-09	-3.407656e+00	-1.902949e+02
7.400000e-07	-4.377837e-07	-2.844641e-09	-3.032706e+00	-1.858366e+02
7.500000e-07	-3.835350e-07	-2.773856e-09	-2.656903e+00	-1.812742e+02
7.600000e-07	-3.291934e-07	-2.705038e-09	-2.280457e+00	-1.766069e+02
7.700000e-07	-2.747697e-07	-2.630452e-09	-1.903441e+00	-1.718329e+02
7.800000e-07	-2.202753e-07	-2.552845e-09	-1.525937e+00	-1.669494e+02
7.900000e-07	-1.657385e-07	-2.480820e-09	-1.148138e+00	-1.619518e+02
8.000000e-07	-1.111767e-07	-2.403424e-09	-7.701662e-01	-1.568337e+02
8.100000e-07	-5.656445e-08	-2.320837e-09	-3.918450e-01	-1.515867e+02
8.200000e-07	-1.905476e-09	-2.233644e-09	-1.320001e-02	-1.462010e+02
8.300000e-07	5.274709e-08	-2.148813e-09	3.654006e-01	-1.406654e+02
8.400000e-07	1.073850e-07	-2.061351e-09	7.438996e-01	-1.349682e+02
8.500000e-07	1.619760e-07	-1.971028e-09	1.122074e+00	-1.290980e+02
8.600000e-07	2.165130e-07	-1.876217e-09	1.499874e+00	-1.230440e+02
8.700000e-07	2.709868e-07	-1.779894e-09	1.877236e+00	-1.167964e+02
8.800000e-07	3.253294e-07	-1.686057e-09	2.253689e+00	-1.103468e+02
8.900000e-07	3.795849e-07	-1.585869e-09	2.629539e+00	-1.036880e+02
9.000000e-07	4.337789e-07	-1.479772e-09	3.004963e+00	-9.681322e+01
9.100000e-07	4.878170e-07	-1.367423e-09	3.379307e+00	-8.971539e+01
9.200000e-07	5.416372e-07	-1.255758e-09	3.752141e+00	-8.238618e+01
9.300000e-07	5.951960e-07	-1.140416e-09	4.123165e+00	-7.481472e+01
9.400000e-07	6.485044e-07	-1.020118e-09	4.492454e+00	-6.698666e+01
9.500000e-07	7.015538e-07	-8.930871e-10	4.859948e+00	-5.888333e+01
9.600000e-07	7.543344e-07	-7.642874e-10	5.225582e+00	-5.048154e+01
9.700000e-07	8.069329e-07	-6.336244e-10	5.589952e+00	-4.175383e+01
9.800000e-07	8.593580e-07	-4.939301e-10	5.953122e+00	-3.266955e+01
9.900000e-07	9.114573e-07	-3.447982e-10	6.314035e+00	-2.319667e+01
1.000000e-06	9.631003e-07	-1.867889e-10	6.671787e+00	-1.330419e+01
1.010000e-06	1.014135e-06	-2.937630e-11	7.025326e+00	-2.965197e+00
1.020000e-06	1.064472e-06	1.323999e-10	7.374034e+00	7.839814e+00
1.030000e-06	1.114200e-06	3.037115e-10	7.718516e+00	1.911957e+01
1.040000e-06	1.163408e-06	4.855489e-10	8.059398e+00	3.086891e+01
1.050000e-06	1.212232e-06	6.705408e-10	8.397627e+00	4.306622e+01
1.060000e-06	1.260792e-06	8.588455e-10	8.734022e+00	5.567179e+01
1.070000e-06	1.309050e-06	1.057226e-09	9.068323e+00	6.862727e+01
1.080000e-06	1.356850e-06	1.261573e-09	9.399455e+00	8.185631e+01
1.090000e-06	1.404095e-06	1.465441e-09	9.726740e+00	9.526654e+01
1.100000e-06	1.450822e-06	1.666118e-09	1.005043e+01	1.087527e+02
1.110000e-06	1.497052e-06	1.870272e-09	1.037069e+01	1.222010e+02
1.120000e-06	1.542744e-06	2.073268e-09	1.068722e+01	1.354938e+02
1.130000e-06	1.587914e-06	2.271689e-09	1.100012e+01	1.485150e+02
1.140000e-06	1.632702e-06	2.462969e-09	1.131039e+01	1.611557e+02
1.150000e-06	1.677182e-06	2.647741e-09	1.161852e+01	1.733185e+02
1.160000e-06	1.721151e-06	2.825983e-09	1.192312e+01	1.849220e+02
1.170000e-06	1.764309e-06	2.992574e-09	1.222209e+01	1.959040e+02
1.180000e-06	1.806484e-06	3.146127e-09	1.251425e+01	2.062228e+02
1.190000e-06	1.847745e-06	3.290065e-09	1.280008e+01	2.158579e+02
1.200000e-06	1.888423e-06	3.427957e-09	1.308187e+01	2.248090e+02
1.210000e-06	1.928698e-06	3.554949e-09	1.336088e+01	2.330938e+02
1.220000e-06	1.968333e-06	3.668158e-09	1.363544e+01	2.407446e+02
1.230000e-06	2.007197e-06	3.770374e-09	1.390467e+01	2.478050e+02
1.240000e-06	2.045405e-06	3.868277e-09	1.416935e+01	2.543254e+02
1.250000e-06	2.082893e-06	3.960602e-09	1.442905e+01	2.603589e+02
1.260000e-06	2.119755e-06	4.047246e-09	1.468441e+01	2.659580e+02
1.270000e-06	2.156168e-06	4.127987e-09	1.493665e+01	2.711712e+02
1.280000e-06	2.191831e-06	4.203973e-09	1.518371e+01	2.760411e+02
1.290000e-06	2.226409e-06	4.274824e-09	1.542324e+01	2.806030e+02
1.300000e-06	2.259917e-06	4.337284e-09	1.565536e+01	2.848847e+02
1.310000e-06	2.292672e-06	4.392792e-09	1.588227e+01	2.889066e+02
1.320000e-06	2.324774e-06	4.444993e-09	1.610466e+01	2.926834e+02
1.330000e-06	2.356064e-06	4.497534e-09	1.632141e+01	2.962256e+02
1.340000e-06	2.386601e-06	4.548725e-09	1.653295e+01	2.995406e+02
1.350000e-06	2.416297e-06	4.595750e-09	1.673867e+01	3.026353e+02
1.360000e-06	2.445205e-06	4.637746e-09	1.693893e+01	3.055169e+02
1.370000e-06	2.473547e-06	4.676428e-09	1.713527e+01	3.081943e+02
1.380000e-06	2.500941e-06	4.712269e-09	1.732503e+01	3.106784e+02
1.390000e-06	2.527043e-06	4.744778e-09	1.750585e+01	3.129824e+02
1.400000e-06	2.552074e-06	4.773587e-09	1.767925e+01	3.151210e+02
1.410000e-06	2.576259e-06	4.800510e-09	1.784680e+01	3.171102e+02
1.420000e-06	2.599589e-06	4.829736e-09	1.800841e+01	3.189658e+02
1.430000e-06	2.622031e-06	4.859370e-09	1.816388e+01	3.207027e+02
1.440000e-06	2.643619e-06	4.885557e-09	1.831342e+01	3.223341e+02
1.450000e-06	2.664446e-06	4.907320e-09	1.845770e+01	3.238703e+02
1.460000e-06	2.684546e-06	4.926208e-09	1.859694e+01	3.253191e+02
1.470000e-06	2.703694e-06	4.945918e-09	1.872959e+01	3.266852e+02
1.480000e-06	2.721814e-06	4.967279e-09	1.885511e+01	3.279708e+02
1.490000e-06	2.739022e-06	4.987312e-09	1.897432e+01	3.291764e+02
1.500000e-06	2.755162e-06	5.003024e-09	1.908613e+01	3.303012e+02
1.510000e-06	2.770151e-06	5.016302e-09	1.918996e+01	3.313441e+02
1.520000e-06	2.784083e-06	5.030120e-09	1.928647e+01	3.323047e+02
1.530000e-06	2.797027e-06	5.043908e-09	1.937615e+01	3.331836e+02
1.540000e-06	2.808893e-06	5.054949e-09	1.945834e+01	3.339831e+02
1.550000e-06	2.819419e-06	5.064291e-09	1.953126e+01	3.347068e+02
1.560000e-06	2.828737e-06	5.076141e-09	1.959581e+01	3.353600e+02
1.570000e-06	2.837159e-06	5.090776e-09	1.965416e+01	3.359484e+02
1.580000e-06	2.844692e-06	5.103737e-09	1.970634e+01	3.364784e+02
1.590000e-06	2.851244e-06	5.111450e-09	1.975173e+01	3.369555e+02
1.600000e-06	2.856787e-06	5.116496e-09	1.979013e+01	3.373840e+02
1.610000e-06	2.861484e-06	5.121122e-09	1.982266e+01	3.377667e+02
1.620000e-06	2.865293e-06	5.126091e-09	1.984905e+01	3.381039e+02
1.630000e-06	2.867818e-06	5.132187e-09	1.986654e+01	3.383940e+02
1.640000e-06	2.869106e-06	5.136885e-09	1.987547e+01	3.386333e+02
1.650000e-06	2.869544e-06	5.141228e-09	1.987850e+01	3.388169e+02
1.660000e-06	2.869126e-06	5.145035e-09	1.987560e+01	3.389390e+02
1.670000e-06	2.867776e-06	5.145196e-09	1.986625e+01	3.389937e+02
1.680000e-06	2.865516e-06	5.145281e-09	1.985060e+01	3.389764e+02
1.690000e-06	2.862454e-06	5.146000e-09	1.982938e+01	3.388837e+02
1.700000e-06	2.858643e-06	5.144589e-09	1.980298e+01	3.387146e+02
1.710000e-06	2.853736e-06	5.139635e-09	1.976899e+01	3.384704e+02
1.720000e-06	2.847586e-06	5.132776e-09	1.972639e+01	3.381544e+02
1.730000e-06	2.840543e-06	5.142897e-09	1.967759e+01	3.377723e+02
1.740000e-06	2.832652e-06	5.104594e-09	1.962293e+01	3.373309e+02
1.750000e-06	2.823385e-06	5.075915e-09	1.955874e+01	3.368375e+02
1.760000e-06	2.812436e-06	5.103397e-09	1.948289e+01	3.362994e+02
1.770000e-06	2.800579e-06	5.155376e-09	1.940075e+01	3.357226e+02
1.780000e-06	2.788736e-06	5.121679e-09	1.931871e+01	3.351112e+02
1.790000e-06	2.776103e-06	4.985444e-09	1.923120e+01	3.344672e+02
1.800000e-06	2.761647e-06	5.075082e-09	1.913105e+01	3.337900e+02
1.810000e-06	2.746103e-06	5.126225e-09	1.902337e+01	3.330766e+02
1.820000e-06	2.730165e-06	5.014709e-09	1.891296e+01	3.323219e+02
1.830000e-06	2.713028e-06	5.033477e-09	1.879425e+01	3.315194e+02
1.840000e-06	2.694495e-06	5.131520e-09	1.866586e+01	3.306619e+02
1.850000e-06	2.675421e-06	5.048655e-09	1.853373e+01	3.297423e+02
1.860000e-06	2.655610e-06	4.957429e-09	1.839649e+01	3.287544e+02
1.870000e-06	2.634368e-06	5.088559e-09	1.824934e+01	3.276934e+02
1.880000e-06	2.612067e-06	5.031459e-09	1.809485e+01	3.265566e+02
1.890000e-06	2.588956e-06	4.874533e-09	1.793475e+01	3.253434e+02
1.900000e-06	2.564761e-06	4.982148e-09	1.776715e+01	3.240553e+02
1.910000e-06	2.539827e-06	4.969535e-09	1.759442e+01	3.226956e+02
1.920000e-06	2.514181e-06	4.864330e-09	1.741675e+01	3.212687e+02
1.930000e-06	2.487567e-06	4.929175e-09	1.723239e+01	3.197797e+02
1.940000e-06	2.460352e-06	4.887914e-09	1.704386e+01	3.182336e+02
1.950000e-06	2.432290e-06	4.844609e-09	1.684946e+01	3.166350e+02
1.960000e-06	2.402819e-06	4.847968e-09	1.664530e+01	3.149872e+02
1.970000e-06	2.372306e-06	4.758844e-09	1.643393e+01	3.132922e+02
1.980000e-06	2.341117e-06	4.755045e-09	1.621787e+01	3.115509e+02
1.990000e-06	2.309234e-06	4.791753e-09	1.599701e+01	3.097625e+02
2.000000e-06	2.276621e-06	4.689570e-09	1.577108e+01	3.079257e+02
2.010000e-06	2.243138e-06	4.688397e-09	1.553913e+01	3.060386e+02
2.020000e-06	2.208841e-06	4.697653e-09	1.530154e+01	3.040992e+02
2.030000e-06	2.173994e-06	4.585529e-09	1.506014e+01	3.021061e+02
2.040000e-06	2.138568e-06	4.590978e-09	1.481473e+01	3.000588e+02
2.050000e-06	2.102347e-06	4.574416e-09	1.456381e+01	2.979577e+02
2.060000e-06	2.065102e-06	4.495796e-09	1.430580e+01	2.958043e+02
2.070000e-06	2.026771e-06	4.509401e-09	1.404027e+01	2.936010e+02
2.080000e-06	1.987742e-06	4.477470e-09	1.376990e+01	2.913506e+02
2.090000e-06	1.948221e-06	4.412915e-09	1.349612e+01	2.890561e+02
2.100000e-06	1.908024e-06	4.398132e-09	1.321766e+01	2.867199e+02
2.110000e-06	1.867136e-06	4.341777e-09	1.293441e+01	2.843436e+02
2.120000e-06	1.825629e-06	4.304512e-09	1.264687e+01	2.819274e+02
2.130000e-06	1.783567e-06	4.281235e-09	1.235549e+01	2.794701e+02
2.140000e-06	1.740956e-06	4.236088e-09	1.206031e+01	2.769688e+02
2.150000e-06	1.697880e-06	4.210366e-09	1.176191e+01	2.744193e+02
2.160000e-06	1.654431e-06	4.154139e-09	1.146091e+01	2.718165e+02
2.170000e-06	1.610371e-06	4.112716e-09	1.115570e+01	2.691546e+02
2.180000e-06	1.565644e-06	4.075993e-09	1.084586e+01	2.664279e+02
2.190000e-06	1.520302e-06	4.027704e-09	1.053175e+01	2.636315e+02
2.200000e-06	1.474455e-06	3.992879e-09	1.021415e+01	2.607613e+02
2.210000e-06	1.428307e-06	3.943268e-09	9.894465e+00	2.578150e+02
2.220000e-06	1.381642e-06	3.899959e-09	9.571193e+00	2.547916e+02
2.230000e-06	1.334302e-06	3.856371e-09	9.243250e+00	2.516920e+02
2.240000e-06	1.286347e-06	3.794933e-09	8.911046e+00	2.485181e+02
2.250000e-06	1.237834e-06	3.749587e-09	8.574983e+00	2.452726e+02
2.260000e-06	1.188916e-06	3.707960e-09	8.236102e+00	2.419589e+02
2.270000e-06	1.139613e-06	3.654345e-09	7.894565e+00	2.385796e+02
2.280000e-06	1.089859e-06	3.608488e-09	7.549895e+00	2.351367e+02
2.290000e-06	1.039610e-06	3.550495e-09	7.201800e+00	2.316308e+02
2.300000e-06	9.889267e-07	3.495738e-09	6.850698e+00	2.280612e+02
2.310000e-06	9.379553e-07	3.439165e-09	6.497598e+00	2.244254e+02
2.320000e-06	8.867361e-07	3.375224e-09	6.142782e+00	2.207195e+02
2.330000e-06	8.352413e-07	3.321893e-09	5.786056e+00	2.169385e+02
2.340000e-06	7.833827e-07	3.262982e-09	5.426811e+00	2.130769e+02
2.350000e-06	7.309533e-07	3.205437e-09	5.063611e+00	2.091289e+02
2.360000e-06	6.780348e-07	3.143295e-09	4.697023e+00	2.050894e+02
2.370000e-06	6.247409e-07	3.080498e-09	4.327835e+00	2.009540e+02
2.380000e-06	5.710689e-07	3.021045e-09	3.956027e+00	1.967192e+02
2.390000e-06	5.170915e-07	2.956375e-09	3.582103e+00	1.923828e+02
2.400000e-06	4.627859e-07	2.892721e-09	3.205906e+00	1.879433e+02
2.410000e-06	4.083222e-07	2.826374e-09	2.828614e+00	1.833999e+02
2.420000e-06	3.537711e-07	2.754253e-09	2.450717e+00	1.787518e+02
2.430000e-06	2.990206e-07	2.679614e-09	2.071437e+00	1.739974e+02
2.440000e-06	2.441389e-07	2.602076e-09	1.691250e+00	1.691340e+02
2.450000e-06	1.892221e-07	2.527124e-09	1.310819e+00	1.641576e+02
2.460000e-06	1.342998e-07	2.454174e-09	9.303494e-01	1.590619e+02
2.470000e-06	7.936228e-08	2.373477e-09	5.497748e-01	1.538390e+02
2.480000e-06	2.438946e-08	2.293075e-09	1.689557e-01	1.484791e+02
2.490000e-06	-3.059807e-08	2.212694e-09	-2.119653e-01	1.429715e+02
2.500000e-06	-8.557309e-08	2.128265e-09	-5.927996e-01	1.373044e+02
2.510000e-06	-1.405172e-07	2.038672e-09	-9.734200e-01	1.314662e+02
2.520000e-06	-1.954111e-07	1.942365e-09	-1.353692e+00	1.254461e+02
2.530000e-06	-2.502874e-07	1.846834e-09	-1.733843e+00	1.192341e+02
2.540000e-06	-3.051365e-07	1.750622e-09	-2.113805e+00	1.128215e+02
2.550000e-06	-3.598860e-07	1.654348e-09	-2.493076e+00	1.062009e+02
2.560000e-06	-4.144816e-07	1.552353e-09	-2.871283e+00	9.936552e+01
2.570000e-06	-4.688872e-07	1.442850e-09	-3.248172e+00	9.230843e+01
2.580000e-06	-5.230410e-07	1.331747e-09	-3.623318e+00	8.502160e+01
2.590000e-06	-5.768736e-07	1.220133e-09	-3.996238e+00	7.749468e+01
2.600000e-06	-6.302973e-07	1.104265e-09	-4.366326e+00	6.971403e+01
2.610000e-06	-6.832858e-07	9.788079e-10	-4.733398e+00	6.166177e+01
2.620000e-06	-7.359162e-07	8.469412e-10	-5.097991e+00	5.331553e+01
2.630000e-06	-7.881649e-07	7.123065e-10	-5.459939e+00	4.464853e+01
2.640000e-06	-8.399657e-07	5.767927e-10	-5.818784e+00	3.563061e+01
2.650000e-06	-8.914130e-07	4.358251e-10	-6.175181e+00	2.622981e+01
2.660000e-06	-9.426108e-07	2.874344e-10	-6.529848e+00	1.641474e+01
2.670000e-06	-9.934903e-07	1.332253e-10	-6.882312e+00	6.157519e+00
2.680000e-06	-1.043996e-06	-2.547274e-11	-7.232185e+00	-4.562934e+00
2.690000e-06	-1.094124e-06	-1.941177e-10	-7.579440e+00	-1.575751e+01
2.700000e-06	-1.143819e-06	-3.747536e-10	-7.923698e+00	-2.742373e+01
2.710000e-06	-1.193041e-06	-5.609514e-10	-8.264680e+00	-3.954307e+01
2.720000e-06	-1.241798e-06	-7.509394e-10	-8.602439e+00	-5.207914e+01
2.730000e-06	-1.290020e-06	-9.462363e-10	-8.936492e+00	-6.497689e+01
2.740000e-06	-1.337448e-06	-1.150078e-09	-9.265044e+00	-7.816309e+01
2.750000e-06	-1.384019e-06	-1.359679e-09	-9.587662e+00	-9.154801e+01
2.760000e-06	-1.430038e-06	-1.568740e-09	-9.906457e+00	-1.050285e+02
2.770000e-06	-1.475657e-06	-1.773426e-09	-1.022247e+01	-1.184917e+02
2.780000e-06	-1.520932e-06	-1.977024e-09	-1.053612e+01	-1.318206e+02
2.790000e-06	-1.565872e-06	-2.179572e-09	-1.084744e+01	-1.448982e+02
2.800000e-06	-1.610347e-06	-2.375865e-09	-1.115553e+01	-1.576140e+02
2.810000e-06	-1.654224e-06	-2.561692e-09	-1.145948e+01	-1.698683e+02
2.820000e-06	-1.697559e-06	-2.738050e-09	-1.175968e+01	-1.815765e+02
2.830000e-06	-1.740530e-06	-2.910546e-09	-1.205736e+01	-1.926728e+02
2.840000e-06	-1.783071e-06	-3.074528e-09	-1.235206e+01	-2.031118e+02
2.850000e-06	-1.824977e-06	-3.224893e-09	-1.264236e+01	-2.128692e+02
2.860000e-06	-1.866272e-06	-3.361048e-09	-1.292842e+01	-2.219413e+02
2.870000e-06	-1.907017e-06	-3.487394e-09	-1.321068e+01	-2.303427e+02
2.880000e-06	-1.947046e-06	-3.609050e-09	-1.348798e+01	-2.381035e+02
2.890000e-06	-1.986402e-06	-3.723399e-09	-1.376061e+01	-2.452654e+02
2.900000e-06	-2.025253e-06	-3.825701e-09	-1.402975e+01	-2.518780e+02
2.910000e-06	-2.063372e-06	-3.918586e-09	-1.429382e+01	-2.579942e+02
2.920000e-06	-2.100531e-06	-4.007373e-09	-1.455123e+01	-2.636668e+02
2.930000e-06	-2.136702e-06	-4.089596e-09	-1.480180e+01	-2.689453e+02
2.940000e-06	-2.172026e-06	-4.164272e-09	-1.504651e+01	-2.738733e+02
2.950000e-06	-2.206749e-06	-4.234652e-09	-1.528705e+01	-2.784876e+02
2.960000e-06	-2.240765e-06	-4.301943e-09	-1.552269e+01	-2.828173e+02
2.970000e-06	-2.273964e-06	-4.364937e-09	-1.575268e+01	-2.868840e+02
2.980000e-06	-2.306360e-06	-4.423682e-09	-1.597709e+01	-2.907034e+02
2.990000e-06	-2.338018e-06	-4.478897e-09	-1.619640e+01	-2.942865e+02
3.000000e-06	-2.369042e-06	-4.532154e-09	-1.641131e+01	-2.976412e+02
3.010000e-06	-2.399226e-06	-4.585853e-09	-1.662042e+01	-3.007744e+02
3.020000e-06	-2.428238e-06	-4.635683e-09	-1.682139e+01	-3.036931e+02
3.030000e-06	-2.456075e-06	-4.678356e-09	-1.701423e+01	-3.064059e+02
3.040000e-06	-2.483141e-06	-4.712639e-09	-1.720172e+01	-3.089233e+02
3.050000e-06	-2.509501e-06	-4.745825e-09	-1.738434e+01	-3.112580e+02
3.060000e-06	-2.534992e-06	-4.780308e-09	-1.756092e+01	-3.134247e+02
3.070000e-06	-2.559580e-06	-4.811332e-09	-1.773125e+01	-3.154390e+02
3.080000e-06	-2.583292e-06	-4.839416e-09	-1.789551e+01	-3.173170e+02
3.090000e-06	-2.606351e-06	-4.868205e-09	-1.805525e+01	-3.190738e+02
3.100000e-06	-2.628593e-06	-4.898499e-09	-1.820933e+01	-3.207228e+02
3.110000e-06	-2.649502e-06	-4.924540e-09	-1.835418e+01	-3.222750e+02
3.120000e-06	-2.669173e-06	-4.945421e-09	-1.849045e+01	-3.237386e+02
3.130000e-06	-2.688056e-06	-4.964079e-09	-1.862126e+01	-3.251189e+02
3.140000e-06	-2.706150e-06	-4.984343e-09	-1.874660e+01	-3.264185e+02
3.150000e-06	-2.723331e-06	-5.002797e-09	-1.886562e+01	-3.276381e+02
3.160000e-06	-2.739596e-06	-5.018209e-09	-1.897830e+01	-3.287770e+02
3.170000e-06	-2.755028e-06	-5.032781e-09	-1.908520e+01	-3.298343e+02
3.180000e-06	-2.769590e-06	-5.049171e-09	-1.918608e+01	-3.308092e+02
3.190000e-06	-2.782858e-06	-5.066369e-09	-1.927799e+01	-3.317022e+02
3.200000e-06	-2.794736e-06	-5.079299e-09	-1.936027e+01	-3.325153e+02
3.210000e-06	-2.805483e-06	-5.088110e-09	-1.943472e+01	-3.332519e+02
3.220000e-06	-2.815205e-06	-5.098220e-09	-1.950207e+01	-3.339169e+02
3.230000e-06	-2.823960e-06	-5.108770e-09	-1.956272e+01	-3.345161e+02
3.240000e-06	-2.831845e-06	-5.116361e-09	-1.961734e+01	-3.350557e+02
3.250000e-06	-2.838979e-06	-5.122150e-09	-1.966676e+01	-3.355415e+02
3.260000e-06	-2.845156e-06	-5.128271e-09	-1.970955e+01	-3.359781e+02
3.270000e-06	-2.850016e-06	-5.135595e-09	-1.974322e+01	-3.363685e+02
3.280000e-06	-2.853684e-06	-5.140186e-09	-1.976863e+01	-3.367136e+02
3.290000e-06	-2.856460e-06	-5.140752e-09	-1.978786e+01	-3.370120e+02
3.300000e-06	-2.858324e-06	-5.143251e-09	-1.980077e+01	-3.372604e+02
3.310000e-06	-2.859232e-06	-5.147856e-09	-1.980707e+01	-3.374540e+02
3.320000e-06	-2.859253e-06	-5.148462e-09	-1.980721e+01	-3.375871e+02
