# Temperatura_=_54.0
# Concentracion g/m^3_=_15500.0
# C_Vs_to_Am_M_A/Vsm_=_65563218390.804596
# pendiente_HvsI_1/m_=_3716.3
# ordenada_HvsI_A/m_=_1297.0
# frecuencia_Hz_=_300798.4709365496

Tiempo_(s)	Campo_(V.s)	Magnetizacion_(V.s)	Campo_(kA/m)	Magnetizacion_(A/m)
0.000000e+00	-5.503818e-06	-1.428533e-08	-3.830944e+01	-9.358978e+02
1.000000e-08	-5.502121e-06	-1.428405e-08	-3.829763e+01	-9.360666e+02
2.000000e-08	-5.498449e-06	-1.427815e-08	-3.827207e+01	-9.362693e+02
3.000000e-08	-5.493069e-06	-1.427161e-08	-3.823462e+01	-9.364245e+02
4.000000e-08	-5.486079e-06	-1.426396e-08	-3.818597e+01	-9.364421e+02
5.000000e-08	-5.477415e-06	-1.425309e-08	-3.812567e+01	-9.362364e+02
6.000000e-08	-5.466777e-06	-1.423928e-08	-3.805162e+01	-9.357380e+02
7.000000e-08	-5.454044e-06	-1.421744e-08	-3.796299e+01	-9.349041e+02
8.000000e-08	-5.439300e-06	-1.419900e-08	-3.786036e+01	-9.337243e+02
9.000000e-08	-5.422161e-06	-1.422758e-08	-3.774106e+01	-9.322220e+02
1.000000e-07	-5.402665e-06	-1.422858e-08	-3.760536e+01	-9.304508e+02
1.100000e-07	-5.381197e-06	-1.417650e-08	-3.745593e+01	-9.284870e+02
1.200000e-07	-5.357921e-06	-1.414373e-08	-3.729393e+01	-9.264186e+02
1.300000e-07	-5.333179e-06	-1.407134e-08	-3.712171e+01	-9.243322e+02
1.400000e-07	-5.306991e-06	-1.403213e-08	-3.693942e+01	-9.223010e+02
1.500000e-07	-5.278962e-06	-1.409052e-08	-3.674432e+01	-9.203734e+02
1.600000e-07	-5.249184e-06	-1.400379e-08	-3.653706e+01	-9.185662e+02
1.700000e-07	-5.217856e-06	-1.395932e-08	-3.631900e+01	-9.168617e+02
1.800000e-07	-5.184592e-06	-1.402128e-08	-3.608746e+01	-9.152092e+02
1.900000e-07	-5.149241e-06	-1.391919e-08	-3.584140e+01	-9.135319e+02
2.000000e-07	-5.112311e-06	-1.387675e-08	-3.558435e+01	-9.117373e+02
2.100000e-07	-5.073675e-06	-1.384700e-08	-3.531542e+01	-9.097295e+02
2.200000e-07	-5.033232e-06	-1.374045e-08	-3.503392e+01	-9.074228e+02
2.300000e-07	-4.990920e-06	-1.374692e-08	-3.473941e+01	-9.047533e+02
2.400000e-07	-4.946566e-06	-1.373747e-08	-3.443068e+01	-9.016885e+02
2.500000e-07	-4.900478e-06	-1.368695e-08	-3.410988e+01	-8.982313e+02
2.600000e-07	-4.852652e-06	-1.364416e-08	-3.377699e+01	-8.944207e+02
2.700000e-07	-4.802793e-06	-1.355552e-08	-3.342995e+01	-8.903262e+02
2.800000e-07	-4.750796e-06	-1.350846e-08	-3.306801e+01	-8.860389e+02
2.900000e-07	-4.696858e-06	-1.343629e-08	-3.269258e+01	-8.816584e+02
3.000000e-07	-4.641271e-06	-1.336594e-08	-3.230567e+01	-8.772797e+02
3.100000e-07	-4.584084e-06	-1.333015e-08	-3.190762e+01	-8.729792e+02
3.200000e-07	-4.525070e-06	-1.328794e-08	-3.149684e+01	-8.688045e+02
3.300000e-07	-4.464378e-06	-1.325723e-08	-3.107440e+01	-8.647668e+02
3.400000e-07	-4.402244e-06	-1.316551e-08	-3.064192e+01	-8.608390e+02
3.500000e-07	-4.338673e-06	-1.307368e-08	-3.019943e+01	-8.569591e+02
3.600000e-07	-4.273581e-06	-1.299249e-08	-2.974635e+01	-8.530377e+02
3.700000e-07	-4.206767e-06	-1.291383e-08	-2.928129e+01	-8.489705e+02
3.800000e-07	-4.138309e-06	-1.286070e-08	-2.880479e+01	-8.446524e+02
3.900000e-07	-4.068362e-06	-1.277989e-08	-2.831792e+01	-8.399916e+02
4.000000e-07	-3.997055e-06	-1.271004e-08	-2.782159e+01	-8.349226e+02
4.100000e-07	-3.924540e-06	-1.263863e-08	-2.731685e+01	-8.294157e+02
4.200000e-07	-3.850592e-06	-1.254778e-08	-2.680213e+01	-8.234809e+02
4.300000e-07	-3.774896e-06	-1.244496e-08	-2.627525e+01	-8.171673e+02
4.400000e-07	-3.697593e-06	-1.233669e-08	-2.573717e+01	-8.105560e+02
4.500000e-07	-3.618895e-06	-1.225950e-08	-2.518940e+01	-8.037490e+02
4.600000e-07	-3.538674e-06	-1.217592e-08	-2.463101e+01	-7.968550e+02
4.700000e-07	-3.456972e-06	-1.208362e-08	-2.406233e+01	-7.899728e+02
4.800000e-07	-3.374056e-06	-1.198375e-08	-2.348519e+01	-7.831774e+02
4.900000e-07	-3.290061e-06	-1.187380e-08	-2.290054e+01	-7.765078e+02
5.000000e-07	-3.205158e-06	-1.177032e-08	-2.230957e+01	-7.699600e+02
5.100000e-07	-3.119305e-06	-1.165519e-08	-2.171199e+01	-7.634857e+02
5.200000e-07	-3.032415e-06	-1.153877e-08	-2.110719e+01	-7.569976e+02
5.300000e-07	-2.944545e-06	-1.142547e-08	-2.049557e+01	-7.503798e+02
5.400000e-07	-2.855743e-06	-1.131904e-08	-1.987746e+01	-7.435026e+02
5.500000e-07	-2.765991e-06	-1.120869e-08	-1.925274e+01	-7.362400e+02
5.600000e-07	-2.675017e-06	-1.107970e-08	-1.861951e+01	-7.284866e+02
5.700000e-07	-2.582863e-06	-1.094389e-08	-1.797808e+01	-7.201728e+02
5.800000e-07	-2.489909e-06	-1.080927e-08	-1.733107e+01	-7.112745e+02
5.900000e-07	-2.396187e-06	-1.068144e-08	-1.667871e+01	-7.018174e+02
6.000000e-07	-2.301670e-06	-1.054654e-08	-1.602083e+01	-6.918736e+02
6.100000e-07	-2.206414e-06	-1.040107e-08	-1.535779e+01	-6.815522e+02
6.200000e-07	-2.110307e-06	-1.025309e-08	-1.468884e+01	-6.709834e+02
6.300000e-07	-2.013395e-06	-1.010607e-08	-1.401428e+01	-6.602990e+02
6.400000e-07	-1.915767e-06	-9.955228e-09	-1.333474e+01	-6.496120e+02
6.500000e-07	-1.817385e-06	-9.790462e-09	-1.264995e+01	-6.389976e+02
6.600000e-07	-1.718167e-06	-9.619445e-09	-1.195934e+01	-6.284781e+02
6.700000e-07	-1.618147e-06	-9.449595e-09	-1.126315e+01	-6.180153e+02
6.800000e-07	-1.517556e-06	-9.277444e-09	-1.056298e+01	-6.075104e+02
6.900000e-07	-1.416560e-06	-9.093092e-09	-9.859996e+00	-5.968122e+02
7.000000e-07	-1.315155e-06	-8.899658e-09	-9.154163e+00	-5.857339e+02
7.100000e-07	-1.213253e-06	-8.704373e-09	-8.444874e+00	-5.740750e+02
7.200000e-07	-1.110906e-06	-8.507906e-09	-7.732486e+00	-5.616466e+02
7.300000e-07	-1.008229e-06	-8.307255e-09	-7.017799e+00	-5.482972e+02
7.400000e-07	-9.052501e-07	-8.094936e-09	-6.301012e+00	-5.339334e+02
7.500000e-07	-8.020037e-07	-7.871855e-09	-5.582364e+00	-5.185349e+02
7.600000e-07	-6.984820e-07	-7.642692e-09	-4.861799e+00	-5.021589e+02
7.700000e-07	-5.946058e-07	-7.407955e-09	-4.138766e+00	-4.849338e+02
7.800000e-07	-4.905054e-07	-7.158523e-09	-3.414174e+00	-4.670417e+02
7.900000e-07	-3.862709e-07	-6.894152e-09	-2.688647e+00	-4.486906e+02
8.000000e-07	-2.818409e-07	-6.623271e-09	-1.961759e+00	-4.300796e+02
8.100000e-07	-1.773143e-07	-6.344845e-09	-1.234200e+00	-4.113610e+02
8.200000e-07	-7.270385e-08	-6.053855e-09	-5.060567e-01	-3.926031e+02
8.300000e-07	3.198209e-08	-5.748802e-09	2.226120e-01	-3.737595e+02
8.400000e-07	1.366162e-07	-5.432229e-09	9.509197e-01	-3.546481e+02
8.500000e-07	2.411746e-07	-5.102721e-09	1.678701e+00	-3.349453e+02
8.600000e-07	3.456883e-07	-4.751423e-09	2.406171e+00	-3.141953e+02
8.700000e-07	4.500482e-07	-4.368113e-09	3.132570e+00	-2.918360e+02
8.800000e-07	5.541755e-07	-3.956195e-09	3.857350e+00	-2.672410e+02
8.900000e-07	6.580634e-07	-3.526549e-09	4.580464e+00	-2.397726e+02
9.000000e-07	7.617021e-07	-3.076014e-09	5.301843e+00	-2.088430e+02
9.100000e-07	8.650526e-07	-2.586749e-09	6.021217e+00	-1.739759e+02
9.200000e-07	9.680753e-07	-2.047918e-09	6.738309e+00	-1.348644e+02
9.300000e-07	1.070819e-06	-1.452327e-09	7.453457e+00	-9.141796e+01
9.400000e-07	1.173201e-06	-7.857028e-10	8.166091e+00	-4.379253e+01
9.500000e-07	1.275127e-06	-3.145742e-11	8.875546e+00	7.598121e+00
9.600000e-07	1.376626e-06	8.179209e-10	9.582038e+00	6.209335e+01
9.700000e-07	1.477734e-06	1.745095e-09	1.028580e+01	1.188179e+02
9.800000e-07	1.578474e-06	2.715122e-09	1.098700e+01	1.767332e+02
9.900000e-07	1.678748e-06	3.687646e-09	1.168496e+01	2.347039e+02
1.000000e-06	1.778334e-06	4.623492e-09	1.237813e+01	2.915726e+02
1.010000e-06	1.877034e-06	5.483471e-09	1.306513e+01	3.462375e+02
1.020000e-06	1.974910e-06	6.243256e-09	1.374640e+01	3.977255e+02
1.030000e-06	2.072114e-06	6.907157e-09	1.442299e+01	4.452528e+02
1.040000e-06	2.168553e-06	7.491723e-09	1.509426e+01	4.882709e+02
1.050000e-06	2.264125e-06	8.007820e-09	1.575949e+01	5.264899e+02
1.060000e-06	2.358945e-06	8.460510e-09	1.641949e+01	5.598822e+02
1.070000e-06	2.453067e-06	8.863165e-09	1.707463e+01	5.886630e+02
1.080000e-06	2.546425e-06	9.227854e-09	1.772445e+01	6.132529e+02
1.090000e-06	2.639024e-06	9.559148e-09	1.836898e+01	6.342253e+02
1.100000e-06	2.730631e-06	9.858347e-09	1.900662e+01	6.522460e+02
1.110000e-06	2.821003e-06	1.012847e-08	1.963565e+01	6.680087e+02
1.120000e-06	2.910311e-06	1.037689e-08	2.025728e+01	6.821755e+02
1.130000e-06	2.998658e-06	1.060674e-08	2.087222e+01	6.953253e+02
1.140000e-06	3.085929e-06	1.081933e-08	2.147967e+01	7.079164e+02
1.150000e-06	3.172133e-06	1.101837e-08	2.207970e+01	7.202650e+02
1.160000e-06	3.257374e-06	1.120767e-08	2.267302e+01	7.325403e+02
1.170000e-06	3.341618e-06	1.138907e-08	2.325940e+01	7.447759e+02
1.180000e-06	3.424655e-06	1.156006e-08	2.383739e+01	7.568940e+02
1.190000e-06	3.506444e-06	1.171720e-08	2.440668e+01	7.687391e+02
1.200000e-06	3.586944e-06	1.186454e-08	2.496700e+01	7.801166e+02
1.210000e-06	3.666082e-06	1.200611e-08	2.551784e+01	7.908309e+02
1.220000e-06	3.743904e-06	1.214156e-08	2.605952e+01	8.007191e+02
1.230000e-06	3.820387e-06	1.226617e-08	2.659188e+01	8.096762e+02
1.240000e-06	3.895350e-06	1.238114e-08	2.711366e+01	8.176706e+02
1.250000e-06	3.968725e-06	1.249329e-08	2.762439e+01	8.247470e+02
1.260000e-06	4.040650e-06	1.260259e-08	2.812503e+01	8.310193e+02
1.270000e-06	4.111201e-06	1.270607e-08	2.861610e+01	8.366541e+02
1.280000e-06	4.180412e-06	1.280274e-08	2.909784e+01	8.418480e+02
1.290000e-06	4.248131e-06	1.289612e-08	2.956921e+01	8.468019e+02
1.300000e-06	4.314194e-06	1.298746e-08	3.002904e+01	8.516963e+02
1.310000e-06	4.378667e-06	1.307391e-08	3.047780e+01	8.566703e+02
1.320000e-06	4.441680e-06	1.315314e-08	3.091641e+01	8.618075e+02
1.330000e-06	4.503315e-06	1.322555e-08	3.134542e+01	8.671292e+02
1.340000e-06	4.563495e-06	1.329609e-08	3.176430e+01	8.725973e+02
1.350000e-06	4.621964e-06	1.336855e-08	3.217128e+01	8.781234e+02
1.360000e-06	4.678645e-06	1.344017e-08	3.256581e+01	8.835852e+02
1.370000e-06	4.733636e-06	1.350978e-08	3.294858e+01	8.888459e+02
1.380000e-06	4.786889e-06	1.357692e-08	3.331924e+01	8.937747e+02
1.390000e-06	4.838186e-06	1.363985e-08	3.367630e+01	8.982652e+02
1.400000e-06	4.887463e-06	1.369555e-08	3.401929e+01	9.022500e+02
1.410000e-06	4.934936e-06	1.374382e-08	3.434973e+01	9.057083e+02
1.420000e-06	4.980767e-06	1.378788e-08	3.466874e+01	9.086681e+02
1.430000e-06	5.024929e-06	1.383269e-08	3.497613e+01	9.112002e+02
1.440000e-06	5.067180e-06	1.387938e-08	3.527022e+01	9.134076e+02
1.450000e-06	5.107584e-06	1.392613e-08	3.555145e+01	9.154102e+02
1.460000e-06	5.146336e-06	1.397122e-08	3.582118e+01	9.173280e+02
1.470000e-06	5.183400e-06	1.401260e-08	3.607916e+01	9.192648e+02
1.480000e-06	5.218597e-06	1.404913e-08	3.632416e+01	9.212948e+02
1.490000e-06	5.251792e-06	1.407925e-08	3.655521e+01	9.234536e+02
1.500000e-06	5.283209e-06	1.410582e-08	3.677389e+01	9.257351e+02
1.510000e-06	5.312963e-06	1.413273e-08	3.698099e+01	9.280937e+02
1.520000e-06	5.340902e-06	1.415966e-08	3.717546e+01	9.304526e+02
1.530000e-06	5.366744e-06	1.418373e-08	3.735534e+01	9.327160e+02
1.540000e-06	5.390541e-06	1.420528e-08	3.752098e+01	9.347831e+02
1.550000e-06	5.412564e-06	1.422665e-08	3.767427e+01	9.365635e+02
1.560000e-06	5.432859e-06	1.424848e-08	3.781553e+01	9.379895e+02
1.570000e-06	5.451213e-06	1.426901e-08	3.794329e+01	9.390258e+02
1.580000e-06	5.467521e-06	1.428455e-08	3.805679e+01	9.396742e+02
1.590000e-06	5.481912e-06	1.429474e-08	3.815696e+01	9.399731e+02
1.600000e-06	5.494218e-06	1.430354e-08	3.824262e+01	9.399914e+02
1.610000e-06	5.504247e-06	1.431337e-08	3.831243e+01	9.398185e+02
1.620000e-06	5.512249e-06	1.432148e-08	3.836812e+01	9.395522e+02
1.630000e-06	5.518476e-06	1.432558e-08	3.841147e+01	9.392841e+02
1.640000e-06	5.522844e-06	1.432866e-08	3.844188e+01	9.390879e+02
1.650000e-06	5.525148e-06	1.433358e-08	3.845791e+01	9.390087e+02
1.660000e-06	5.525448e-06	1.433675e-08	3.846000e+01	9.390577e+02
1.670000e-06	5.523985e-06	1.433219e-08	3.844981e+01	9.392108e+02
1.680000e-06	5.520852e-06	1.432770e-08	3.842801e+01	9.394129e+02
1.690000e-06	5.515809e-06	1.432524e-08	3.839290e+01	9.395862e+02
1.700000e-06	5.508826e-06	1.432116e-08	3.834430e+01	9.396412e+02
1.710000e-06	5.500182e-06	1.431236e-08	3.828413e+01	9.394903e+02
1.720000e-06	5.489887e-06	1.430010e-08	3.821247e+01	9.390596e+02
1.730000e-06	5.477662e-06	1.429709e-08	3.812738e+01	9.383001e+02
1.740000e-06	5.463385e-06	1.425948e-08	3.802801e+01	9.371939e+02
1.750000e-06	5.447118e-06	1.417865e-08	3.791478e+01	9.357575e+02
1.760000e-06	5.428352e-06	1.417248e-08	3.778416e+01	9.340385e+02
1.770000e-06	5.406757e-06	1.418368e-08	3.763385e+01	9.321092e+02
1.780000e-06	5.383033e-06	1.421442e-08	3.746872e+01	9.300561e+02
1.790000e-06	5.358207e-06	1.422925e-08	3.729591e+01	9.279672e+02
1.800000e-06	5.332582e-06	1.407838e-08	3.711755e+01	9.259194e+02
1.810000e-06	5.305139e-06	1.408842e-08	3.692654e+01	9.239674e+02
1.820000e-06	5.275351e-06	1.413917e-08	3.671919e+01	9.221352e+02
1.830000e-06	5.244012e-06	1.402123e-08	3.650106e+01	9.204122e+02
1.840000e-06	5.210939e-06	1.408859e-08	3.627086e+01	9.187547e+02
1.850000e-06	5.175999e-06	1.406571e-08	3.602765e+01	9.170905e+02
1.860000e-06	5.139355e-06	1.394511e-08	3.577259e+01	9.153296e+02
1.870000e-06	5.100600e-06	1.402952e-08	3.550283e+01	9.133756e+02
1.880000e-06	5.060094e-06	1.392726e-08	3.522089e+01	9.111396e+02
1.890000e-06	5.018040e-06	1.383742e-08	3.492818e+01	9.085522e+02
1.900000e-06	4.974042e-06	1.383671e-08	3.462192e+01	9.055735e+02
1.910000e-06	4.928214e-06	1.369647e-08	3.430294e+01	9.021986e+02
1.920000e-06	4.880557e-06	1.373727e-08	3.397122e+01	8.984592e+02
1.930000e-06	4.831137e-06	1.366756e-08	3.362723e+01	8.944189e+02
1.940000e-06	4.780007e-06	1.356698e-08	3.327134e+01	8.901650e+02
1.950000e-06	4.726726e-06	1.360533e-08	3.290048e+01	8.857965e+02
1.960000e-06	4.671578e-06	1.347222e-08	3.251662e+01	8.814105e+02
1.970000e-06	4.614766e-06	1.342481e-08	3.212118e+01	8.770885e+02
1.980000e-06	4.556362e-06	1.333668e-08	3.171465e+01	8.728850e+02
1.990000e-06	4.496469e-06	1.326004e-08	3.129777e+01	8.688193e+02
2.000000e-06	4.434792e-06	1.326909e-08	3.086846e+01	8.648725e+02
2.010000e-06	4.371512e-06	1.315892e-08	3.042800e+01	8.609894e+02
2.020000e-06	4.306688e-06	1.313569e-08	2.997680e+01	8.570857e+02
2.030000e-06	4.240367e-06	1.302218e-08	2.951517e+01	8.530593e+02
2.040000e-06	4.172607e-06	1.293393e-08	2.904352e+01	8.488037e+02
2.050000e-06	4.103008e-06	1.288138e-08	2.855907e+01	8.442233e+02
2.060000e-06	4.031822e-06	1.274448e-08	2.806358e+01	8.392460e+02
2.070000e-06	3.959307e-06	1.270642e-08	2.755884e+01	8.338338e+02
2.080000e-06	3.885461e-06	1.261514e-08	2.704483e+01	8.279882e+02
2.090000e-06	3.810130e-06	1.256520e-08	2.652049e+01	8.217503e+02
2.100000e-06	3.733092e-06	1.247348e-08	2.598427e+01	8.151951e+02
2.110000e-06	3.654542e-06	1.234404e-08	2.543751e+01	8.084213e+02
2.120000e-06	3.574691e-06	1.226232e-08	2.488171e+01	8.015374e+02
2.130000e-06	3.493680e-06	1.213933e-08	2.431783e+01	7.946457e+02
2.140000e-06	3.411524e-06	1.206607e-08	2.374599e+01	7.878275e+02
2.150000e-06	3.328287e-06	1.195918e-08	2.316661e+01	7.811301e+02
2.160000e-06	3.243795e-06	1.186526e-08	2.257850e+01	7.745592e+02
2.170000e-06	3.157876e-06	1.176634e-08	2.198046e+01	7.680757e+02
2.180000e-06	3.070831e-06	1.164752e-08	2.137458e+01	7.615999e+02
2.190000e-06	2.982836e-06	1.153530e-08	2.076209e+01	7.550210e+02
2.200000e-06	2.893855e-06	1.139914e-08	2.014274e+01	7.482108e+02
2.210000e-06	2.803887e-06	1.128476e-08	1.951651e+01	7.410409e+02
2.220000e-06	2.713003e-06	1.116652e-08	1.888391e+01	7.334004e+02
2.230000e-06	2.621286e-06	1.105187e-08	1.824551e+01	7.252108e+02
2.240000e-06	2.528629e-06	1.091808e-08	1.760058e+01	7.164376e+02
2.250000e-06	2.434849e-06	1.077749e-08	1.694782e+01	7.070960e+02
2.260000e-06	2.340020e-06	1.063551e-08	1.628776e+01	6.972488e+02
2.270000e-06	2.244456e-06	1.049379e-08	1.562258e+01	6.869982e+02
2.280000e-06	2.148183e-06	1.035286e-08	1.495248e+01	6.764714e+02
2.290000e-06	2.051163e-06	1.020338e-08	1.427716e+01	6.658017e+02
2.300000e-06	1.953483e-06	1.005853e-08	1.359726e+01	6.551078e+02
2.310000e-06	1.855200e-06	9.901965e-09	1.291316e+01	6.444743e+02
2.320000e-06	1.756341e-06	9.738623e-09	1.222505e+01	6.339360e+02
2.330000e-06	1.656930e-06	9.559472e-09	1.153310e+01	6.234677e+02
2.340000e-06	1.557055e-06	9.381756e-09	1.083791e+01	6.129834e+02
2.350000e-06	1.456655e-06	9.205593e-09	1.013908e+01	6.023418e+02
2.360000e-06	1.355559e-06	9.020955e-09	9.435398e+00	5.913622e+02
2.370000e-06	1.253737e-06	8.829852e-09	8.726662e+00	5.798447e+02
2.380000e-06	1.151285e-06	8.630157e-09	8.013544e+00	5.675960e+02
2.390000e-06	1.048324e-06	8.430095e-09	7.296880e+00	5.544544e+02
2.400000e-06	9.450434e-07	8.218848e-09	6.577994e+00	5.403127e+02
2.410000e-06	8.415766e-07	7.993915e-09	5.857812e+00	5.251342e+02
2.420000e-06	7.378870e-07	7.758464e-09	5.136078e+00	5.089594e+02
2.430000e-06	6.339988e-07	7.518634e-09	4.412962e+00	4.919028e+02
2.440000e-06	5.299206e-07	7.275157e-09	3.688523e+00	4.741369e+02
2.450000e-06	4.256162e-07	7.021531e-09	2.962511e+00	4.558669e+02
2.460000e-06	3.211322e-07	6.754200e-09	2.235247e+00	4.372970e+02
2.470000e-06	2.165035e-07	6.478227e-09	1.506978e+00	4.185927e+02
2.480000e-06	1.117950e-07	6.193225e-09	7.781513e-01	3.998433e+02
2.490000e-06	7.056231e-09	5.890835e-09	4.911505e-02	3.810288e+02
2.500000e-06	-9.770127e-08	5.568034e-09	-6.800518e-01	3.619977e+02
2.510000e-06	-2.023852e-07	5.230401e-09	-1.408707e+00	3.424562e+02
2.520000e-06	-3.068819e-07	4.882994e-09	-2.136058e+00	3.219752e+02
2.530000e-06	-4.112160e-07	4.519108e-09	-2.862278e+00	3.000124e+02
2.540000e-06	-5.154837e-07	4.129856e-09	-3.588035e+00	2.759510e+02
2.550000e-06	-6.195876e-07	3.710214e-09	-4.312653e+00	2.491509e+02
2.560000e-06	-7.234419e-07	3.262481e-09	-5.035533e+00	2.190082e+02
2.570000e-06	-8.270716e-07	2.784592e-09	-5.756849e+00	1.850176e+02
2.580000e-06	-9.304153e-07	2.262811e-09	-6.476175e+00	1.468316e+02
2.590000e-06	-1.033427e-06	1.684280e-09	-7.193190e+00	1.043101e+02
2.600000e-06	-1.136085e-06	1.040061e-09	-7.907747e+00	5.755446e+01
2.610000e-06	-1.238211e-06	3.192745e-10	-8.618597e+00	6.923474e+00
2.620000e-06	-1.339613e-06	-4.890891e-10	-9.324403e+00	-4.697313e+01
2.630000e-06	-1.440357e-06	-1.385669e-09	-1.002563e+01	-1.033024e+02
2.640000e-06	-1.540576e-06	-2.346437e-09	-1.072321e+01	-1.610555e+02
2.650000e-06	-1.640326e-06	-3.329677e-09	-1.141752e+01	-2.191118e+02
2.660000e-06	-1.739571e-06	-4.285435e-09	-1.210832e+01	-2.763121e+02
2.670000e-06	-1.838140e-06	-5.175026e-09	-1.279441e+01	-3.315362e+02
2.680000e-06	-1.935977e-06	-5.979332e-09	-1.347541e+01	-3.837778e+02
2.690000e-06	-2.033218e-06	-6.689258e-09	-1.415226e+01	-4.322082e+02
2.700000e-06	-2.129820e-06	-7.308985e-09	-1.482466e+01	-4.762255e+02
2.710000e-06	-2.225711e-06	-7.848422e-09	-1.549211e+01	-5.154836e+02
2.720000e-06	-2.321069e-06	-8.321878e-09	-1.615585e+01	-5.498996e+02
2.730000e-06	-2.415790e-06	-8.743985e-09	-1.681516e+01	-5.796391e+02
2.740000e-06	-2.509463e-06	-9.121196e-09	-1.746717e+01	-6.050826e+02
2.750000e-06	-2.601996e-06	-9.458761e-09	-1.811125e+01	-6.267760e+02
2.760000e-06	-2.693578e-06	-9.766783e-09	-1.874871e+01	-6.453704e+02
2.770000e-06	-2.784208e-06	-1.005180e-08	-1.937954e+01	-6.615589e+02
2.780000e-06	-2.873769e-06	-1.031275e-08	-2.000293e+01	-6.760150e+02
2.790000e-06	-2.962300e-06	-1.055146e-08	-2.061915e+01	-6.893392e+02
2.800000e-06	-3.049936e-06	-1.077254e-08	-2.122915e+01	-7.020180e+02
2.810000e-06	-3.136566e-06	-1.097875e-08	-2.183214e+01	-7.143990e+02
2.820000e-06	-3.221912e-06	-1.117104e-08	-2.242619e+01	-7.266825e+02
2.830000e-06	-3.305982e-06	-1.135276e-08	-2.301136e+01	-7.389294e+02
2.840000e-06	-3.388863e-06	-1.152594e-08	-2.358825e+01	-7.510833e+02
2.850000e-06	-3.470600e-06	-1.168978e-08	-2.415719e+01	-7.630021e+02
2.860000e-06	-3.551229e-06	-1.184189e-08	-2.471841e+01	-7.744965e+02
2.870000e-06	-3.630728e-06	-1.198172e-08	-2.527176e+01	-7.853678e+02
2.880000e-06	-3.708808e-06	-1.211433e-08	-2.581524e+01	-7.954437e+02
2.890000e-06	-3.785259e-06	-1.224256e-08	-2.634738e+01	-8.046053e+02
2.900000e-06	-3.860213e-06	-1.236526e-08	-2.686909e+01	-8.128044e+02
2.910000e-06	-3.933802e-06	-1.247966e-08	-2.738131e+01	-8.200697e+02
2.920000e-06	-4.006066e-06	-1.258669e-08	-2.788431e+01	-8.265013e+02
2.930000e-06	-4.076998e-06	-1.269034e-08	-2.837803e+01	-8.322565e+02
2.940000e-06	-4.146378e-06	-1.279048e-08	-2.886095e+01	-8.375273e+02
2.950000e-06	-4.214139e-06	-1.288373e-08	-2.933261e+01	-8.425160e+02
2.960000e-06	-4.280478e-06	-1.297147e-08	-2.979436e+01	-8.474094e+02
2.970000e-06	-4.345380e-06	-1.305769e-08	-3.024611e+01	-8.523569e+02
2.980000e-06	-4.408867e-06	-1.314203e-08	-3.068801e+01	-8.574547e+02
2.990000e-06	-4.470792e-06	-1.322141e-08	-3.111904e+01	-8.627379e+02
3.000000e-06	-4.530965e-06	-1.329437e-08	-3.153788e+01	-8.681801e+02
3.010000e-06	-4.589476e-06	-1.336348e-08	-3.194514e+01	-8.737028e+02
3.020000e-06	-4.646426e-06	-1.343148e-08	-3.234155e+01	-8.791894e+02
3.030000e-06	-4.701837e-06	-1.349945e-08	-3.272724e+01	-8.845043e+02
3.040000e-06	-4.755435e-06	-1.356478e-08	-3.310031e+01	-8.895138e+02
3.050000e-06	-4.806980e-06	-1.362725e-08	-3.345908e+01	-8.941051e+02
3.060000e-06	-4.856583e-06	-1.368721e-08	-3.380435e+01	-8.982012e+02
3.070000e-06	-4.904167e-06	-1.374471e-08	-3.413556e+01	-9.017712e+02
3.080000e-06	-4.949783e-06	-1.379483e-08	-3.445307e+01	-9.048328e+02
3.090000e-06	-4.993828e-06	-1.383951e-08	-3.475964e+01	-9.074484e+02
3.100000e-06	-5.036371e-06	-1.388461e-08	-3.505577e+01	-9.097152e+02
3.110000e-06	-5.077320e-06	-1.392858e-08	-3.534080e+01	-9.117510e+02
3.120000e-06	-5.116599e-06	-1.396806e-08	-3.561420e+01	-9.136770e+02
3.130000e-06	-5.153980e-06	-1.400497e-08	-3.587439e+01	-9.156019e+02
3.140000e-06	-5.189428e-06	-1.404405e-08	-3.612113e+01	-9.176072e+02
3.150000e-06	-5.223093e-06	-1.408141e-08	-3.635545e+01	-9.197371e+02
3.160000e-06	-5.255058e-06	-1.411255e-08	-3.657794e+01	-9.219945e+02
3.170000e-06	-5.285149e-06	-1.413752e-08	-3.678739e+01	-9.243418e+02
3.180000e-06	-5.313209e-06	-1.416171e-08	-3.698271e+01	-9.267079e+02
3.190000e-06	-5.339414e-06	-1.418638e-08	-3.716510e+01	-9.289999e+02
3.200000e-06	-5.363860e-06	-1.420714e-08	-3.733526e+01	-9.311169e+02
3.210000e-06	-5.386378e-06	-1.422223e-08	-3.749200e+01	-9.329650e+02
3.220000e-06	-5.406841e-06	-1.423397e-08	-3.763443e+01	-9.344706e+02
3.230000e-06	-5.425427e-06	-1.424675e-08	-3.776380e+01	-9.355912e+02
3.240000e-06	-5.442259e-06	-1.426242e-08	-3.788096e+01	-9.363204e+02
3.250000e-06	-5.457166e-06	-1.427619e-08	-3.798472e+01	-9.366889e+02
3.260000e-06	-5.469844e-06	-1.428460e-08	-3.807296e+01	-9.367599e+02
3.270000e-06	-5.480332e-06	-1.429088e-08	-3.814596e+01	-9.366194e+02
3.280000e-06	-5.488955e-06	-1.429758e-08	-3.820598e+01	-9.363646e+02
3.290000e-06	-5.495730e-06	-1.429971e-08	-3.825315e+01	-9.360896e+02
3.300000e-06	-5.500425e-06	-1.429590e-08	-3.828583e+01	-9.358727e+02
3.310000e-06	-5.503160e-06	-1.429015e-08	-3.830486e+01	-9.357659e+02
3.320000e-06	-5.504134e-06	-1.428642e-08	-3.831164e+01	-9.357878e+02
