# Temperatura_=_51.5
# Concentracion g/m^3_=_15500.0
# C_Vs_to_Am_M_A/Vsm_=_65563218390.804596
# pendiente_HvsI_1/m_=_3716.3
# ordenada_HvsI_A/m_=_1297.0
# frecuencia_Hz_=_300799.38671478827

Tiempo_(s)	Campo_(V.s)	Magnetizacion_(V.s)	Campo_(kA/m)	Magnetizacion_(A/m)
0.000000e+00	-5.493590e-06	-1.416146e-08	-3.830507e+01	-9.279895e+02
1.000000e-08	-5.491636e-06	-1.415785e-08	-3.829145e+01	-9.280641e+02
2.000000e-08	-5.487787e-06	-1.415149e-08	-3.826461e+01	-9.281732e+02
3.000000e-08	-5.482181e-06	-1.414566e-08	-3.822552e+01	-9.282383e+02
4.000000e-08	-5.474898e-06	-1.413858e-08	-3.817474e+01	-9.281727e+02
5.000000e-08	-5.465929e-06	-1.412608e-08	-3.811220e+01	-9.278935e+02
6.000000e-08	-5.455096e-06	-1.410857e-08	-3.803667e+01	-9.273343e+02
7.000000e-08	-5.442132e-06	-1.408996e-08	-3.794627e+01	-9.264542e+02
8.000000e-08	-5.427100e-06	-1.406880e-08	-3.784146e+01	-9.252439e+02
9.000000e-08	-5.409768e-06	-1.407221e-08	-3.772060e+01	-9.237269e+02
1.000000e-07	-5.390094e-06	-1.407469e-08	-3.758343e+01	-9.219561e+02
1.100000e-07	-5.368470e-06	-1.403633e-08	-3.743265e+01	-9.200063e+02
1.200000e-07	-5.345110e-06	-1.400402e-08	-3.726977e+01	-9.179632e+02
1.300000e-07	-5.320277e-06	-1.396056e-08	-3.709662e+01	-9.159115e+02
1.400000e-07	-5.293929e-06	-1.389856e-08	-3.691290e+01	-9.139221e+02
1.500000e-07	-5.265751e-06	-1.393006e-08	-3.671642e+01	-9.120421e+02
1.600000e-07	-5.235813e-06	-1.389013e-08	-3.650767e+01	-9.102873e+02
1.700000e-07	-5.204246e-06	-1.381701e-08	-3.628757e+01	-9.086401e+02
1.800000e-07	-5.170795e-06	-1.385922e-08	-3.605432e+01	-9.070505e+02
1.900000e-07	-5.135371e-06	-1.380746e-08	-3.580733e+01	-9.054433e+02
2.000000e-07	-5.098294e-06	-1.374626e-08	-3.554880e+01	-9.037280e+02
2.100000e-07	-5.059500e-06	-1.372344e-08	-3.527830e+01	-9.018109e+02
2.200000e-07	-5.018891e-06	-1.363564e-08	-3.499515e+01	-8.996081e+02
2.300000e-07	-4.976410e-06	-1.360943e-08	-3.469894e+01	-8.970570e+02
2.400000e-07	-4.931956e-06	-1.360273e-08	-3.438898e+01	-8.941255e+02
2.500000e-07	-4.885748e-06	-1.354709e-08	-3.406678e+01	-8.908160e+02
2.600000e-07	-4.837750e-06	-1.351814e-08	-3.373211e+01	-8.871657e+02
2.700000e-07	-4.787754e-06	-1.345319e-08	-3.338350e+01	-8.832415e+02
2.800000e-07	-4.735662e-06	-1.338953e-08	-3.302028e+01	-8.791308e+02
2.900000e-07	-4.681580e-06	-1.332860e-08	-3.264318e+01	-8.749295e+02
3.000000e-07	-4.625859e-06	-1.325830e-08	-3.225466e+01	-8.707284e+02
3.100000e-07	-4.568556e-06	-1.321038e-08	-3.185510e+01	-8.666005e+02
3.200000e-07	-4.509471e-06	-1.317030e-08	-3.144312e+01	-8.625905e+02
3.300000e-07	-4.448697e-06	-1.314068e-08	-3.101936e+01	-8.587076e+02
3.400000e-07	-4.386417e-06	-1.306342e-08	-3.058511e+01	-8.549241e+02
3.500000e-07	-4.322618e-06	-1.297837e-08	-3.014025e+01	-8.511783e+02
3.600000e-07	-4.257338e-06	-1.290868e-08	-2.968508e+01	-8.473823e+02
3.700000e-07	-4.190483e-06	-1.282955e-08	-2.921891e+01	-8.434341e+02
3.800000e-07	-4.121934e-06	-1.276880e-08	-2.874095e+01	-8.392306e+02
3.900000e-07	-4.051919e-06	-1.269426e-08	-2.825275e+01	-8.346826e+02
4.000000e-07	-3.980621e-06	-1.261241e-08	-2.775561e+01	-8.297264e+02
4.100000e-07	-3.907995e-06	-1.254128e-08	-2.724922e+01	-8.243331e+02
4.200000e-07	-3.833942e-06	-1.246011e-08	-2.673287e+01	-8.185127e+02
4.300000e-07	-3.758279e-06	-1.237141e-08	-2.620530e+01	-8.123130e+02
4.400000e-07	-3.680926e-06	-1.227583e-08	-2.566594e+01	-8.058129e+02
4.500000e-07	-3.602058e-06	-1.219528e-08	-2.511601e+01	-7.991113e+02
4.600000e-07	-3.521747e-06	-1.211120e-08	-2.455603e+01	-7.923133e+02
4.700000e-07	-3.440077e-06	-1.201399e-08	-2.398657e+01	-7.855147e+02
4.800000e-07	-3.357202e-06	-1.191228e-08	-2.340871e+01	-7.787876e+02
4.900000e-07	-3.273203e-06	-1.180225e-08	-2.282301e+01	-7.721693e+02
5.000000e-07	-3.188233e-06	-1.170184e-08	-2.223054e+01	-7.656553e+02
5.100000e-07	-3.102363e-06	-1.159429e-08	-2.163180e+01	-7.591984e+02
5.200000e-07	-3.015533e-06	-1.148220e-08	-2.102636e+01	-7.527138e+02
5.300000e-07	-2.927674e-06	-1.137327e-08	-2.041375e+01	-7.460894e+02
5.400000e-07	-2.838863e-06	-1.126343e-08	-1.979450e+01	-7.392000e+02
5.500000e-07	-2.749072e-06	-1.114813e-08	-1.916841e+01	-7.319247e+02
5.600000e-07	-2.658129e-06	-1.101904e-08	-1.853429e+01	-7.241628e+02
5.700000e-07	-2.566093e-06	-1.088446e-08	-1.789256e+01	-7.158487e+02
5.800000e-07	-2.473127e-06	-1.075107e-08	-1.724433e+01	-7.069610e+02
5.900000e-07	-2.379410e-06	-1.062267e-08	-1.659088e+01	-6.975266e+02
6.000000e-07	-2.284972e-06	-1.048909e-08	-1.593239e+01	-6.876172e+02
6.100000e-07	-2.189687e-06	-1.034477e-08	-1.526800e+01	-6.773398e+02
6.200000e-07	-2.093580e-06	-1.019662e-08	-1.459787e+01	-6.668214e+02
6.300000e-07	-1.996788e-06	-1.004876e-08	-1.392298e+01	-6.561896e+02
6.400000e-07	-1.899292e-06	-9.897522e-09	-1.324316e+01	-6.455533e+02
6.500000e-07	-1.800953e-06	-9.734487e-09	-1.255747e+01	-6.349837e+02
6.600000e-07	-1.701777e-06	-9.564422e-09	-1.186596e+01	-6.245005e+02
6.700000e-07	-1.601890e-06	-9.395349e-09	-1.116947e+01	-6.140643e+02
6.800000e-07	-1.501427e-06	-9.224134e-09	-1.046898e+01	-6.035768e+02
6.900000e-07	-1.400525e-06	-9.040350e-09	-9.765422e+00	-5.928893e+02
7.000000e-07	-1.299233e-06	-8.845691e-09	-9.059140e+00	-5.818188e+02
7.100000e-07	-1.197520e-06	-8.649506e-09	-8.349927e+00	-5.701698e+02
7.200000e-07	-1.095396e-06	-8.455655e-09	-7.637853e+00	-5.577592e+02
7.300000e-07	-9.928758e-07	-8.257328e-09	-6.923010e+00	-5.444403e+02
7.400000e-07	-8.899852e-07	-8.045282e-09	-6.205586e+00	-5.301241e+02
7.500000e-07	-7.867825e-07	-7.821900e-09	-5.485986e+00	-5.147922e+02
7.600000e-07	-6.833047e-07	-7.592253e-09	-4.764468e+00	-4.985021e+02
7.700000e-07	-5.795932e-07	-7.355321e-09	-4.041321e+00	-4.813796e+02
7.800000e-07	-4.757264e-07	-7.105392e-09	-3.317090e+00	-4.636017e+02
7.900000e-07	-3.716870e-07	-6.843549e-09	-2.591657e+00	-4.453697e+02
8.000000e-07	-2.674758e-07	-6.574738e-09	-1.865024e+00	-4.268745e+02
8.100000e-07	-1.631887e-07	-6.298889e-09	-1.137863e+00	-4.082600e+02
8.200000e-07	-5.884168e-08	-6.009866e-09	-4.102845e-01	-3.895870e+02
8.300000e-07	4.552593e-08	-5.704483e-09	3.174379e-01	-3.708035e+02
8.400000e-07	1.498378e-07	-5.385326e-09	1.044772e+00	-3.517248e+02
8.500000e-07	2.541036e-07	-5.052121e-09	1.771785e+00	-3.320284e+02
8.600000e-07	3.582832e-07	-4.699132e-09	2.498196e+00	-3.112635e+02
8.700000e-07	4.623171e-07	-4.320328e-09	3.223592e+00	-2.888774e+02
8.800000e-07	5.662054e-07	-3.915184e-09	3.947972e+00	-2.642564e+02
8.900000e-07	6.699353e-07	-3.488116e-09	4.671248e+00	-2.367783e+02
9.000000e-07	7.734552e-07	-3.037055e-09	5.393059e+00	-2.058719e+02
9.100000e-07	8.766965e-07	-2.547108e-09	6.112928e+00	-1.710778e+02
9.200000e-07	9.796176e-07	-2.006469e-09	6.830565e+00	-1.321041e+02
9.300000e-07	1.082158e-06	-1.408573e-09	7.545544e+00	-8.887207e+01
9.400000e-07	1.184303e-06	-7.424395e-10	8.257771e+00	-4.154500e+01
9.500000e-07	1.286049e-06	6.446081e-12	8.967214e+00	9.461453e+00
9.600000e-07	1.387397e-06	8.468998e-10	9.673881e+00	6.349068e+01
9.700000e-07	1.488366e-06	1.763510e-09	1.037790e+01	1.196773e+02
9.800000e-07	1.588888e-06	2.721315e-09	1.107882e+01	1.769979e+02
9.900000e-07	1.688816e-06	3.679848e-09	1.177558e+01	2.343362e+02
1.000000e-06	1.788092e-06	4.599800e-09	1.246780e+01	2.905570e+02
1.010000e-06	1.886596e-06	5.447844e-09	1.315464e+01	3.445814e+02
1.020000e-06	1.984215e-06	6.200583e-09	1.383531e+01	3.954582e+02
1.030000e-06	2.081033e-06	6.856739e-09	1.451039e+01	4.424236e+02
1.040000e-06	2.177105e-06	7.435593e-09	1.518027e+01	4.849443e+02
1.050000e-06	2.272466e-06	7.950505e-09	1.584519e+01	5.227414e+02
1.060000e-06	2.367104e-06	8.400840e-09	1.650507e+01	5.557919e+02
1.070000e-06	2.460980e-06	8.796069e-09	1.715964e+01	5.843106e+02
1.080000e-06	2.554140e-06	9.154750e-09	1.780921e+01	6.087117e+02
1.090000e-06	2.646462e-06	9.487878e-09	1.845295e+01	6.295587e+02
1.100000e-06	2.737755e-06	9.789672e-09	1.908950e+01	6.475036e+02
1.110000e-06	2.827847e-06	1.005612e-08	1.971768e+01	6.632252e+02
1.120000e-06	2.916764e-06	1.029855e-08	2.033768e+01	6.773700e+02
1.130000e-06	3.004736e-06	1.052745e-08	2.095108e+01	6.905030e+02
1.140000e-06	3.091747e-06	1.074183e-08	2.155777e+01	7.030710e+02
1.150000e-06	3.177715e-06	1.093856e-08	2.215721e+01	7.153817e+02
1.160000e-06	3.262669e-06	1.112186e-08	2.274957e+01	7.275998e+02
1.170000e-06	3.346661e-06	1.130066e-08	2.333521e+01	7.397578e+02
1.180000e-06	3.429464e-06	1.147677e-08	2.391257e+01	7.517805e+02
1.190000e-06	3.510901e-06	1.164048e-08	2.448041e+01	7.635176e+02
1.200000e-06	3.591097e-06	1.178632e-08	2.503959e+01	7.747814e+02
1.210000e-06	3.670007e-06	1.192203e-08	2.558980e+01	7.853840e+02
1.220000e-06	3.747592e-06	1.205367e-08	2.613078e+01	7.951697e+02
1.230000e-06	3.823840e-06	1.217818e-08	2.666243e+01	8.040400e+02
1.240000e-06	3.898511e-06	1.229460e-08	2.718309e+01	8.119675e+02
1.250000e-06	3.971534e-06	1.240588e-08	2.769226e+01	8.189990e+02
1.260000e-06	4.043140e-06	1.251607e-08	2.819154e+01	8.252484e+02
1.270000e-06	4.113406e-06	1.262306e-08	2.868148e+01	8.308797e+02
1.280000e-06	4.182310e-06	1.272171e-08	2.916193e+01	8.360856e+02
1.290000e-06	4.249773e-06	1.281208e-08	2.963233e+01	8.410615e+02
1.300000e-06	4.315531e-06	1.289738e-08	3.009084e+01	8.459821e+02
1.310000e-06	4.379709e-06	1.298135e-08	3.053833e+01	8.509810e+02
1.320000e-06	4.442496e-06	1.306321e-08	3.097612e+01	8.561369e+02
1.330000e-06	4.503860e-06	1.314177e-08	3.140400e+01	8.614675e+02
1.340000e-06	4.563722e-06	1.321809e-08	3.182140e+01	8.669325e+02
1.350000e-06	4.621791e-06	1.329281e-08	3.222629e+01	8.724429e+02
1.360000e-06	4.678101e-06	1.336503e-08	3.261892e+01	8.778769e+02
1.370000e-06	4.732835e-06	1.343172e-08	3.300057e+01	8.830996e+02
1.380000e-06	4.785811e-06	1.349260e-08	3.336995e+01	8.879825e+02
1.390000e-06	4.836691e-06	1.354965e-08	3.372472e+01	8.924219e+02
1.400000e-06	4.885520e-06	1.360397e-08	3.406519e+01	8.963525e+02
1.410000e-06	4.932633e-06	1.365665e-08	3.439370e+01	8.997556e+02
1.420000e-06	4.978151e-06	1.370709e-08	3.471108e+01	9.026602e+02
1.430000e-06	5.022017e-06	1.375626e-08	3.501695e+01	9.051373e+02
1.440000e-06	5.063974e-06	1.380463e-08	3.530949e+01	9.072895e+02
1.450000e-06	5.104057e-06	1.384938e-08	3.558898e+01	9.092354e+02
1.460000e-06	5.142476e-06	1.388910e-08	3.585687e+01	9.110937e+02
1.470000e-06	5.179258e-06	1.392536e-08	3.611334e+01	9.129667e+02
1.480000e-06	5.214209e-06	1.396001e-08	3.635704e+01	9.149276e+02
1.490000e-06	5.247177e-06	1.399237e-08	3.658691e+01	9.170114e+02
1.500000e-06	5.278342e-06	1.402136e-08	3.680422e+01	9.192117e+02
1.510000e-06	5.307786e-06	1.404688e-08	3.700952e+01	9.214838e+02
1.520000e-06	5.335354e-06	1.407203e-08	3.720174e+01	9.237523e+02
1.530000e-06	5.360804e-06	1.409772e-08	3.737920e+01	9.259229e+02
1.540000e-06	5.384266e-06	1.412035e-08	3.754279e+01	9.278970e+02
1.550000e-06	5.406018e-06	1.413843e-08	3.769446e+01	9.295856e+02
1.560000e-06	5.426073e-06	1.415540e-08	3.783430e+01	9.309225e+02
1.570000e-06	5.444206e-06	1.417280e-08	3.796073e+01	9.318734e+02
1.580000e-06	5.460247e-06	1.418744e-08	3.807258e+01	9.324401e+02
1.590000e-06	5.474278e-06	1.419803e-08	3.817042e+01	9.326604e+02
1.600000e-06	5.486226e-06	1.420761e-08	3.825372e+01	9.326020e+02
1.610000e-06	5.495961e-06	1.421735e-08	3.832160e+01	9.323529e+02
1.620000e-06	5.503677e-06	1.422376e-08	3.837540e+01	9.320089e+02
1.630000e-06	5.509576e-06	1.422653e-08	3.841654e+01	9.316604e+02
1.640000e-06	5.513659e-06	1.422772e-08	3.844501e+01	9.313799e+02
1.650000e-06	5.515728e-06	1.422858e-08	3.845943e+01	9.312123e+02
1.660000e-06	5.515809e-06	1.422877e-08	3.846000e+01	9.311691e+02
1.670000e-06	5.514133e-06	1.422441e-08	3.844831e+01	9.312278e+02
1.680000e-06	5.510788e-06	1.421864e-08	3.842499e+01	9.313357e+02
1.690000e-06	5.505591e-06	1.421366e-08	3.838875e+01	9.314175e+02
1.700000e-06	5.498456e-06	1.420712e-08	3.833900e+01	9.313873e+02
1.710000e-06	5.489630e-06	1.419692e-08	3.827746e+01	9.311603e+02
1.720000e-06	5.479035e-06	1.418217e-08	3.820359e+01	9.306656e+02
1.730000e-06	5.466426e-06	1.416503e-08	3.811566e+01	9.298562e+02
1.740000e-06	5.451842e-06	1.414897e-08	3.801398e+01	9.287158e+02
1.750000e-06	5.435219e-06	1.409789e-08	3.789807e+01	9.272611e+02
1.760000e-06	5.416033e-06	1.407834e-08	3.776429e+01	9.255390e+02
1.770000e-06	5.394147e-06	1.408071e-08	3.761169e+01	9.236206e+02
1.780000e-06	5.370301e-06	1.406702e-08	3.744542e+01	9.215902e+02
1.790000e-06	5.345402e-06	1.408572e-08	3.727181e+01	9.195338e+02
1.800000e-06	5.319584e-06	1.400123e-08	3.709178e+01	9.175262e+02
1.810000e-06	5.291899e-06	1.395340e-08	3.689875e+01	9.156203e+02
1.820000e-06	5.261918e-06	1.401438e-08	3.668969e+01	9.138392e+02
1.830000e-06	5.230361e-06	1.395446e-08	3.646966e+01	9.121721e+02
1.840000e-06	5.197122e-06	1.393593e-08	3.623789e+01	9.105758e+02
1.850000e-06	5.162046e-06	1.394166e-08	3.599332e+01	9.089798e+02
1.860000e-06	5.125227e-06	1.385103e-08	3.573659e+01	9.072957e+02
1.870000e-06	5.086285e-06	1.386565e-08	3.546506e+01	9.054295e+02
1.880000e-06	5.045605e-06	1.382436e-08	3.518141e+01	9.032941e+02
1.890000e-06	5.003361e-06	1.372556e-08	3.488686e+01	9.008216e+02
1.900000e-06	4.959158e-06	1.371859e-08	3.457865e+01	8.979727e+02
1.910000e-06	4.913168e-06	1.362372e-08	3.425798e+01	8.947422e+02
1.920000e-06	4.865350e-06	1.358818e-08	3.392455e+01	8.911603e+02
1.930000e-06	4.815671e-06	1.356906e-08	3.357815e+01	8.872880e+02
1.940000e-06	4.764271e-06	1.348379e-08	3.321976e+01	8.832093e+02
1.950000e-06	4.710796e-06	1.348159e-08	3.284690e+01	8.790195e+02
1.960000e-06	4.655452e-06	1.339605e-08	3.246100e+01	8.748114e+02
1.970000e-06	4.598495e-06	1.332223e-08	3.206386e+01	8.706631e+02
1.980000e-06	4.539934e-06	1.325675e-08	3.165553e+01	8.666258e+02
1.990000e-06	4.479850e-06	1.316932e-08	3.123658e+01	8.627169e+02
2.000000e-06	4.418034e-06	1.316304e-08	3.080556e+01	8.589163e+02
2.010000e-06	4.354612e-06	1.307967e-08	3.036334e+01	8.551691e+02
2.020000e-06	4.289697e-06	1.302913e-08	2.991070e+01	8.513923e+02
2.030000e-06	4.223292e-06	1.296014e-08	2.944769e+01	8.474855e+02
2.040000e-06	4.155377e-06	1.285619e-08	2.897414e+01	8.433450e+02
2.050000e-06	4.085724e-06	1.280242e-08	2.848847e+01	8.388773e+02
2.060000e-06	4.014542e-06	1.268822e-08	2.799214e+01	8.340124e+02
2.070000e-06	3.942058e-06	1.262626e-08	2.748673e+01	8.287133e+02
2.080000e-06	3.868212e-06	1.254944e-08	2.697182e+01	8.229817e+02
2.090000e-06	3.792817e-06	1.246585e-08	2.644612e+01	8.168576e+02
2.100000e-06	3.715769e-06	1.238890e-08	2.590889e+01	8.104141e+02
2.110000e-06	3.637264e-06	1.226804e-08	2.536150e+01	8.037469e+02
2.120000e-06	3.557499e-06	1.219022e-08	2.480532e+01	7.969610e+02
2.130000e-06	3.476558e-06	1.208732e-08	2.424094e+01	7.901555e+02
2.140000e-06	3.394406e-06	1.199809e-08	2.366813e+01	7.834087e+02
2.150000e-06	3.311082e-06	1.189926e-08	2.308713e+01	7.767660e+02
2.160000e-06	3.226559e-06	1.178587e-08	2.249778e+01	7.702322e+02
2.170000e-06	3.140712e-06	1.168617e-08	2.189919e+01	7.637692e+02
2.180000e-06	3.053670e-06	1.156009e-08	2.129228e+01	7.572993e+02
2.190000e-06	2.965625e-06	1.144800e-08	2.067837e+01	7.507152e+02
2.200000e-06	2.876697e-06	1.133149e-08	2.005830e+01	7.438933e+02
2.210000e-06	2.786850e-06	1.121732e-08	1.943183e+01	7.367102e+02
2.220000e-06	2.696035e-06	1.110235e-08	1.879860e+01	7.290595e+02
2.230000e-06	2.604253e-06	1.097548e-08	1.815864e+01	7.208672e+02
2.240000e-06	2.511543e-06	1.084235e-08	1.751220e+01	7.121019e+02
2.250000e-06	2.417850e-06	1.070058e-08	1.685891e+01	7.027800e+02
2.260000e-06	2.323137e-06	1.055805e-08	1.619850e+01	6.929645e+02
2.270000e-06	2.227651e-06	1.041525e-08	1.553271e+01	6.827558e+02
2.280000e-06	2.131467e-06	1.027257e-08	1.486205e+01	6.722780e+02
2.290000e-06	2.034569e-06	1.012874e-08	1.418641e+01	6.616605e+02
2.300000e-06	1.936995e-06	9.983303e-09	1.350605e+01	6.510177e+02
2.310000e-06	1.838806e-06	9.826011e-09	1.282142e+01	6.404302e+02
2.320000e-06	1.740066e-06	9.658927e-09	1.213293e+01	6.299299e+02
2.330000e-06	1.640821e-06	9.486285e-09	1.144093e+01	6.194900e+02
2.340000e-06	1.541087e-06	9.314303e-09	1.074552e+01	6.090246e+02
2.350000e-06	1.440739e-06	9.135735e-09	1.004582e+01	5.983945e+02
2.360000e-06	1.339725e-06	8.944442e-09	9.341482e+00	5.874225e+02
2.370000e-06	1.238086e-06	8.750828e-09	8.632781e+00	5.759138e+02
2.380000e-06	1.135887e-06	8.555437e-09	7.920184e+00	5.636804e+02
2.390000e-06	1.033201e-06	8.356088e-09	7.204185e+00	5.505660e+02
2.400000e-06	9.301277e-07	8.143175e-09	6.485487e+00	5.364676e+02
2.410000e-06	8.267441e-07	7.919015e-09	5.764626e+00	5.213512e+02
2.420000e-06	7.231011e-07	7.690070e-09	5.041956e+00	5.052580e+02
2.430000e-06	6.192830e-07	7.453803e-09	4.318065e+00	4.883004e+02
2.440000e-06	5.152555e-07	7.207997e-09	3.592714e+00	4.706464e+02
2.450000e-06	4.110941e-07	6.952451e-09	2.866429e+00	4.524948e+02
2.460000e-06	3.068510e-07	6.688638e-09	2.139576e+00	4.340417e+02
2.470000e-06	2.024501e-07	6.416149e-09	1.411621e+00	4.154444e+02
2.480000e-06	9.795656e-08	6.130941e-09	6.830202e-01	3.967842e+02
2.490000e-06	-6.520429e-09	5.827836e-09	-4.546489e-02	3.780352e+02
2.500000e-06	-1.109544e-07	5.507953e-09	-7.736502e-01	3.590424e+02
2.510000e-06	-2.153464e-07	5.174987e-09	-1.501543e+00	3.395123e+02
2.520000e-06	-3.196870e-07	4.828315e-09	-2.229076e+00	3.190200e+02
2.530000e-06	-4.239392e-07	4.462610e-09	-2.955994e+00	2.970317e+02
2.540000e-06	-5.280209e-07	4.073056e-09	-3.681723e+00	2.729426e+02
2.550000e-06	-6.318947e-07	3.657929e-09	-4.406002e+00	2.461276e+02
2.560000e-06	-7.355869e-07	3.214761e-09	-5.129016e+00	2.159993e+02
2.570000e-06	-8.390606e-07	2.735950e-09	-5.850505e+00	1.820693e+02
2.580000e-06	-9.422318e-07	2.211256e-09	-6.569885e+00	1.440058e+02
2.590000e-06	-1.045007e-06	1.632772e-09	-7.286504e+00	1.016811e+02
2.600000e-06	-1.147314e-06	9.909097e-10	-7.999861e+00	5.520522e+01
2.610000e-06	-1.249130e-06	2.716623e-10	-8.709789e+00	4.939853e+00
2.620000e-06	-1.350399e-06	-5.354842e-10	-9.415909e+00	-4.850797e+01
2.630000e-06	-1.451063e-06	-1.425100e-09	-1.011781e+01	-1.043139e+02
2.640000e-06	-1.551144e-06	-2.370994e-09	-1.081564e+01	-1.614833e+02
2.650000e-06	-1.650638e-06	-3.335762e-09	-1.150938e+01	-2.189139e+02
2.660000e-06	-1.749475e-06	-4.277867e-09	-1.219854e+01	-2.754679e+02
2.670000e-06	-1.847714e-06	-5.159578e-09	-1.288353e+01	-3.300483e+02
2.680000e-06	-1.945423e-06	-5.953694e-09	-1.356482e+01	-3.816711e+02
2.690000e-06	-2.042510e-06	-6.651311e-09	-1.424178e+01	-4.295278e+02
2.700000e-06	-2.138872e-06	-7.264041e-09	-1.491368e+01	-4.730332e+02
2.710000e-06	-2.234558e-06	-7.803205e-09	-1.558087e+01	-5.118529e+02
2.720000e-06	-2.329636e-06	-8.276436e-09	-1.624382e+01	-5.459101e+02
2.730000e-06	-2.424006e-06	-8.693471e-09	-1.690183e+01	-5.753710e+02
2.740000e-06	-2.517459e-06	-9.066251e-09	-1.755345e+01	-6.006112e+02
2.750000e-06	-2.609793e-06	-9.403573e-09	-1.819726e+01	-6.221669e+02
2.760000e-06	-2.701004e-06	-9.709933e-09	-1.883325e+01	-6.406765e+02
2.770000e-06	-2.791246e-06	-9.989913e-09	-1.946248e+01	-6.568180e+02
2.780000e-06	-2.880543e-06	-1.024698e-08	-2.008512e+01	-6.712496e+02
2.790000e-06	-2.968830e-06	-1.048535e-08	-2.070072e+01	-6.845574e+02
2.800000e-06	-3.056133e-06	-1.070777e-08	-2.130945e+01	-6.972156e+02
2.810000e-06	-3.142427e-06	-1.091350e-08	-2.191116e+01	-7.095627e+02
2.820000e-06	-3.227508e-06	-1.110370e-08	-2.250439e+01	-7.217936e+02
2.830000e-06	-3.311267e-06	-1.128254e-08	-2.308842e+01	-7.339675e+02
2.840000e-06	-3.393853e-06	-1.145154e-08	-2.366426e+01	-7.460298e+02
2.850000e-06	-3.475382e-06	-1.161072e-08	-2.423275e+01	-7.578431e+02
2.860000e-06	-3.555775e-06	-1.176143e-08	-2.479330e+01	-7.692247e+02
2.870000e-06	-3.634920e-06	-1.190586e-08	-2.534515e+01	-7.799835e+02
2.880000e-06	-3.712719e-06	-1.204367e-08	-2.588762e+01	-7.899547e+02
2.890000e-06	-3.788928e-06	-1.217286e-08	-2.641900e+01	-7.990260e+02
2.900000e-06	-3.863597e-06	-1.229159e-08	-2.693964e+01	-8.071539e+02
2.910000e-06	-3.936925e-06	-1.240053e-08	-2.745094e+01	-8.143699e+02
2.920000e-06	-4.008837e-06	-1.250376e-08	-2.795235e+01	-8.207744e+02
2.930000e-06	-4.079388e-06	-1.260395e-08	-2.844428e+01	-8.265225e+02
2.940000e-06	-4.148427e-06	-1.270189e-08	-2.892567e+01	-8.318027e+02
2.950000e-06	-4.215802e-06	-1.279787e-08	-2.939546e+01	-8.368121e+02
2.960000e-06	-4.281731e-06	-1.289070e-08	-2.985516e+01	-8.417316e+02
2.970000e-06	-4.346284e-06	-1.297878e-08	-3.030527e+01	-8.467050e+02
2.980000e-06	-4.409438e-06	-1.306185e-08	-3.074562e+01	-8.518236e+02
2.990000e-06	-4.471074e-06	-1.313963e-08	-3.117539e+01	-8.571182e+02
3.000000e-06	-4.530928e-06	-1.321081e-08	-3.159274e+01	-8.625604e+02
3.010000e-06	-4.589087e-06	-1.327664e-08	-3.199826e+01	-8.680704e+02
3.020000e-06	-4.645775e-06	-1.334319e-08	-3.239353e+01	-8.735320e+02
3.030000e-06	-4.700861e-06	-1.341209e-08	-3.277762e+01	-8.788112e+02
3.040000e-06	-4.754023e-06	-1.347938e-08	-3.314831e+01	-8.837767e+02
3.050000e-06	-4.805153e-06	-1.354373e-08	-3.350482e+01	-8.883180e+02
3.060000e-06	-4.854418e-06	-1.360438e-08	-3.384833e+01	-8.923608e+02
3.070000e-06	-4.901721e-06	-1.366115e-08	-3.417816e+01	-8.958760e+02
3.080000e-06	-4.947096e-06	-1.370894e-08	-3.449454e+01	-8.988827e+02
3.090000e-06	-4.990862e-06	-1.375130e-08	-3.479971e+01	-9.014436e+02
3.100000e-06	-5.033048e-06	-1.379307e-08	-3.509386e+01	-9.036556e+02
3.110000e-06	-5.073630e-06	-1.383370e-08	-3.537682e+01	-9.056354e+02
3.120000e-06	-5.112574e-06	-1.387282e-08	-3.564837e+01	-9.075030e+02
3.130000e-06	-5.149643e-06	-1.391023e-08	-3.590684e+01	-9.093655e+02
3.140000e-06	-5.184739e-06	-1.394790e-08	-3.615155e+01	-9.113032e+02
3.150000e-06	-5.218020e-06	-1.398293e-08	-3.638361e+01	-9.133597e+02
3.160000e-06	-5.249633e-06	-1.401182e-08	-3.660404e+01	-9.155375e+02
3.170000e-06	-5.279408e-06	-1.403536e-08	-3.681165e+01	-9.177997e+02
3.180000e-06	-5.307136e-06	-1.405797e-08	-3.700499e+01	-9.200764e+02
3.190000e-06	-5.333041e-06	-1.408143e-08	-3.718562e+01	-9.222763e+02
3.200000e-06	-5.357162e-06	-1.410091e-08	-3.735381e+01	-9.243004e+02
3.210000e-06	-5.379387e-06	-1.411492e-08	-3.750877e+01	-9.260566e+02
3.220000e-06	-5.399603e-06	-1.412819e-08	-3.764973e+01	-9.274729e+02
3.230000e-06	-5.417917e-06	-1.414245e-08	-3.777743e+01	-9.285076e+02
3.240000e-06	-5.434499e-06	-1.415664e-08	-3.789305e+01	-9.291545e+02
3.250000e-06	-5.449135e-06	-1.416706e-08	-3.799510e+01	-9.294442e+02
3.260000e-06	-5.461524e-06	-1.417354e-08	-3.808149e+01	-9.294386e+02
3.270000e-06	-5.471731e-06	-1.417836e-08	-3.815265e+01	-9.292222e+02
3.280000e-06	-5.480027e-06	-1.418196e-08	-3.821051e+01	-9.288905e+02
3.290000e-06	-5.486437e-06	-1.417960e-08	-3.825520e+01	-9.285361e+02
3.300000e-06	-5.490879e-06	-1.417190e-08	-3.828617e+01	-9.282361e+02
3.310000e-06	-5.493450e-06	-1.416635e-08	-3.830410e+01	-9.280420e+02
3.320000e-06	-5.494206e-06	-1.416398e-08	-3.830937e+01	-9.279729e+02
