# Temperatura_=_25.42
# Concentracion g/m^3_=_13400.0
# C_Vs_to_Am_M_A/Vsm_=_65563218390.804596
# pendiente_HvsI_1/m_=_3716.3
# ordenada_HvsI_A/m_=_1297.0
# frecuencia_Hz_=_300983.35230136814

Tiempo_(s)	Campo_(V.s)	Magnetizacion_(V.s)	Campo_(kA/m)	Magnetizacion_(A/m)
0.000000e+00	-2.863092e-06	-3.286386e-09	-1.978602e+01	-2.153885e+02
1.000000e-08	-2.862170e-06	-3.290665e-09	-1.977965e+01	-2.153924e+02
2.000000e-08	-2.860201e-06	-3.292979e-09	-1.976604e+01	-2.153569e+02
3.000000e-08	-2.856893e-06	-3.292622e-09	-1.974318e+01	-2.152715e+02
4.000000e-08	-2.852635e-06	-3.288973e-09	-1.971375e+01	-2.151265e+02
5.000000e-08	-2.847646e-06	-3.281491e-09	-1.967928e+01	-2.149154e+02
6.000000e-08	-2.841805e-06	-3.268809e-09	-1.963891e+01	-2.146369e+02
7.000000e-08	-2.834992e-06	-3.256483e-09	-1.959183e+01	-2.142952e+02
8.000000e-08	-2.827140e-06	-3.303903e-09	-1.953756e+01	-2.138984e+02
9.000000e-08	-2.818098e-06	-3.352463e-09	-1.947508e+01	-2.134568e+02
1.000000e-07	-2.807441e-06	-3.296063e-09	-1.940143e+01	-2.129803e+02
1.100000e-07	-2.795526e-06	-3.119748e-09	-1.931909e+01	-2.124766e+02
1.200000e-07	-2.783002e-06	-3.174445e-09	-1.923254e+01	-2.119504e+02
1.300000e-07	-2.769647e-06	-3.355870e-09	-1.914025e+01	-2.114040e+02
1.400000e-07	-2.755218e-06	-3.236110e-09	-1.904053e+01	-2.108376e+02
1.500000e-07	-2.739800e-06	-3.114457e-09	-1.893398e+01	-2.102502e+02
1.600000e-07	-2.723163e-06	-3.284548e-09	-1.881901e+01	-2.096407e+02
1.700000e-07	-2.705241e-06	-3.310990e-09	-1.869516e+01	-2.090074e+02
1.800000e-07	-2.686533e-06	-3.074235e-09	-1.856587e+01	-2.083476e+02
1.900000e-07	-2.667186e-06	-3.181603e-09	-1.843217e+01	-2.076580e+02
2.000000e-07	-2.646905e-06	-3.268152e-09	-1.829202e+01	-2.069340e+02
2.100000e-07	-2.625662e-06	-3.020156e-09	-1.814521e+01	-2.061711e+02
2.200000e-07	-2.603702e-06	-3.091403e-09	-1.799345e+01	-2.053651e+02
2.300000e-07	-2.580874e-06	-3.296483e-09	-1.783569e+01	-2.045138e+02
2.400000e-07	-2.557061e-06	-3.121690e-09	-1.767113e+01	-2.036171e+02
2.500000e-07	-2.532554e-06	-3.031428e-09	-1.750176e+01	-2.026767e+02
2.600000e-07	-2.507159e-06	-3.103647e-09	-1.732627e+01	-2.016949e+02
2.700000e-07	-2.480553e-06	-3.060784e-09	-1.714240e+01	-2.006734e+02
2.800000e-07	-2.452831e-06	-3.046789e-09	-1.695082e+01	-1.996118e+02
2.900000e-07	-2.424195e-06	-3.028297e-09	-1.675292e+01	-1.985074e+02
3.000000e-07	-2.394704e-06	-2.976100e-09	-1.654912e+01	-1.973559e+02
3.100000e-07	-2.364517e-06	-3.029041e-09	-1.634051e+01	-1.961537e+02
3.200000e-07	-2.333666e-06	-3.048493e-09	-1.612731e+01	-1.948992e+02
3.300000e-07	-2.301997e-06	-2.926013e-09	-1.590845e+01	-1.935954e+02
3.400000e-07	-2.269656e-06	-2.919337e-09	-1.568495e+01	-1.922497e+02
3.500000e-07	-2.236715e-06	-2.906758e-09	-1.545730e+01	-1.908727e+02
3.600000e-07	-2.202879e-06	-2.865761e-09	-1.522347e+01	-1.894760e+02
3.700000e-07	-2.167809e-06	-2.914193e-09	-1.498111e+01	-1.880686e+02
3.800000e-07	-2.131751e-06	-2.866420e-09	-1.473193e+01	-1.866544e+02
3.900000e-07	-2.095163e-06	-2.796756e-09	-1.447908e+01	-1.852309e+02
4.000000e-07	-2.057950e-06	-2.837653e-09	-1.422191e+01	-1.837900e+02
4.100000e-07	-2.019978e-06	-2.823714e-09	-1.395950e+01	-1.823205e+02
4.200000e-07	-1.981253e-06	-2.720638e-09	-1.369188e+01	-1.808118e+02
4.300000e-07	-1.941749e-06	-2.708073e-09	-1.341888e+01	-1.792569e+02
4.400000e-07	-1.901645e-06	-2.721164e-09	-1.314173e+01	-1.776544e+02
4.500000e-07	-1.861149e-06	-2.707926e-09	-1.286188e+01	-1.760086e+02
4.600000e-07	-1.820167e-06	-2.675285e-09	-1.257866e+01	-1.743271e+02
4.700000e-07	-1.778367e-06	-2.630856e-09	-1.228979e+01	-1.726181e+02
4.800000e-07	-1.735490e-06	-2.593976e-09	-1.199348e+01	-1.708866e+02
4.900000e-07	-1.691702e-06	-2.579400e-09	-1.169088e+01	-1.691324e+02
5.000000e-07	-1.647405e-06	-2.561996e-09	-1.138475e+01	-1.673502e+02
5.100000e-07	-1.602721e-06	-2.511562e-09	-1.107595e+01	-1.655306e+02
5.200000e-07	-1.557548e-06	-2.488580e-09	-1.076377e+01	-1.636637e+02
5.300000e-07	-1.511802e-06	-2.475244e-09	-1.044764e+01	-1.617419e+02
5.400000e-07	-1.465502e-06	-2.448775e-09	-1.012767e+01	-1.597624e+02
5.500000e-07	-1.418666e-06	-2.397730e-09	-9.803999e+00	-1.577282e+02
5.600000e-07	-1.371308e-06	-2.351646e-09	-9.476722e+00	-1.556465e+02
5.700000e-07	-1.323517e-06	-2.326708e-09	-9.146453e+00	-1.535263e+02
5.800000e-07	-1.275297e-06	-2.315060e-09	-8.813220e+00	-1.513756e+02
5.900000e-07	-1.226724e-06	-2.284883e-09	-8.477546e+00	-1.491982e+02
6.000000e-07	-1.177700e-06	-2.231481e-09	-8.138753e+00	-1.469929e+02
6.100000e-07	-1.128000e-06	-2.194307e-09	-7.795292e+00	-1.447537e+02
6.200000e-07	-1.077499e-06	-2.163970e-09	-7.446293e+00	-1.424714e+02
6.300000e-07	-1.026325e-06	-2.133412e-09	-7.092645e+00	-1.401363e+02
6.400000e-07	-9.747043e-07	-2.085382e-09	-6.735906e+00	-1.377402e+02
6.500000e-07	-9.227149e-07	-2.041245e-09	-6.376622e+00	-1.352784e+02
6.600000e-07	-8.704269e-07	-2.013087e-09	-6.015275e+00	-1.327496e+02
6.700000e-07	-8.178970e-07	-1.984523e-09	-5.652255e+00	-1.301557e+02
6.800000e-07	-7.651575e-07	-1.938827e-09	-5.287788e+00	-1.275000e+02
6.900000e-07	-7.121235e-07	-1.884931e-09	-4.921285e+00	-1.247857e+02
7.000000e-07	-6.587587e-07	-1.844698e-09	-4.552495e+00	-1.220146e+02
7.100000e-07	-6.051287e-07	-1.807856e-09	-4.181873e+00	-1.191863e+02
7.200000e-07	-5.513109e-07	-1.765913e-09	-3.809954e+00	-1.162986e+02
7.300000e-07	-4.973086e-07	-1.713046e-09	-3.436760e+00	-1.133473e+02
7.400000e-07	-4.431239e-07	-1.664048e-09	-3.062304e+00	-1.103278e+02
7.500000e-07	-3.888225e-07	-1.621291e-09	-2.687042e+00	-1.072353e+02
7.600000e-07	-3.344220e-07	-1.577787e-09	-2.311096e+00	-1.040654e+02
7.700000e-07	-2.799449e-07	-1.523466e-09	-1.934620e+00	-1.008145e+02
7.800000e-07	-2.253993e-07	-1.466019e-09	-1.557671e+00	-9.747997e+01
7.900000e-07	-1.707567e-07	-1.417297e-09	-1.180051e+00	-9.405975e+01
8.000000e-07	-1.160463e-07	-1.367208e-09	-8.019630e-01	-9.055270e+01
8.100000e-07	-6.134071e-08	-1.311145e-09	-4.239083e-01	-8.695830e+01
8.200000e-07	-6.648770e-09	-1.248441e-09	-4.594777e-02	-8.327659e+01
8.300000e-07	4.804206e-08	-1.192064e-09	3.320051e-01	-7.950790e+01
8.400000e-07	1.027306e-07	-1.139251e-09	7.099424e-01	-7.565243e+01
8.500000e-07	1.573834e-07	-1.082997e-09	1.087632e+00	-7.170983e+01
8.600000e-07	2.119333e-07	-1.018040e-09	1.464611e+00	-6.767857e+01
8.700000e-07	2.664147e-07	-9.519667e-10	1.841117e+00	-6.355552e+01
8.800000e-07	3.208697e-07	-8.913040e-10	2.217440e+00	-5.933562e+01
8.900000e-07	3.752415e-07	-8.278671e-10	2.593188e+00	-5.501177e+01
9.000000e-07	4.295043e-07	-7.594877e-10	2.968183e+00	-5.057513e+01
9.100000e-07	4.836543e-07	-6.876244e-10	3.342398e+00	-4.601548e+01
9.200000e-07	5.376726e-07	-6.177583e-10	3.715703e+00	-4.132194e+01
9.300000e-07	5.914741e-07	-5.458045e-10	4.087511e+00	-3.648362e+01
9.400000e-07	6.450020e-07	-4.697326e-10	4.457427e+00	-3.149022e+01
9.500000e-07	6.982619e-07	-3.883699e-10	4.825491e+00	-2.633244e+01
9.600000e-07	7.512602e-07	-3.067361e-10	5.191747e+00	-2.100192e+01
9.700000e-07	8.040004e-07	-2.274225e-10	5.556220e+00	-1.549087e+01
9.800000e-07	8.564583e-07	-1.433892e-10	5.918741e+00	-9.791304e+00
9.900000e-07	9.086302e-07	-4.985212e-11	6.279286e+00	-3.894247e+00
1.000000e-06	9.604358e-07	5.007683e-11	6.637300e+00	2.210804e+00
1.010000e-06	1.011852e-06	1.468032e-10	6.992621e+00	8.535694e+00
1.020000e-06	1.062793e-06	2.444225e-10	7.344665e+00	1.509238e+01
1.030000e-06	1.113059e-06	3.462065e-10	7.692040e+00	2.189051e+01
1.040000e-06	1.162608e-06	4.540261e-10	8.034458e+00	2.893408e+01
1.050000e-06	1.211535e-06	5.642804e-10	8.372579e+00	3.621762e+01
1.060000e-06	1.260050e-06	6.765830e-10	8.707853e+00	4.372292e+01
1.070000e-06	1.308324e-06	7.949423e-10	9.041457e+00	5.141696e+01
1.080000e-06	1.356281e-06	9.189046e-10	9.372876e+00	5.925193e+01
1.090000e-06	1.403756e-06	1.041049e-09	9.700964e+00	6.716749e+01
1.100000e-06	1.450668e-06	1.158594e-09	1.002516e+01	7.509501e+01
1.110000e-06	1.497032e-06	1.277236e-09	1.034557e+01	8.296308e+01
1.120000e-06	1.542852e-06	1.394861e-09	1.066222e+01	9.070310e+01
1.130000e-06	1.588116e-06	1.509074e-09	1.097502e+01	9.825400e+01
1.140000e-06	1.632908e-06	1.617317e-09	1.128457e+01	1.055652e+02
1.150000e-06	1.677362e-06	1.721162e-09	1.159177e+01	1.125979e+02
1.160000e-06	1.721472e-06	1.823115e-09	1.189661e+01	1.193239e+02
1.170000e-06	1.764983e-06	1.921926e-09	1.219730e+01	1.257249e+02
1.180000e-06	1.807595e-06	2.014230e-09	1.249178e+01	1.317901e+02
1.190000e-06	1.849165e-06	2.099599e-09	1.277906e+01	1.375151e+02
1.200000e-06	1.889948e-06	2.180599e-09	1.306090e+01	1.429014e+02
1.210000e-06	1.930221e-06	2.257267e-09	1.333921e+01	1.479560e+02
1.220000e-06	1.969942e-06	2.327662e-09	1.361371e+01	1.526909e+02
1.230000e-06	2.009063e-06	2.390956e-09	1.388407e+01	1.571227e+02
1.240000e-06	2.047535e-06	2.451687e-09	1.414994e+01	1.612707e+02
1.250000e-06	2.085218e-06	2.511477e-09	1.441035e+01	1.651545e+02
1.260000e-06	2.122162e-06	2.567201e-09	1.466566e+01	1.687918e+02
1.270000e-06	2.158583e-06	2.618451e-09	1.491735e+01	1.721967e+02
1.280000e-06	2.194385e-06	2.664942e-09	1.516477e+01	1.753795e+02
1.290000e-06	2.229219e-06	2.707871e-09	1.540551e+01	1.783472e+02
1.300000e-06	2.262936e-06	2.746324e-09	1.563851e+01	1.811065e+02
1.310000e-06	2.295765e-06	2.780175e-09	1.586538e+01	1.836657e+02
1.320000e-06	2.327948e-06	2.811413e-09	1.608779e+01	1.860374e+02
1.330000e-06	2.359392e-06	2.844584e-09	1.630509e+01	1.882386e+02
1.340000e-06	2.390025e-06	2.877719e-09	1.651679e+01	1.902901e+02
1.350000e-06	2.419857e-06	2.907226e-09	1.672295e+01	1.922134e+02
1.360000e-06	2.448864e-06	2.933195e-09	1.692341e+01	1.940280e+02
1.370000e-06	2.477241e-06	2.957357e-09	1.711951e+01	1.957482e+02
1.380000e-06	2.504891e-06	2.981309e-09	1.731060e+01	1.973825e+02
1.390000e-06	2.531381e-06	3.002553e-09	1.749366e+01	1.989332e+02
1.400000e-06	2.556678e-06	3.021721e-09	1.766848e+01	2.003990e+02
1.410000e-06	2.581036e-06	3.041659e-09	1.783681e+01	2.017781e+02
1.420000e-06	2.604489e-06	3.062422e-09	1.799889e+01	2.030704e+02
1.430000e-06	2.626992e-06	3.081116e-09	1.815440e+01	2.042790e+02
1.440000e-06	2.648583e-06	3.098057e-09	1.830361e+01	2.054107e+02
1.450000e-06	2.669420e-06	3.115576e-09	1.844761e+01	2.064736e+02
1.460000e-06	2.689597e-06	3.133054e-09	1.858704e+01	2.074757e+02
1.470000e-06	2.708870e-06	3.148369e-09	1.872024e+01	2.084219e+02
1.480000e-06	2.727024e-06	3.160754e-09	1.884569e+01	2.093139e+02
1.490000e-06	2.744198e-06	3.171743e-09	1.896438e+01	2.101500e+02
1.500000e-06	2.760413e-06	3.184722e-09	1.907644e+01	2.109270e+02
1.510000e-06	2.775526e-06	3.198316e-09	1.918087e+01	2.116424e+02
1.520000e-06	2.789574e-06	3.208766e-09	1.927796e+01	2.122956e+02
1.530000e-06	2.802624e-06	3.218122e-09	1.936814e+01	2.128892e+02
1.540000e-06	2.814701e-06	3.228668e-09	1.945160e+01	2.134280e+02
1.550000e-06	2.825510e-06	3.238736e-09	1.952630e+01	2.139174e+02
1.560000e-06	2.834933e-06	3.246064e-09	1.959142e+01	2.143618e+02
1.570000e-06	2.843339e-06	3.251550e-09	1.964952e+01	2.147628e+02
1.580000e-06	2.850855e-06	3.257996e-09	1.970146e+01	2.151197e+02
1.590000e-06	2.857435e-06	3.265468e-09	1.974692e+01	2.154300e+02
1.600000e-06	2.863082e-06	3.272086e-09	1.978595e+01	2.156916e+02
1.610000e-06	2.867857e-06	3.275310e-09	1.981895e+01	2.159044e+02
1.620000e-06	2.871803e-06	3.277507e-09	1.984622e+01	2.160716e+02
1.630000e-06	2.874531e-06	3.282289e-09	1.986507e+01	2.161986e+02
1.640000e-06	2.875974e-06	3.287004e-09	1.987505e+01	2.162921e+02
1.650000e-06	2.876474e-06	3.290236e-09	1.987850e+01	2.163573e+02
1.660000e-06	2.876053e-06	3.291705e-09	1.987559e+01	2.163954e+02
1.670000e-06	2.874748e-06	3.288819e-09	1.986657e+01	2.164030e+02
1.680000e-06	2.872589e-06	3.288023e-09	1.985165e+01	2.163723e+02
1.690000e-06	2.869567e-06	3.288741e-09	1.983077e+01	2.162929e+02
1.700000e-06	2.865783e-06	3.287574e-09	1.980462e+01	2.161548e+02
1.710000e-06	2.861012e-06	3.288177e-09	1.977164e+01	2.159510e+02
1.720000e-06	2.855004e-06	3.298553e-09	1.973013e+01	2.156798e+02
1.730000e-06	2.847970e-06	3.293681e-09	1.968151e+01	2.153446e+02
1.740000e-06	2.840121e-06	3.201929e-09	1.962728e+01	2.149534e+02
1.750000e-06	2.830994e-06	3.159607e-09	1.956420e+01	2.145162e+02
1.760000e-06	2.820160e-06	3.293014e-09	1.948933e+01	2.140432e+02
1.770000e-06	2.808375e-06	3.374947e-09	1.940788e+01	2.135422e+02
1.780000e-06	2.796541e-06	3.250739e-09	1.932611e+01	2.130184e+02
1.790000e-06	2.784068e-06	3.113180e-09	1.923991e+01	2.124742e+02
1.800000e-06	2.769784e-06	3.293847e-09	1.914120e+01	2.119101e+02
1.810000e-06	2.754141e-06	3.257555e-09	1.903309e+01	2.113251e+02
1.820000e-06	2.738095e-06	3.047457e-09	1.892220e+01	2.107182e+02
1.830000e-06	2.721034e-06	3.226777e-09	1.880430e+01	2.100876e+02
1.840000e-06	2.702543e-06	3.319227e-09	1.867651e+01	2.094309e+02
1.850000e-06	2.683312e-06	3.076235e-09	1.854361e+01	2.087448e+02
1.860000e-06	2.663448e-06	3.118397e-09	1.840633e+01	2.080249e+02
1.870000e-06	2.642342e-06	3.327982e-09	1.826048e+01	2.072664e+02
1.880000e-06	2.620098e-06	3.087530e-09	1.810676e+01	2.064653e+02
1.890000e-06	2.596974e-06	2.969745e-09	1.794695e+01	2.056191e+02
1.900000e-06	2.572743e-06	3.202589e-09	1.777950e+01	2.047273e+02
1.910000e-06	2.547803e-06	3.149688e-09	1.760715e+01	2.037915e+02
1.920000e-06	2.522175e-06	3.038434e-09	1.743004e+01	2.028142e+02
1.930000e-06	2.495513e-06	3.113786e-09	1.724579e+01	2.017971e+02
1.940000e-06	2.468182e-06	3.034126e-09	1.705691e+01	2.007399e+02
1.950000e-06	2.440145e-06	3.069058e-09	1.686315e+01	1.996404e+02
1.960000e-06	2.410855e-06	3.071320e-09	1.666074e+01	1.984943e+02
1.970000e-06	2.380436e-06	2.902684e-09	1.645052e+01	1.972978e+02
1.980000e-06	2.349246e-06	2.979354e-09	1.623498e+01	1.960490e+02
1.990000e-06	2.317297e-06	3.042359e-09	1.601419e+01	1.947503e+02
2.000000e-06	2.284642e-06	2.919322e-09	1.578851e+01	1.934087e+02
2.010000e-06	2.251129e-06	2.962243e-09	1.555692e+01	1.920346e+02
2.020000e-06	2.216780e-06	2.930515e-09	1.531954e+01	1.906397e+02
2.030000e-06	2.181875e-06	2.817607e-09	1.507833e+01	1.892332e+02
2.040000e-06	2.146314e-06	2.899193e-09	1.483257e+01	1.878199e+02
2.050000e-06	2.110075e-06	2.849873e-09	1.458214e+01	1.863977e+02
2.060000e-06	2.072979e-06	2.763254e-09	1.432577e+01	1.849593e+02
2.070000e-06	2.034671e-06	2.829633e-09	1.406104e+01	1.834936e+02
2.080000e-06	1.995468e-06	2.810769e-09	1.379011e+01	1.819896e+02
2.090000e-06	1.955780e-06	2.762865e-09	1.351584e+01	1.804399e+02
2.100000e-06	1.915512e-06	2.731042e-09	1.323756e+01	1.788426e+02
2.110000e-06	1.874599e-06	2.672123e-09	1.295482e+01	1.772012e+02
2.120000e-06	1.833067e-06	2.677067e-09	1.266781e+01	1.755232e+02
2.130000e-06	1.790966e-06	2.670544e-09	1.237686e+01	1.738170e+02
2.140000e-06	1.748283e-06	2.631434e-09	1.208189e+01	1.720879e+02
2.150000e-06	1.705070e-06	2.612768e-09	1.178326e+01	1.703364e+02
2.160000e-06	1.661442e-06	2.575855e-09	1.148176e+01	1.685577e+02
2.170000e-06	1.617281e-06	2.557811e-09	1.117657e+01	1.667428e+02
2.180000e-06	1.572435e-06	2.521837e-09	1.086665e+01	1.648815e+02
2.190000e-06	1.526909e-06	2.481696e-09	1.055204e+01	1.629659e+02
2.200000e-06	1.480842e-06	2.469855e-09	1.023368e+01	1.609927e+02
2.210000e-06	1.434387e-06	2.439201e-09	9.912642e+00	1.589641e+02
2.220000e-06	1.387510e-06	2.419989e-09	9.588687e+00	1.568872e+02
2.230000e-06	1.340054e-06	2.375594e-09	9.260737e+00	1.547708e+02
2.240000e-06	1.291975e-06	2.322300e-09	8.928475e+00	1.526232e+02
2.250000e-06	1.243302e-06	2.306529e-09	8.592110e+00	1.504487e+02
2.260000e-06	1.194178e-06	2.281256e-09	8.252629e+00	1.482468e+02
2.270000e-06	1.144691e-06	2.245137e-09	7.910637e+00	1.460117e+02
2.280000e-06	1.094828e-06	2.208844e-09	7.566047e+00	1.437347e+02
2.290000e-06	1.044546e-06	2.167143e-09	7.218564e+00	1.414058e+02
2.300000e-06	9.938061e-07	2.142160e-09	6.867913e+00	1.390166e+02
2.310000e-06	9.426785e-07	2.103901e-09	6.514585e+00	1.365621e+02
2.320000e-06	8.912817e-07	2.052766e-09	6.159396e+00	1.340405e+02
2.330000e-06	8.396499e-07	2.020137e-09	5.802584e+00	1.314536e+02
2.340000e-06	7.876827e-07	1.986417e-09	5.443453e+00	1.288044e+02
2.350000e-06	7.352350e-07	1.951528e-09	5.081002e+00	1.260964e+02
2.360000e-06	6.823522e-07	1.901819e-09	4.715544e+00	1.233315e+02
2.370000e-06	6.290420e-07	1.852170e-09	4.347131e+00	1.205095e+02
2.380000e-06	5.753554e-07	1.814556e-09	3.976119e+00	1.176284e+02
2.390000e-06	5.213910e-07	1.773232e-09	3.603186e+00	1.146843e+02
2.400000e-06	4.671134e-07	1.730385e-09	3.228089e+00	1.116725e+02
2.410000e-06	4.126191e-07	1.679552e-09	2.851494e+00	1.085881e+02
2.420000e-06	3.579633e-07	1.630736e-09	2.473783e+00	1.054268e+02
2.430000e-06	3.031647e-07	1.586864e-09	2.095086e+00	1.021849e+02
2.440000e-06	2.482218e-07	1.536143e-09	1.715391e+00	9.885951e+01
2.450000e-06	1.931228e-07	1.478500e-09	1.334617e+00	9.544865e+01
2.460000e-06	1.380192e-07	1.421513e-09	9.538119e-01	9.195104e+01
2.470000e-06	8.292884e-08	1.371342e-09	5.730978e-01	8.836613e+01
2.480000e-06	2.780079e-08	1.322874e-09	1.921234e-01	8.469388e+01
2.490000e-06	-2.731821e-08	1.264555e-09	-1.887884e-01	8.093460e+01
2.500000e-06	-8.244134e-08	1.199781e-09	-5.697288e-01	7.708855e+01
2.510000e-06	-1.375620e-07	1.138690e-09	-9.506522e-01	7.315545e+01
2.520000e-06	-1.926577e-07	1.078894e-09	-1.331403e+00	6.913392e+01
2.530000e-06	-2.477171e-07	1.016902e-09	-1.711903e+00	6.502103e+01
2.540000e-06	-3.026847e-07	9.500178e-10	-2.091769e+00	6.081192e+01
2.550000e-06	-3.575139e-07	8.850868e-10	-2.470678e+00	5.649972e+01
2.560000e-06	-4.121731e-07	8.206791e-10	-2.848412e+00	5.207575e+01
2.570000e-06	-4.666565e-07	7.518068e-10	-3.224931e+00	4.752991e+01
2.580000e-06	-5.209112e-07	6.793258e-10	-3.599870e+00	4.285136e+01
2.590000e-06	-5.748401e-07	6.020304e-10	-3.972558e+00	3.802917e+01
2.600000e-06	-6.283925e-07	5.247634e-10	-4.342643e+00	3.305296e+01
2.610000e-06	-6.814816e-07	4.490399e-10	-4.709527e+00	2.791332e+01
2.620000e-06	-7.341348e-07	3.699638e-10	-5.073398e+00	2.260181e+01
2.630000e-06	-7.864130e-07	2.816712e-10	-5.434678e+00	1.711059e+01
2.640000e-06	-8.383237e-07	1.916713e-10	-5.793418e+00	1.143174e+01
2.650000e-06	-8.899477e-07	1.066306e-10	-6.150178e+00	5.556430e+00
2.660000e-06	-9.412955e-07	2.035923e-11	-6.505027e+00	-5.256715e-01
2.670000e-06	-9.923204e-07	-7.583169e-11	-6.857646e+00	-6.826306e+00
2.680000e-06	-1.043012e-06	-1.785847e-10	-7.207963e+00	-1.335751e+01
2.690000e-06	-1.093305e-06	-2.822449e-10	-7.555521e+00	-2.012934e+01
2.700000e-06	-1.143138e-06	-3.894924e-10	-7.899907e+00	-2.714656e+01
2.710000e-06	-1.192559e-06	-5.016669e-10	-8.241439e+00	-3.440490e+01
2.720000e-06	-1.241552e-06	-6.179934e-10	-8.580013e+00	-4.188763e+01
2.730000e-06	-1.289970e-06	-7.336876e-10	-8.914621e+00	-4.956337e+01
2.740000e-06	-1.337599e-06	-8.494224e-10	-9.243770e+00	-5.738582e+01
2.750000e-06	-1.384412e-06	-9.693602e-10	-9.567284e+00	-6.529581e+01
2.760000e-06	-1.430635e-06	-1.093789e-09	-9.886716e+00	-7.322535e+01
2.770000e-06	-1.476458e-06	-1.217412e-09	-1.020339e+01	-8.110304e+01
2.780000e-06	-1.521967e-06	-1.335997e-09	-1.051788e+01	-8.885975e+01
2.790000e-06	-1.567145e-06	-1.449896e-09	-1.083009e+01	-9.643343e+01
2.800000e-06	-1.611822e-06	-1.561738e-09	-1.113885e+01	-1.037723e+02
2.810000e-06	-1.655858e-06	-1.673377e-09	-1.144317e+01	-1.108362e+02
2.820000e-06	-1.699403e-06	-1.779417e-09	-1.174409e+01	-1.175960e+02
2.830000e-06	-1.742554e-06	-1.878687e-09	-1.204230e+01	-1.240324e+02
2.840000e-06	-1.785180e-06	-1.972935e-09	-1.233688e+01	-1.301337e+02
2.850000e-06	-1.827159e-06	-2.062303e-09	-1.262698e+01	-1.358951e+02
2.860000e-06	-1.868545e-06	-2.145166e-09	-1.291298e+01	-1.413173e+02
2.870000e-06	-1.909356e-06	-2.221000e-09	-1.319502e+01	-1.464068e+02
2.880000e-06	-1.949467e-06	-2.293198e-09	-1.347222e+01	-1.511751e+02
2.890000e-06	-1.988998e-06	-2.363608e-09	-1.374541e+01	-1.556384e+02
2.900000e-06	-2.028021e-06	-2.431562e-09	-1.401508e+01	-1.598158e+02
2.910000e-06	-2.066247e-06	-2.494943e-09	-1.427925e+01	-1.637268e+02
2.920000e-06	-2.103382e-06	-2.553163e-09	-1.453588e+01	-1.673897e+02
2.930000e-06	-2.139516e-06	-2.607341e-09	-1.478559e+01	-1.708188e+02
2.940000e-06	-2.174990e-06	-2.658492e-09	-1.503074e+01	-1.740249e+02
2.950000e-06	-2.209856e-06	-2.705549e-09	-1.527169e+01	-1.770153e+02
2.960000e-06	-2.243947e-06	-2.748786e-09	-1.550728e+01	-1.797964e+02
2.970000e-06	-2.277244e-06	-2.790390e-09	-1.573739e+01	-1.823764e+02
2.980000e-06	-2.309727e-06	-2.828649e-09	-1.596187e+01	-1.847674e+02
2.990000e-06	-2.341475e-06	-2.863552e-09	-1.618127e+01	-1.869858e+02
3.000000e-06	-2.372595e-06	-2.895515e-09	-1.639634e+01	-1.890522e+02
3.010000e-06	-2.402834e-06	-2.926699e-09	-1.660531e+01	-1.909881e+02
3.020000e-06	-2.431834e-06	-2.958061e-09	-1.680572e+01	-1.928134e+02
3.030000e-06	-2.459754e-06	-2.987463e-09	-1.699867e+01	-1.945432e+02
3.040000e-06	-2.486965e-06	-3.012489e-09	-1.718671e+01	-1.961863e+02
3.050000e-06	-2.513366e-06	-3.036697e-09	-1.736916e+01	-1.977458e+02
3.060000e-06	-2.538852e-06	-3.059010e-09	-1.754529e+01	-1.992208e+02
3.070000e-06	-2.563506e-06	-3.079178e-09	-1.771566e+01	-2.006091e+02
3.080000e-06	-2.587355e-06	-3.098806e-09	-1.788048e+01	-2.019105e+02
3.090000e-06	-2.610502e-06	-3.118155e-09	-1.804044e+01	-2.031277e+02
3.100000e-06	-2.632624e-06	-3.138969e-09	-1.819332e+01	-2.042671e+02
3.110000e-06	-2.653402e-06	-3.158394e-09	-1.833691e+01	-2.053369e+02
3.120000e-06	-2.673173e-06	-3.173574e-09	-1.847355e+01	-2.063450e+02
3.130000e-06	-2.692158e-06	-3.183410e-09	-1.860475e+01	-2.072970e+02
3.140000e-06	-2.710274e-06	-3.193143e-09	-1.872994e+01	-2.081947e+02
3.150000e-06	-2.727496e-06	-3.205309e-09	-1.884895e+01	-2.090368e+02
3.160000e-06	-2.743815e-06	-3.218345e-09	-1.896173e+01	-2.098202e+02
3.170000e-06	-2.759332e-06	-3.228925e-09	-1.906897e+01	-2.105421e+02
3.180000e-06	-2.773878e-06	-3.238624e-09	-1.916949e+01	-2.112018e+02
3.190000e-06	-2.787056e-06	-3.248807e-09	-1.926055e+01	-2.118015e+02
3.200000e-06	-2.798926e-06	-3.257569e-09	-1.934259e+01	-2.123458e+02
3.210000e-06	-2.809717e-06	-3.263972e-09	-1.941716e+01	-2.128401e+02
3.220000e-06	-2.819556e-06	-3.268239e-09	-1.948515e+01	-2.132891e+02
3.230000e-06	-2.828406e-06	-3.271210e-09	-1.954632e+01	-2.136947e+02
3.240000e-06	-2.836343e-06	-3.274450e-09	-1.960117e+01	-2.140562e+02
3.250000e-06	-2.843484e-06	-3.279356e-09	-1.965051e+01	-2.143715e+02
3.260000e-06	-2.849502e-06	-3.285087e-09	-1.969210e+01	-2.146383e+02
3.270000e-06	-2.854195e-06	-3.289550e-09	-1.972454e+01	-2.148561e+02
3.280000e-06	-2.857879e-06	-3.291047e-09	-1.975000e+01	-2.150278e+02
3.290000e-06	-2.860676e-06	-3.289632e-09	-1.976933e+01	-2.151587e+02
3.300000e-06	-2.862552e-06	-3.288591e-09	-1.978229e+01	-2.152555e+02
3.310000e-06	-2.863514e-06	-3.287086e-09	-1.978894e+01	-2.153234e+02
3.320000e-06	-2.863558e-06	-3.285225e-09	-1.978924e+01	-2.153643e+02
