# Temperatura_=_16.44
# Concentracion g/m^3_=_13400.0
# C_Vs_to_Am_M_A/Vsm_=_65563218390.804596
# pendiente_HvsI_1/m_=_3716.3
# ordenada_HvsI_A/m_=_1297.0
# frecuencia_Hz_=_301007.93438172666

Tiempo_(s)	Campo_(V.s)	Magnetizacion_(V.s)	Campo_(kA/m)	Magnetizacion_(A/m)
0.000000e+00	-2.859379e-06	-3.052617e-09	-1.978530e+01	-1.988646e+02
1.000000e-08	-2.858477e-06	-3.054096e-09	-1.977906e+01	-1.987735e+02
2.000000e-08	-2.856721e-06	-3.054166e-09	-1.976691e+01	-1.986551e+02
3.000000e-08	-2.853782e-06	-3.051704e-09	-1.974658e+01	-1.985175e+02
4.000000e-08	-2.849712e-06	-3.047024e-09	-1.971841e+01	-1.983571e+02
5.000000e-08	-2.844806e-06	-3.040763e-09	-1.968447e+01	-1.981596e+02
6.000000e-08	-2.839072e-06	-3.033760e-09	-1.964479e+01	-1.979052e+02
7.000000e-08	-2.832412e-06	-3.032374e-09	-1.959871e+01	-1.975769e+02
8.000000e-08	-2.824718e-06	-3.049551e-09	-1.954547e+01	-1.971684e+02
9.000000e-08	-2.815837e-06	-3.064268e-09	-1.948402e+01	-1.966889e+02
1.000000e-07	-2.805535e-06	-3.034720e-09	-1.941273e+01	-1.961624e+02
1.100000e-07	-2.793918e-06	-2.970260e-09	-1.933235e+01	-1.956211e+02
1.200000e-07	-2.781462e-06	-2.963388e-09	-1.924616e+01	-1.950959e+02
1.300000e-07	-2.768246e-06	-3.000894e-09	-1.915471e+01	-1.946064e+02
1.400000e-07	-2.754076e-06	-2.984728e-09	-1.905667e+01	-1.941540e+02
1.500000e-07	-2.738914e-06	-2.960649e-09	-1.895176e+01	-1.937213e+02
1.600000e-07	-2.722581e-06	-2.995879e-09	-1.883874e+01	-1.932764e+02
1.700000e-07	-2.704899e-06	-2.975877e-09	-1.871639e+01	-1.927820e+02
1.800000e-07	-2.686256e-06	-2.903575e-09	-1.858739e+01	-1.922063e+02
1.900000e-07	-2.666996e-06	-2.921155e-09	-1.845412e+01	-1.915305e+02
2.000000e-07	-2.646884e-06	-2.918131e-09	-1.831496e+01	-1.907529e+02
2.100000e-07	-2.625785e-06	-2.846404e-09	-1.816896e+01	-1.898873e+02
2.200000e-07	-2.603917e-06	-2.866125e-09	-1.801765e+01	-1.889564e+02
2.300000e-07	-2.581214e-06	-2.923239e-09	-1.786056e+01	-1.879844e+02
2.400000e-07	-2.557498e-06	-2.879320e-09	-1.769646e+01	-1.869895e+02
2.500000e-07	-2.533005e-06	-2.815445e-09	-1.752698e+01	-1.859800e+02
2.600000e-07	-2.507777e-06	-2.796261e-09	-1.735242e+01	-1.849541e+02
2.700000e-07	-2.481428e-06	-2.798106e-09	-1.717010e+01	-1.839028e+02
2.800000e-07	-2.453906e-06	-2.797897e-09	-1.697966e+01	-1.828159e+02
2.900000e-07	-2.425476e-06	-2.760272e-09	-1.678294e+01	-1.816858e+02
3.000000e-07	-2.396203e-06	-2.725442e-09	-1.658038e+01	-1.805115e+02
3.100000e-07	-2.366144e-06	-2.745191e-09	-1.637239e+01	-1.792979e+02
3.200000e-07	-2.335389e-06	-2.734642e-09	-1.615959e+01	-1.780545e+02
3.300000e-07	-2.303887e-06	-2.674068e-09	-1.594161e+01	-1.767908e+02
3.400000e-07	-2.271667e-06	-2.653556e-09	-1.571867e+01	-1.755135e+02
3.500000e-07	-2.238823e-06	-2.638649e-09	-1.549141e+01	-1.742238e+02
3.600000e-07	-2.205229e-06	-2.624070e-09	-1.525896e+01	-1.729169e+02
3.700000e-07	-2.170574e-06	-2.629135e-09	-1.501916e+01	-1.715835e+02
3.800000e-07	-2.134810e-06	-2.590387e-09	-1.477169e+01	-1.702127e+02
3.900000e-07	-2.098297e-06	-2.544891e-09	-1.451904e+01	-1.687944e+02
4.000000e-07	-2.061210e-06	-2.553390e-09	-1.426242e+01	-1.673223e+02
4.100000e-07	-2.023405e-06	-2.540594e-09	-1.400084e+01	-1.657952e+02
4.200000e-07	-1.984809e-06	-2.482659e-09	-1.373377e+01	-1.642166e+02
4.300000e-07	-1.945471e-06	-2.456350e-09	-1.346157e+01	-1.625938e+02
4.400000e-07	-1.905482e-06	-2.453931e-09	-1.318487e+01	-1.609358e+02
4.500000e-07	-1.865035e-06	-2.435575e-09	-1.290500e+01	-1.592509e+02
4.600000e-07	-1.824190e-06	-2.397893e-09	-1.262238e+01	-1.575442e+02
4.700000e-07	-1.782671e-06	-2.355653e-09	-1.233509e+01	-1.558169e+02
4.800000e-07	-1.740103e-06	-2.328556e-09	-1.204054e+01	-1.540652e+02
4.900000e-07	-1.696496e-06	-2.316650e-09	-1.173880e+01	-1.522820e+02
5.000000e-07	-1.652273e-06	-2.293398e-09	-1.143280e+01	-1.504581e+02
5.100000e-07	-1.607664e-06	-2.253588e-09	-1.112414e+01	-1.485854e+02
5.200000e-07	-1.562604e-06	-2.222392e-09	-1.081235e+01	-1.466591e+02
5.300000e-07	-1.516993e-06	-2.200575e-09	-1.049675e+01	-1.446791e+02
5.400000e-07	-1.470813e-06	-2.172683e-09	-1.017721e+01	-1.426503e+02
5.500000e-07	-1.424092e-06	-2.129195e-09	-9.853920e+00	-1.405806e+02
5.600000e-07	-1.376816e-06	-2.086286e-09	-9.526797e+00	-1.384784e+02
5.700000e-07	-1.329033e-06	-2.061402e-09	-9.196166e+00	-1.363494e+02
5.800000e-07	-1.280861e-06	-2.043712e-09	-8.862842e+00	-1.341941e+02
5.900000e-07	-1.232347e-06	-2.007561e-09	-8.527151e+00	-1.320071e+02
6.000000e-07	-1.183434e-06	-1.962107e-09	-8.188703e+00	-1.297783e+02
6.100000e-07	-1.134001e-06	-1.929242e-09	-7.846650e+00	-1.274963e+02
6.200000e-07	-1.083881e-06	-1.901548e-09	-7.499851e+00	-1.251514e+02
6.300000e-07	-1.033079e-06	-1.865513e-09	-7.148328e+00	-1.227390e+02
6.400000e-07	-9.817542e-07	-1.816525e-09	-6.793191e+00	-1.202602e+02
6.500000e-07	-9.299654e-07	-1.770187e-09	-6.434841e+00	-1.177213e+02
6.600000e-07	-8.777803e-07	-1.737939e-09	-6.073749e+00	-1.151301e+02
6.700000e-07	-8.253030e-07	-1.707097e-09	-5.710636e+00	-1.124933e+02
6.800000e-07	-7.725813e-07	-1.662513e-09	-5.345831e+00	-1.098128e+02
6.900000e-07	-7.196135e-07	-1.614509e-09	-4.979323e+00	-1.070856e+02
7.000000e-07	-6.663724e-07	-1.575978e-09	-4.610925e+00	-1.043050e+02
7.100000e-07	-6.128784e-07	-1.538807e-09	-4.240776e+00	-1.014637e+02
7.200000e-07	-5.591296e-07	-1.491479e-09	-3.868865e+00	-9.855726e+01
7.300000e-07	-5.051613e-07	-1.436107e-09	-3.495434e+00	-9.558614e+01
7.400000e-07	-4.510438e-07	-1.386200e-09	-3.120971e+00	-9.255567e+01
7.500000e-07	-3.967796e-07	-1.344134e-09	-2.745493e+00	-8.947348e+01
7.600000e-07	-3.424188e-07	-1.298370e-09	-2.369347e+00	-8.634572e+01
7.700000e-07	-2.880171e-07	-1.243994e-09	-1.992918e+00	-8.317341e+01
7.800000e-07	-2.335589e-07	-1.192430e-09	-1.616097e+00	-7.995082e+01
7.900000e-07	-1.790127e-07	-1.147420e-09	-1.238668e+00	-7.666683e+01
8.000000e-07	-1.243734e-07	-1.099333e-09	-8.605946e-01	-7.330880e+01
8.100000e-07	-6.969429e-08	-1.043303e-09	-4.822456e-01	-6.986776e+01
8.200000e-07	-1.501884e-08	-9.848058e-10	-1.039220e-01	-6.634256e+01
8.300000e-07	3.966787e-08	-9.317281e-10	2.744795e-01	-6.274129e+01
8.400000e-07	9.435690e-08	-8.799310e-10	6.528971e-01	-5.907885e+01
8.500000e-07	1.490412e-07	-8.236847e-10	1.031282e+00	-5.537140e+01
8.600000e-07	2.036839e-07	-7.637582e-10	1.409379e+00	-5.162954e+01
8.700000e-07	2.582430e-07	-7.052306e-10	1.786897e+00	-4.785282e+01
8.800000e-07	3.127238e-07	-6.483679e-10	2.163874e+00	-4.402800e+01
8.900000e-07	3.671115e-07	-5.878699e-10	2.540207e+00	-4.013178e+01
9.000000e-07	4.213678e-07	-5.232450e-10	2.915630e+00	-3.613749e+01
9.100000e-07	4.754630e-07	-4.600854e-10	3.289938e+00	-3.202328e+01
9.200000e-07	5.293737e-07	-4.015528e-10	3.662971e+00	-2.777880e+01
9.300000e-07	5.831090e-07	-3.399204e-10	4.034788e+00	-2.340780e+01
9.400000e-07	6.366604e-07	-2.706265e-10	4.405335e+00	-1.892562e+01
9.500000e-07	6.899595e-07	-1.975990e-10	4.774134e+00	-1.435229e+01
9.600000e-07	7.429632e-07	-1.264577e-10	5.140891e+00	-9.703750e+00
9.700000e-07	7.956524e-07	-5.619557e-11	5.505470e+00	-4.984620e+00
9.800000e-07	8.480899e-07	1.698063e-11	5.868309e+00	-1.850663e-01
9.900000e-07	9.002543e-07	9.286286e-11	6.229257e+00	4.716903e+00
1.000000e-06	9.520566e-07	1.691777e-10	6.587700e+00	9.748626e+00
1.010000e-06	1.003457e-06	2.457053e-10	6.943362e+00	1.493398e+01
1.020000e-06	1.054293e-06	3.262421e-10	7.295119e+00	2.028582e+01
1.030000e-06	1.104395e-06	4.123268e-10	7.641794e+00	2.580238e+01
1.040000e-06	1.153845e-06	5.026244e-10	7.983961e+00	3.146860e+01
1.050000e-06	1.202807e-06	5.916905e-10	8.322751e+00	3.726161e+01
1.060000e-06	1.251394e-06	6.797869e-10	8.658950e+00	4.315765e+01
1.070000e-06	1.299715e-06	7.714640e-10	8.993301e+00	4.913753e+01
1.080000e-06	1.347670e-06	8.649665e-10	9.325121e+00	5.518815e+01
1.090000e-06	1.395114e-06	9.572006e-10	9.653407e+00	6.129975e+01
1.100000e-06	1.442014e-06	1.049232e-09	9.977934e+00	6.745985e+01
1.110000e-06	1.488385e-06	1.143588e-09	1.029879e+01	7.364705e+01
1.120000e-06	1.534236e-06	1.238797e-09	1.061606e+01	7.982739e+01
1.130000e-06	1.579603e-06	1.331683e-09	1.092997e+01	8.595548e+01
1.140000e-06	1.624528e-06	1.422489e-09	1.124083e+01	9.198040e+01
1.150000e-06	1.669064e-06	1.512086e-09	1.154899e+01	9.785455e+01
1.160000e-06	1.713216e-06	1.599128e-09	1.185450e+01	1.035423e+02
1.170000e-06	1.756731e-06	1.682256e-09	1.215560e+01	1.090250e+02
1.180000e-06	1.799302e-06	1.761007e-09	1.245017e+01	1.143010e+02
1.190000e-06	1.840873e-06	1.838431e-09	1.273781e+01	1.193800e+02
1.200000e-06	1.881684e-06	1.914263e-09	1.302021e+01	1.242741e+02
1.210000e-06	1.921991e-06	1.984481e-09	1.329910e+01	1.289899e+02
1.220000e-06	1.961804e-06	2.051013e-09	1.357458e+01	1.335231e+02
1.230000e-06	2.000990e-06	2.115133e-09	1.384573e+01	1.378591e+02
1.240000e-06	2.039467e-06	2.176074e-09	1.411197e+01	1.419782e+02
1.250000e-06	2.077217e-06	2.233556e-09	1.437318e+01	1.458639e+02
1.260000e-06	2.114287e-06	2.285801e-09	1.462968e+01	1.495101e+02
1.270000e-06	2.150802e-06	2.333554e-09	1.488235e+01	1.529250e+02
1.280000e-06	2.186658e-06	2.380242e-09	1.513045e+01	1.561297e+02
1.290000e-06	2.221571e-06	2.425719e-09	1.537203e+01	1.591516e+02
1.300000e-06	2.255391e-06	2.466444e-09	1.560605e+01	1.620160e+02
1.310000e-06	2.288275e-06	2.503095e-09	1.583359e+01	1.647389e+02
1.320000e-06	2.320490e-06	2.538204e-09	1.605650e+01	1.673239e+02
1.330000e-06	2.352012e-06	2.573150e-09	1.627461e+01	1.697642e+02
1.340000e-06	2.382731e-06	2.606600e-09	1.648717e+01	1.720491e+02
1.350000e-06	2.412630e-06	2.637343e-09	1.669405e+01	1.741722e+02
1.360000e-06	2.441749e-06	2.666182e-09	1.689554e+01	1.761374e+02
1.370000e-06	2.470233e-06	2.693227e-09	1.709263e+01	1.779616e+02
1.380000e-06	2.497933e-06	2.717651e-09	1.728430e+01	1.796707e+02
1.390000e-06	2.524456e-06	2.738959e-09	1.746782e+01	1.812929e+02
1.400000e-06	2.549801e-06	2.758869e-09	1.764320e+01	1.828497e+02
1.410000e-06	2.574190e-06	2.780488e-09	1.781196e+01	1.843499e+02
1.420000e-06	2.597644e-06	2.803355e-09	1.797425e+01	1.857883e+02
1.430000e-06	2.620212e-06	2.824182e-09	1.813040e+01	1.871497e+02
1.440000e-06	2.641935e-06	2.842181e-09	1.828071e+01	1.884160e+02
1.450000e-06	2.662860e-06	2.860066e-09	1.842550e+01	1.895751e+02
1.460000e-06	2.683059e-06	2.878154e-09	1.856527e+01	1.906268e+02
1.470000e-06	2.702330e-06	2.891906e-09	1.869861e+01	1.915836e+02
1.480000e-06	2.720597e-06	2.901961e-09	1.882501e+01	1.924666e+02
1.490000e-06	2.738004e-06	2.913155e-09	1.894546e+01	1.932986e+02
1.500000e-06	2.754420e-06	2.927266e-09	1.905905e+01	1.940957e+02
1.510000e-06	2.769700e-06	2.941168e-09	1.916477e+01	1.948624e+02
1.520000e-06	2.783908e-06	2.951763e-09	1.926309e+01	1.955916e+02
1.530000e-06	2.797094e-06	2.961387e-09	1.935433e+01	1.962681e+02
1.540000e-06	2.809263e-06	2.973000e-09	1.943853e+01	1.968765e+02
1.550000e-06	2.820249e-06	2.983805e-09	1.951455e+01	1.974075e+02
1.560000e-06	2.829967e-06	2.990680e-09	1.958179e+01	1.978624e+02
1.570000e-06	2.838614e-06	2.996733e-09	1.964162e+01	1.982522e+02
1.580000e-06	2.846308e-06	3.004817e-09	1.969487e+01	1.985930e+02
1.590000e-06	2.853052e-06	3.012902e-09	1.974153e+01	1.988994e+02
1.600000e-06	2.858816e-06	3.018369e-09	1.978141e+01	1.991784e+02
1.610000e-06	2.863708e-06	3.020033e-09	1.981526e+01	1.994269e+02
1.620000e-06	2.867738e-06	3.021160e-09	1.984314e+01	1.996335e+02
1.630000e-06	2.870586e-06	3.025797e-09	1.986285e+01	1.997840e+02
1.640000e-06	2.872180e-06	3.031319e-09	1.987388e+01	1.998680e+02
1.650000e-06	2.872847e-06	3.034899e-09	1.987850e+01	1.998840e+02
1.660000e-06	2.872699e-06	3.035897e-09	1.987747e+01	1.998405e+02
1.670000e-06	2.871590e-06	3.034137e-09	1.986980e+01	1.997527e+02
1.680000e-06	2.869495e-06	3.031340e-09	1.985530e+01	1.996364e+02
1.690000e-06	2.866568e-06	3.028117e-09	1.983505e+01	1.995005e+02
1.700000e-06	2.862945e-06	3.025628e-09	1.980998e+01	1.993427e+02
1.710000e-06	2.858398e-06	3.024505e-09	1.977852e+01	1.991498e+02
1.720000e-06	2.852609e-06	3.025717e-09	1.973846e+01	1.989021e+02
1.730000e-06	2.845758e-06	3.015353e-09	1.969106e+01	1.985819e+02
1.740000e-06	2.838050e-06	2.978900e-09	1.963772e+01	1.981815e+02
1.750000e-06	2.829147e-06	2.958877e-09	1.957612e+01	1.977084e+02
1.760000e-06	2.818619e-06	2.995429e-09	1.950327e+01	1.971851e+02
1.770000e-06	2.806893e-06	3.034107e-09	1.942213e+01	1.966435e+02
1.780000e-06	2.794961e-06	2.998280e-09	1.933957e+01	1.961150e+02
1.790000e-06	2.782591e-06	2.953408e-09	1.925398e+01	1.956209e+02
1.800000e-06	2.768676e-06	2.982001e-09	1.915769e+01	1.951648e+02
1.810000e-06	2.753271e-06	2.951195e-09	1.905110e+01	1.947310e+02
1.820000e-06	2.737239e-06	2.900912e-09	1.894016e+01	1.942888e+02
1.830000e-06	2.720382e-06	2.952986e-09	1.882353e+01	1.938011e+02
1.840000e-06	2.702208e-06	2.979106e-09	1.869777e+01	1.932349e+02
1.850000e-06	2.683211e-06	2.909861e-09	1.856632e+01	1.925699e+02
1.860000e-06	2.663578e-06	2.911041e-09	1.843047e+01	1.918025e+02
1.870000e-06	2.642713e-06	2.952167e-09	1.828610e+01	1.909450e+02
1.880000e-06	2.620625e-06	2.857212e-09	1.813326e+01	1.900195e+02
1.890000e-06	2.597595e-06	2.801231e-09	1.797391e+01	1.890506e+02
1.900000e-06	2.573535e-06	2.869690e-09	1.780743e+01	1.880572e+02
1.910000e-06	2.548675e-06	2.875574e-09	1.763541e+01	1.870489e+02
1.920000e-06	2.523142e-06	2.832515e-09	1.745874e+01	1.860247e+02
1.930000e-06	2.496734e-06	2.806495e-09	1.727600e+01	1.849764e+02
1.940000e-06	2.469579e-06	2.780262e-09	1.708811e+01	1.838934e+02
1.950000e-06	2.441670e-06	2.797337e-09	1.689500e+01	1.827678e+02
1.960000e-06	2.412571e-06	2.769463e-09	1.669365e+01	1.815977e+02
1.970000e-06	2.382252e-06	2.700927e-09	1.648386e+01	1.803876e+02
1.980000e-06	2.351103e-06	2.722782e-09	1.626832e+01	1.791465e+02
1.990000e-06	2.319285e-06	2.737349e-09	1.604816e+01	1.778843e+02
2.000000e-06	2.286777e-06	2.687397e-09	1.582322e+01	1.766080e+02
2.010000e-06	2.253426e-06	2.675976e-09	1.559245e+01	1.753194e+02
2.020000e-06	2.219214e-06	2.644764e-09	1.535572e+01	1.740144e+02
2.030000e-06	2.184410e-06	2.608112e-09	1.511490e+01	1.726841e+02
2.040000e-06	2.149020e-06	2.628904e-09	1.487002e+01	1.713174e+02
2.050000e-06	2.112888e-06	2.594849e-09	1.462001e+01	1.699042e+02
2.060000e-06	2.075834e-06	2.543260e-09	1.436361e+01	1.684378e+02
2.070000e-06	2.037712e-06	2.548759e-09	1.409983e+01	1.669161e+02
2.080000e-06	1.998733e-06	2.532853e-09	1.383011e+01	1.653424e+02
2.090000e-06	1.959146e-06	2.493827e-09	1.355620e+01	1.637236e+02
2.100000e-06	1.918971e-06	2.461734e-09	1.327821e+01	1.620686e+02
2.110000e-06	1.878205e-06	2.432942e-09	1.299613e+01	1.603859e+02
2.120000e-06	1.836862e-06	2.426018e-09	1.271006e+01	1.586811e+02
2.130000e-06	1.794899e-06	2.408454e-09	1.241970e+01	1.569558e+02
2.140000e-06	1.752329e-06	2.370161e-09	1.212514e+01	1.552067e+02
2.150000e-06	1.709270e-06	2.339122e-09	1.182720e+01	1.534269e+02
2.160000e-06	1.665751e-06	2.311976e-09	1.152606e+01	1.516075e+02
2.170000e-06	1.621682e-06	2.287813e-09	1.122113e+01	1.497400e+02
2.180000e-06	1.576963e-06	2.255966e-09	1.091170e+01	1.478192e+02
2.190000e-06	1.531531e-06	2.223119e-09	1.059734e+01	1.458445e+02
2.200000e-06	1.485564e-06	2.198461e-09	1.027927e+01	1.438202e+02
2.210000e-06	1.439271e-06	2.174932e-09	9.958952e+00	1.417541e+02
2.220000e-06	1.392537e-06	2.147360e-09	9.635579e+00	1.396548e+02
2.230000e-06	1.345276e-06	2.103099e-09	9.308559e+00	1.375282e+02
2.240000e-06	1.297389e-06	2.061859e-09	8.977210e+00	1.353756e+02
2.250000e-06	1.248874e-06	2.039187e-09	8.641508e+00	1.331920e+02
2.260000e-06	1.199922e-06	2.009839e-09	8.302793e+00	1.309679e+02
2.270000e-06	1.150613e-06	1.970403e-09	7.961599e+00	1.286918e+02
2.280000e-06	1.100890e-06	1.931514e-09	7.617547e+00	1.263536e+02
2.290000e-06	1.050680e-06	1.896917e-09	7.270119e+00	1.239481e+02
2.300000e-06	9.999916e-07	1.868729e-09	6.919383e+00	1.214760e+02
2.310000e-06	9.489743e-07	1.830785e-09	6.566372e+00	1.189427e+02
2.320000e-06	8.977382e-07	1.784893e-09	6.211847e+00	1.163565e+02
2.330000e-06	8.462458e-07	1.745596e-09	5.855548e+00	1.137240e+02
2.340000e-06	7.944465e-07	1.708896e-09	5.497126e+00	1.110479e+02
2.350000e-06	7.422352e-07	1.668077e-09	5.135853e+00	1.083257e+02
2.360000e-06	6.895459e-07	1.619084e-09	4.771272e+00	1.055508e+02
2.370000e-06	6.363929e-07	1.573092e-09	4.403484e+00	1.027160e+02
2.380000e-06	5.827644e-07	1.536997e-09	4.032404e+00	9.981630e+01
2.390000e-06	5.287683e-07	1.499791e-09	3.658782e+00	9.685160e+01
2.400000e-06	4.744864e-07	1.452906e-09	3.283181e+00	9.382680e+01
2.410000e-06	4.199644e-07	1.401462e-09	2.905919e+00	9.074947e+01
2.420000e-06	3.652930e-07	1.355542e-09	2.527624e+00	8.762610e+01
2.430000e-06	3.104916e-07	1.310230e-09	2.148429e+00	8.445838e+01
2.440000e-06	2.556042e-07	1.259304e-09	1.768638e+00	8.124131e+01
2.450000e-06	2.006763e-07	1.205365e-09	1.388568e+00	7.796419e+01
2.460000e-06	1.457105e-07	1.153372e-09	1.008235e+00	7.461430e+01
2.470000e-06	9.070136e-08	1.105030e-09	6.276027e-01	7.118204e+01
2.480000e-06	3.567982e-08	1.054575e-09	2.468844e-01	6.766529e+01
2.490000e-06	-1.933781e-08	9.969392e-10	-1.338068e-01	6.407121e+01
2.500000e-06	-7.437335e-08	9.383037e-10	-5.146221e-01	6.041419e+01
2.510000e-06	-1.293958e-07	8.824333e-10	-8.953470e-01	5.671057e+01
2.520000e-06	-1.843736e-07	8.266117e-10	-1.275762e+00	5.297186e+01
2.530000e-06	-2.393054e-07	7.679271e-10	-1.655860e+00	4.919896e+01
2.540000e-06	-2.941765e-07	7.076449e-10	-2.035537e+00	4.537994e+01
2.550000e-06	-3.489654e-07	6.519527e-10	-2.414646e+00	4.149233e+01
2.560000e-06	-4.036125e-07	5.957333e-10	-2.792773e+00	3.750941e+01
2.570000e-06	-4.579989e-07	5.311306e-10	-3.169096e+00	3.340846e+01
2.580000e-06	-5.121525e-07	4.610393e-10	-3.543809e+00	2.917767e+01
2.590000e-06	-5.660528e-07	3.919265e-10	-3.916769e+00	2.481932e+01
2.600000e-06	-6.196008e-07	3.246859e-10	-4.287292e+00	2.034778e+01
2.610000e-06	-6.727798e-07	2.561221e-10	-4.655261e+00	1.578297e+01
2.620000e-06	-7.255455e-07	1.843773e-10	-5.020369e+00	1.114170e+01
2.630000e-06	-7.778803e-07	1.114899e-10	-5.382498e+00	6.430013e+00
2.640000e-06	-8.297955e-07	3.982714e-11	-5.741721e+00	1.639627e+00
2.650000e-06	-8.813586e-07	-3.269163e-11	-6.098509e+00	-3.250414e+00
2.660000e-06	-9.326287e-07	-1.097731e-10	-6.453269e+00	-8.267290e+00
2.670000e-06	-9.836147e-07	-1.911026e-10	-6.806065e+00	-1.343566e+01
2.680000e-06	-1.034288e-06	-2.735931e-10	-7.156695e+00	-1.876981e+01
2.690000e-06	-1.084565e-06	-3.555603e-10	-7.504585e+00	-2.426957e+01
2.700000e-06	-1.134399e-06	-4.406566e-10	-7.849406e+00	-2.992110e+01
2.710000e-06	-1.183841e-06	-5.311240e-10	-8.191521e+00	-3.570203e+01
2.720000e-06	-1.232819e-06	-6.212981e-10	-8.530418e+00	-4.158840e+01
2.730000e-06	-1.281173e-06	-7.083898e-10	-8.865003e+00	-4.756035e+01
2.740000e-06	-1.328802e-06	-7.975770e-10	-9.194566e+00	-5.360421e+01
2.750000e-06	-1.375723e-06	-8.926549e-10	-9.519237e+00	-5.971009e+01
2.760000e-06	-1.422047e-06	-9.888755e-10	-9.839770e+00	-6.586615e+01
2.770000e-06	-1.467899e-06	-1.082776e-09	-1.015704e+01	-7.205217e+01
2.780000e-06	-1.513380e-06	-1.177214e-09	-1.047175e+01	-7.823558e+01
2.790000e-06	-1.558474e-06	-1.272182e-09	-1.078377e+01	-8.437200e+01
2.800000e-06	-1.603123e-06	-1.364542e-09	-1.109271e+01	-9.041072e+01
2.810000e-06	-1.647199e-06	-1.452610e-09	-1.139770e+01	-9.630333e+01
2.820000e-06	-1.690732e-06	-1.537960e-09	-1.169892e+01	-1.020126e+02
2.830000e-06	-1.733836e-06	-1.622569e-09	-1.199718e+01	-1.075179e+02
2.840000e-06	-1.776477e-06	-1.705449e-09	-1.229223e+01	-1.128161e+02
2.850000e-06	-1.818568e-06	-1.784029e-09	-1.258347e+01	-1.179159e+02
2.860000e-06	-1.860017e-06	-1.858344e-09	-1.287028e+01	-1.228297e+02
2.870000e-06	-1.900869e-06	-1.931468e-09	-1.315295e+01	-1.275649e+02
2.880000e-06	-1.941058e-06	-2.002804e-09	-1.343104e+01	-1.321186e+02
2.890000e-06	-1.980556e-06	-2.070192e-09	-1.370434e+01	-1.364770e+02
2.900000e-06	-2.019572e-06	-2.134021e-09	-1.397431e+01	-1.406206e+02
2.910000e-06	-2.057971e-06	-2.197179e-09	-1.424001e+01	-1.445321e+02
2.920000e-06	-2.095367e-06	-2.258529e-09	-1.449877e+01	-1.482041e+02
2.930000e-06	-2.131683e-06	-2.314018e-09	-1.475006e+01	-1.516434e+02
2.940000e-06	-2.167158e-06	-2.364187e-09	-1.499552e+01	-1.548697e+02
2.950000e-06	-2.201982e-06	-2.413382e-09	-1.523648e+01	-1.579101e+02
2.960000e-06	-2.236100e-06	-2.461309e-09	-1.547256e+01	-1.607907e+02
2.970000e-06	-2.269443e-06	-2.505319e-09	-1.570328e+01	-1.635287e+02
2.980000e-06	-2.302077e-06	-2.546133e-09	-1.592909e+01	-1.661290e+02
2.990000e-06	-2.333990e-06	-2.585017e-09	-1.614991e+01	-1.685857e+02
3.000000e-06	-2.365171e-06	-2.622600e-09	-1.636566e+01	-1.708881e+02
3.010000e-06	-2.395486e-06	-2.658368e-09	-1.657542e+01	-1.730288e+02
3.020000e-06	-2.424637e-06	-2.689561e-09	-1.677713e+01	-1.750106e+02
3.030000e-06	-2.452665e-06	-2.717519e-09	-1.697107e+01	-1.768491e+02
3.040000e-06	-2.479903e-06	-2.746320e-09	-1.715955e+01	-1.785696e+02
3.050000e-06	-2.506426e-06	-2.775275e-09	-1.734307e+01	-1.802002e+02
3.060000e-06	-2.532045e-06	-2.800220e-09	-1.752034e+01	-1.817636e+02
3.070000e-06	-2.556739e-06	-2.822022e-09	-1.769121e+01	-1.832702e+02
3.080000e-06	-2.580608e-06	-2.844023e-09	-1.785637e+01	-1.847162e+02
3.090000e-06	-2.603764e-06	-2.866112e-09	-1.801659e+01	-1.860871e+02
3.100000e-06	-2.626038e-06	-2.887084e-09	-1.817072e+01	-1.873646e+02
3.110000e-06	-2.647104e-06	-2.905532e-09	-1.831648e+01	-1.885358e+02
3.120000e-06	-2.667009e-06	-2.922072e-09	-1.845421e+01	-1.895990e+02
3.130000e-06	-2.686013e-06	-2.937708e-09	-1.858571e+01	-1.905653e+02
3.140000e-06	-2.704188e-06	-2.952232e-09	-1.871147e+01	-1.914555e+02
3.150000e-06	-2.721489e-06	-2.964610e-09	-1.883119e+01	-1.922923e+02
3.160000e-06	-2.737874e-06	-2.976160e-09	-1.894456e+01	-1.930930e+02
3.170000e-06	-2.753388e-06	-2.987045e-09	-1.905191e+01	-1.938635e+02
3.180000e-06	-2.768058e-06	-2.998532e-09	-1.915341e+01	-1.945977e+02
3.190000e-06	-2.781523e-06	-3.009925e-09	-1.924659e+01	-1.952809e+02
3.200000e-06	-2.793601e-06	-3.018098e-09	-1.933016e+01	-1.958975e+02
3.210000e-06	-2.804516e-06	-3.024566e-09	-1.940568e+01	-1.964373e+02
3.220000e-06	-2.814433e-06	-3.031319e-09	-1.947431e+01	-1.969003e+02
3.230000e-06	-2.823411e-06	-3.037065e-09	-1.953643e+01	-1.972967e+02
3.240000e-06	-2.831469e-06	-3.040898e-09	-1.959218e+01	-1.976423e+02
3.250000e-06	-2.838673e-06	-3.043856e-09	-1.964203e+01	-1.979522e+02
3.260000e-06	-2.844908e-06	-3.047606e-09	-1.968517e+01	-1.982344e+02
3.270000e-06	-2.849896e-06	-3.051980e-09	-1.971969e+01	-1.984869e+02
3.280000e-06	-2.853719e-06	-3.054383e-09	-1.974614e+01	-1.986991e+02
3.290000e-06	-2.856626e-06	-3.054127e-09	-1.976626e+01	-1.988565e+02
3.300000e-06	-2.858620e-06	-3.053530e-09	-1.978006e+01	-1.989483e+02
3.310000e-06	-2.859694e-06	-3.053141e-09	-1.978748e+01	-1.989717e+02
3.320000e-06	-2.859834e-06	-3.052540e-09	-1.978845e+01	-1.989342e+02
