# Temperatura_=_30.62
# Concentracion g/m^3_=_13400.0
# C_Vs_to_Am_M_A/Vsm_=_65563218390.804596
# pendiente_HvsI_1/m_=_3716.3
# ordenada_HvsI_A/m_=_1297.0
# frecuencia_Hz_=_300975.3325393738

Tiempo_(s)	Campo_(V.s)	Magnetizacion_(V.s)	Campo_(kA/m)	Magnetizacion_(A/m)
0.000000e+00	-2.859681e-06	-3.347919e-09	-1.978715e+01	-2.178785e+02
1.000000e-08	-2.859261e-06	-3.346133e-09	-1.978424e+01	-2.178069e+02
2.000000e-08	-2.858097e-06	-3.346099e-09	-1.977619e+01	-2.177024e+02
3.000000e-08	-2.855930e-06	-3.344272e-09	-1.976119e+01	-2.175828e+02
4.000000e-08	-2.852480e-06	-3.341292e-09	-1.973732e+01	-2.174588e+02
5.000000e-08	-2.848017e-06	-3.338903e-09	-1.970644e+01	-2.173295e+02
6.000000e-08	-2.842804e-06	-3.337334e-09	-1.967037e+01	-2.171817e+02
7.000000e-08	-2.836733e-06	-3.331334e-09	-1.962836e+01	-2.169935e+02
8.000000e-08	-2.829679e-06	-3.340536e-09	-1.957955e+01	-2.167411e+02
9.000000e-08	-2.821559e-06	-3.377342e-09	-1.952337e+01	-2.164063e+02
1.000000e-07	-2.812196e-06	-3.384164e-09	-1.945858e+01	-2.159824e+02
1.100000e-07	-2.801361e-06	-3.285322e-09	-1.938361e+01	-2.154765e+02
1.200000e-07	-2.789368e-06	-3.211114e-09	-1.930063e+01	-2.149079e+02
1.300000e-07	-2.776645e-06	-3.289622e-09	-1.921259e+01	-2.143020e+02
1.400000e-07	-2.763078e-06	-3.353436e-09	-1.911872e+01	-2.136838e+02
1.500000e-07	-2.748495e-06	-3.258215e-09	-1.901781e+01	-2.130716e+02
1.600000e-07	-2.732917e-06	-3.232064e-09	-1.891002e+01	-2.124728e+02
1.700000e-07	-2.716147e-06	-3.333605e-09	-1.879398e+01	-2.118843e+02
1.800000e-07	-2.698090e-06	-3.235415e-09	-1.866904e+01	-2.112946e+02
1.900000e-07	-2.679209e-06	-3.150237e-09	-1.853840e+01	-2.106892e+02
2.000000e-07	-2.659613e-06	-3.255175e-09	-1.840281e+01	-2.100542e+02
2.100000e-07	-2.639067e-06	-3.189723e-09	-1.826064e+01	-2.093798e+02
2.200000e-07	-2.617643e-06	-3.082582e-09	-1.811240e+01	-2.086606e+02
2.300000e-07	-2.595479e-06	-3.212154e-09	-1.795904e+01	-2.078943e+02
2.400000e-07	-2.572385e-06	-3.258912e-09	-1.779924e+01	-2.070792e+02
2.500000e-07	-2.548330e-06	-3.131827e-09	-1.763280e+01	-2.062129e+02
2.600000e-07	-2.523563e-06	-3.104189e-09	-1.746143e+01	-2.052915e+02
2.700000e-07	-2.497882e-06	-3.111225e-09	-1.728373e+01	-2.043110e+02
2.800000e-07	-2.471035e-06	-3.079469e-09	-1.709797e+01	-2.032700e+02
2.900000e-07	-2.443113e-06	-3.093859e-09	-1.690477e+01	-2.021717e+02
3.000000e-07	-2.414275e-06	-3.055729e-09	-1.670523e+01	-2.010246e+02
3.100000e-07	-2.384642e-06	-3.004732e-09	-1.650018e+01	-1.998416e+02
3.200000e-07	-2.354370e-06	-3.078646e-09	-1.629072e+01	-1.986368e+02
3.300000e-07	-2.323389e-06	-3.054487e-09	-1.607635e+01	-1.974212e+02
3.400000e-07	-2.291559e-06	-2.945367e-09	-1.585611e+01	-1.961995e+02
3.500000e-07	-2.259075e-06	-2.946230e-09	-1.563134e+01	-1.949677e+02
3.600000e-07	-2.226004e-06	-2.942377e-09	-1.540251e+01	-1.937143e+02
3.700000e-07	-2.192006e-06	-2.917915e-09	-1.516727e+01	-1.924236e+02
3.800000e-07	-2.156806e-06	-2.935648e-09	-1.492371e+01	-1.910807e+02
3.900000e-07	-2.120649e-06	-2.899514e-09	-1.467353e+01	-1.896756e+02
4.000000e-07	-2.083895e-06	-2.851270e-09	-1.441921e+01	-1.882069e+02
4.100000e-07	-2.046524e-06	-2.872495e-09	-1.416063e+01	-1.866817e+02
4.200000e-07	-2.008423e-06	-2.837111e-09	-1.389699e+01	-1.851132e+02
4.300000e-07	-1.969563e-06	-2.757114e-09	-1.362811e+01	-1.835161e+02
4.400000e-07	-1.929953e-06	-2.744559e-09	-1.335403e+01	-1.819023e+02
4.500000e-07	-1.889712e-06	-2.759559e-09	-1.307559e+01	-1.802770e+02
4.600000e-07	-1.849057e-06	-2.739267e-09	-1.279428e+01	-1.786374e+02
4.700000e-07	-1.807948e-06	-2.700721e-09	-1.250984e+01	-1.769743e+02
4.800000e-07	-1.766054e-06	-2.656064e-09	-1.221996e+01	-1.752755e+02
4.900000e-07	-1.723121e-06	-2.623852e-09	-1.192289e+01	-1.735298e+02
5.000000e-07	-1.679271e-06	-2.614833e-09	-1.161947e+01	-1.717304e+02
5.100000e-07	-1.634860e-06	-2.582438e-09	-1.131218e+01	-1.698769e+02
5.200000e-07	-1.590050e-06	-2.537877e-09	-1.100212e+01	-1.679742e+02
5.300000e-07	-1.544773e-06	-2.518816e-09	-1.068883e+01	-1.660300e+02
5.400000e-07	-1.498942e-06	-2.504021e-09	-1.037171e+01	-1.640520e+02
5.500000e-07	-1.452577e-06	-2.464147e-09	-1.005090e+01	-1.620440e+02
5.600000e-07	-1.405682e-06	-2.416274e-09	-9.726411e+00	-1.600054e+02
5.700000e-07	-1.358234e-06	-2.375453e-09	-9.398101e+00	-1.579306e+02
5.800000e-07	-1.310282e-06	-2.353016e-09	-9.066303e+00	-1.558118e+02
5.900000e-07	-1.261978e-06	-2.340514e-09	-8.732074e+00	-1.536415e+02
6.000000e-07	-1.213344e-06	-2.302512e-09	-8.395557e+00	-1.514153e+02
6.100000e-07	-1.164257e-06	-2.252863e-09	-8.055907e+00	-1.491332e+02
6.200000e-07	-1.114605e-06	-2.215271e-09	-7.712348e+00	-1.467995e+02
6.300000e-07	-1.064197e-06	-2.184726e-09	-7.363558e+00	-1.444207e+02
6.400000e-07	-1.013149e-06	-2.145866e-09	-7.010339e+00	-1.420028e+02
6.500000e-07	-9.616702e-07	-2.100105e-09	-6.654137e+00	-1.395487e+02
6.600000e-07	-9.097714e-07	-2.060750e-09	-6.295031e+00	-1.370564e+02
6.700000e-07	-8.575124e-07	-2.034174e-09	-5.933433e+00	-1.345192e+02
6.800000e-07	-8.049740e-07	-2.003635e-09	-5.569901e+00	-1.319277e+02
6.900000e-07	-7.521503e-07	-1.953924e-09	-5.204395e+00	-1.292717e+02
7.000000e-07	-6.990317e-07	-1.903903e-09	-4.836848e+00	-1.265435e+02
7.100000e-07	-6.456553e-07	-1.864618e-09	-4.467518e+00	-1.237400e+02
7.200000e-07	-5.920044e-07	-1.825136e-09	-4.096289e+00	-1.208622e+02
7.300000e-07	-5.381337e-07	-1.776336e-09	-3.723538e+00	-1.179150e+02
7.400000e-07	-4.841130e-07	-1.724571e-09	-3.349749e+00	-1.149037e+02
7.500000e-07	-4.298856e-07	-1.676964e-09	-2.974531e+00	-1.118318e+02
7.600000e-07	-3.754855e-07	-1.633666e-09	-2.598117e+00	-1.086987e+02
7.700000e-07	-3.210356e-07	-1.585675e-09	-2.221359e+00	-1.054988e+02
7.800000e-07	-2.665483e-07	-1.529527e-09	-1.844343e+00	-1.022231e+02
7.900000e-07	-2.120085e-07	-1.476357e-09	-1.466962e+00	-9.886117e+01
8.000000e-07	-1.573835e-07	-1.426590e-09	-1.088992e+00	-9.540441e+01
8.100000e-07	-1.026766e-07	-1.372789e-09	-7.104558e-01	-9.184854e+01
8.200000e-07	-4.799952e-08	-1.312155e-09	-3.321257e-01	-8.819474e+01
8.300000e-07	6.654850e-09	-1.251620e-09	4.604727e-02	-8.444893e+01
8.400000e-07	6.134843e-08	-1.196529e-09	4.244916e-01	-8.061933e+01
8.500000e-07	1.160246e-07	-1.143081e-09	8.028151e-01	-7.671319e+01
8.600000e-07	1.706520e-07	-1.083947e-09	1.180802e+00	-7.273354e+01
8.700000e-07	2.252677e-07	-1.017049e-09	1.558707e+00	-6.867719e+01
8.800000e-07	2.798110e-07	-9.509311e-10	1.936111e+00	-6.453455e+01
8.900000e-07	3.342527e-07	-8.881723e-10	2.312813e+00	-6.029124e+01
9.000000e-07	3.885757e-07	-8.229221e-10	2.688693e+00	-5.593094e+01
9.100000e-07	4.427656e-07	-7.516252e-10	3.063653e+00	-5.143847e+01
9.200000e-07	4.967750e-07	-6.801053e-10	3.437362e+00	-4.680187e+01
9.300000e-07	5.505727e-07	-6.099856e-10	3.809608e+00	-4.201305e+01
9.400000e-07	6.041854e-07	-5.378150e-10	4.180573e+00	-3.706659e+01
9.500000e-07	6.576181e-07	-4.596447e-10	4.550293e+00	-3.195740e+01
9.600000e-07	7.107858e-07	-3.749289e-10	4.918179e+00	-2.667815e+01
9.700000e-07	7.636572e-07	-2.905447e-10	5.284015e+00	-2.121741e+01
9.800000e-07	8.163031e-07	-2.083085e-10	5.648291e+00	-1.555944e+01
9.900000e-07	8.686730e-07	-1.211946e-10	6.010657e+00	-9.685628e+00
1.000000e-06	9.206683e-07	-2.524286e-11	6.370431e+00	-3.577215e+00
1.010000e-06	9.722467e-07	7.378412e-11	6.727320e+00	2.781566e+00
1.020000e-06	1.023352e-06	1.738115e-10	7.080935e+00	9.400877e+00
1.030000e-06	1.073815e-06	2.765530e-10	7.430110e+00	1.628379e+01
1.040000e-06	1.123606e-06	3.855519e-10	7.774632e+00	2.342600e+01
1.050000e-06	1.172825e-06	5.013009e-10	8.115194e+00	3.081630e+01
1.060000e-06	1.221617e-06	6.189884e-10	8.452802e+00	3.843689e+01
1.070000e-06	1.270128e-06	7.372371e-10	8.788465e+00	4.626300e+01
1.080000e-06	1.318348e-06	8.565048e-10	9.122119e+00	5.426139e+01
1.090000e-06	1.366144e-06	9.787186e-10	9.452837e+00	6.238834e+01
1.100000e-06	1.413393e-06	1.102331e-09	9.779771e+00	7.058792e+01
1.110000e-06	1.460086e-06	1.226678e-09	1.010285e+01	7.879203e+01
1.120000e-06	1.506296e-06	1.351227e-09	1.042260e+01	8.692302e+01
1.130000e-06	1.551974e-06	1.474889e-09	1.073866e+01	9.489919e+01
1.140000e-06	1.597124e-06	1.592915e-09	1.105107e+01	1.026424e+02
1.150000e-06	1.641893e-06	1.702778e-09	1.136084e+01	1.100861e+02
1.160000e-06	1.686301e-06	1.806819e-09	1.166811e+01	1.171824e+02
1.170000e-06	1.730176e-06	1.905831e-09	1.197170e+01	1.239047e+02
1.180000e-06	1.773319e-06	2.001581e-09	1.227023e+01	1.302478e+02
1.190000e-06	1.815532e-06	2.093757e-09	1.256231e+01	1.362227e+02
1.200000e-06	1.856812e-06	2.182166e-09	1.284794e+01	1.418497e+02
1.210000e-06	1.897428e-06	2.264617e-09	1.312898e+01	1.471512e+02
1.220000e-06	1.937574e-06	2.340273e-09	1.340676e+01	1.521456e+02
1.230000e-06	1.977147e-06	2.408559e-09	1.368058e+01	1.568451e+02
1.240000e-06	2.016030e-06	2.470223e-09	1.394963e+01	1.612564e+02
1.250000e-06	2.054219e-06	2.527865e-09	1.421387e+01	1.653840e+02
1.260000e-06	2.091657e-06	2.584268e-09	1.447292e+01	1.692341e+02
1.270000e-06	2.128470e-06	2.639421e-09	1.472764e+01	1.728176e+02
1.280000e-06	2.164749e-06	2.690854e-09	1.497866e+01	1.761510e+02
1.290000e-06	2.200273e-06	2.736585e-09	1.522447e+01	1.792543e+02
1.300000e-06	2.234738e-06	2.776913e-09	1.546294e+01	1.821481e+02
1.310000e-06	2.268148e-06	2.814323e-09	1.569412e+01	1.848503e+02
1.320000e-06	2.300747e-06	2.848706e-09	1.591969e+01	1.873738e+02
1.330000e-06	2.332677e-06	2.879386e-09	1.614062e+01	1.897266e+02
1.340000e-06	2.363924e-06	2.909816e-09	1.635683e+01	1.919149e+02
1.350000e-06	2.394356e-06	2.941071e-09	1.656740e+01	1.939458e+02
1.360000e-06	2.423978e-06	2.971006e-09	1.677237e+01	1.958309e+02
1.370000e-06	2.452887e-06	2.997539e-09	1.697239e+01	1.975868e+02
1.380000e-06	2.481102e-06	3.020761e-09	1.716762e+01	1.992343e+02
1.390000e-06	2.508353e-06	3.042905e-09	1.735618e+01	2.007942e+02
1.400000e-06	2.534318e-06	3.063992e-09	1.753585e+01	2.022826e+02
1.410000e-06	2.559198e-06	3.083597e-09	1.770800e+01	2.037080e+02
1.420000e-06	2.583277e-06	3.101720e-09	1.787461e+01	2.050691e+02
1.430000e-06	2.606519e-06	3.119322e-09	1.803543e+01	2.063575e+02
1.440000e-06	2.628864e-06	3.137433e-09	1.819004e+01	2.075617e+02
1.450000e-06	2.650328e-06	3.155940e-09	1.833856e+01	2.086725e+02
1.460000e-06	2.671036e-06	3.173401e-09	1.848184e+01	2.096875e+02
1.470000e-06	2.690998e-06	3.187812e-09	1.861997e+01	2.106132e+02
1.480000e-06	2.709972e-06	3.199789e-09	1.875126e+01	2.114634e+02
1.490000e-06	2.727914e-06	3.211770e-09	1.887540e+01	2.122551e+02
1.500000e-06	2.744875e-06	3.223021e-09	1.899277e+01	2.130033e+02
1.510000e-06	2.760722e-06	3.233547e-09	1.910241e+01	2.137165e+02
1.520000e-06	2.775476e-06	3.244370e-09	1.920450e+01	2.143949e+02
1.530000e-06	2.789279e-06	3.254698e-09	1.930001e+01	2.150318e+02
1.540000e-06	2.802098e-06	3.264950e-09	1.938871e+01	2.156171e+02
1.550000e-06	2.813783e-06	3.274551e-09	1.946956e+01	2.161429e+02
1.560000e-06	2.824162e-06	3.282129e-09	1.954138e+01	2.166066e+02
1.570000e-06	2.833362e-06	3.288123e-09	1.960504e+01	2.170132e+02
1.580000e-06	2.841642e-06	3.295033e-09	1.966233e+01	2.173726e+02
1.590000e-06	2.849026e-06	3.303062e-09	1.971342e+01	2.176961e+02
1.600000e-06	2.855414e-06	3.309460e-09	1.975762e+01	2.179911e+02
1.610000e-06	2.860840e-06	3.313184e-09	1.979517e+01	2.182579e+02
1.620000e-06	2.865421e-06	3.314813e-09	1.982687e+01	2.184892e+02
1.630000e-06	2.869067e-06	3.318391e-09	1.985209e+01	2.186722e+02
1.640000e-06	2.871443e-06	3.323795e-09	1.986853e+01	2.187943e+02
1.650000e-06	2.872606e-06	3.327061e-09	1.987658e+01	2.188486e+02
1.660000e-06	2.872883e-06	3.328614e-09	1.987850e+01	2.188370e+02
1.670000e-06	2.872296e-06	3.326700e-09	1.987443e+01	2.187715e+02
1.680000e-06	2.870781e-06	3.322271e-09	1.986395e+01	2.186703e+02
1.690000e-06	2.868333e-06	3.318894e-09	1.984701e+01	2.185518e+02
1.700000e-06	2.865117e-06	3.317081e-09	1.982476e+01	2.184280e+02
1.710000e-06	2.861159e-06	3.316666e-09	1.979737e+01	2.182999e+02
1.720000e-06	2.856119e-06	3.319446e-09	1.976250e+01	2.181557e+02
1.730000e-06	2.849862e-06	3.327067e-09	1.971921e+01	2.179746e+02
1.740000e-06	2.842650e-06	3.298276e-09	1.966930e+01	2.177325e+02
1.750000e-06	2.834505e-06	3.239200e-09	1.961295e+01	2.174099e+02
1.760000e-06	2.824943e-06	3.246494e-09	1.954678e+01	2.169985e+02
1.770000e-06	2.813822e-06	3.344992e-09	1.946983e+01	2.165032e+02
1.780000e-06	2.801971e-06	3.369432e-09	1.938783e+01	2.159419e+02
1.790000e-06	2.790001e-06	3.244153e-09	1.930501e+01	2.153395e+02
1.800000e-06	2.777128e-06	3.231797e-09	1.921593e+01	2.147216e+02
1.810000e-06	2.762543e-06	3.295096e-09	1.911502e+01	2.141076e+02
1.820000e-06	2.746897e-06	3.196459e-09	1.900676e+01	2.135067e+02
1.830000e-06	2.730700e-06	3.150012e-09	1.889468e+01	2.129170e+02
1.840000e-06	2.713321e-06	3.282959e-09	1.877443e+01	2.123282e+02
1.850000e-06	2.694685e-06	3.264689e-09	1.864548e+01	2.117258e+02
1.860000e-06	2.675381e-06	3.120881e-09	1.851191e+01	2.110955e+02
1.870000e-06	2.655261e-06	3.220366e-09	1.837269e+01	2.104270e+02
1.880000e-06	2.633839e-06	3.265314e-09	1.822447e+01	2.097142e+02
1.890000e-06	2.611333e-06	3.068618e-09	1.806874e+01	2.089545e+02
1.900000e-06	2.587920e-06	3.097383e-09	1.790674e+01	2.081464e+02
1.910000e-06	2.563524e-06	3.219112e-09	1.773794e+01	2.072874e+02
1.920000e-06	2.538414e-06	3.146726e-09	1.756419e+01	2.063739e+02
1.930000e-06	2.512564e-06	3.129717e-09	1.738532e+01	2.054019e+02
1.940000e-06	2.485848e-06	3.112832e-09	1.720047e+01	2.043693e+02
1.950000e-06	2.458483e-06	3.054294e-09	1.701111e+01	2.032786e+02
1.960000e-06	2.430135e-06	3.108975e-09	1.681497e+01	2.021375e+02
1.970000e-06	2.400420e-06	3.059821e-09	1.660936e+01	2.009586e+02
1.980000e-06	2.369738e-06	2.948410e-09	1.639706e+01	1.997559e+02
1.990000e-06	2.338353e-06	3.037670e-09	1.617990e+01	1.985413e+02
2.000000e-06	2.306225e-06	3.061553e-09	1.595759e+01	1.973203e+02
2.010000e-06	2.273428e-06	2.971242e-09	1.573066e+01	1.960903e+02
2.020000e-06	2.239803e-06	2.986412e-09	1.549799e+01	1.948407e+02
2.030000e-06	2.205422e-06	2.945233e-09	1.526010e+01	1.935562e+02
2.040000e-06	2.170503e-06	2.887818e-09	1.501848e+01	1.922213e+02
2.050000e-06	2.134866e-06	2.919674e-09	1.477190e+01	1.908252e+02
2.060000e-06	2.098405e-06	2.874353e-09	1.451961e+01	1.893652e+02
2.070000e-06	2.060963e-06	2.831558e-09	1.426054e+01	1.878472e+02
2.080000e-06	2.022482e-06	2.864065e-09	1.399427e+01	1.862837e+02
2.090000e-06	1.983312e-06	2.843036e-09	1.372324e+01	1.846897e+02
2.100000e-06	1.943615e-06	2.795862e-09	1.344856e+01	1.830776e+02
2.110000e-06	1.903270e-06	2.752129e-09	1.316940e+01	1.814537e+02
2.120000e-06	1.862275e-06	2.713886e-09	1.288574e+01	1.798164e+02
2.130000e-06	1.820643e-06	2.714741e-09	1.259767e+01	1.781572e+02
2.140000e-06	1.778354e-06	2.704960e-09	1.230506e+01	1.764641e+02
2.150000e-06	1.735536e-06	2.672206e-09	1.200879e+01	1.747254e+02
2.160000e-06	1.692310e-06	2.641155e-09	1.170970e+01	1.729337e+02
2.170000e-06	1.648644e-06	2.617102e-09	1.140755e+01	1.710876e+02
2.180000e-06	1.604299e-06	2.587142e-09	1.110071e+01	1.691912e+02
2.190000e-06	1.559280e-06	2.543748e-09	1.078921e+01	1.672523e+02
2.200000e-06	1.513662e-06	2.519568e-09	1.047357e+01	1.652786e+02
2.210000e-06	1.467581e-06	2.500462e-09	1.015472e+01	1.632747e+02
2.220000e-06	1.421166e-06	2.475016e-09	9.833554e+00	1.612404e+02
2.230000e-06	1.374179e-06	2.451357e-09	9.508434e+00	1.591711e+02
2.240000e-06	1.326607e-06	2.401887e-09	9.179262e+00	1.570589e+02
2.250000e-06	1.278454e-06	2.353717e-09	8.846076e+00	1.548961e+02
2.260000e-06	1.229782e-06	2.334337e-09	8.509299e+00	1.526778e+02
2.270000e-06	1.180737e-06	2.308746e-09	8.169936e+00	1.504034e+02
2.280000e-06	1.131261e-06	2.274885e-09	7.827599e+00	1.480765e+02
2.290000e-06	1.081309e-06	2.235098e-09	7.481964e+00	1.457036e+02
2.300000e-06	1.030885e-06	2.195083e-09	7.133057e+00	1.432908e+02
2.310000e-06	9.800697e-07	2.164292e-09	6.781450e+00	1.408416e+02
2.320000e-06	9.289810e-07	2.120946e-09	6.427949e+00	1.383549e+02
2.330000e-06	8.776482e-07	2.075286e-09	6.072759e+00	1.358245e+02
2.340000e-06	8.260307e-07	2.041552e-09	5.715600e+00	1.332412e+02
2.350000e-06	7.739946e-07	2.010631e-09	5.355543e+00	1.305948e+02
2.360000e-06	7.214615e-07	1.972971e-09	4.992048e+00	1.278771e+02
2.370000e-06	6.685088e-07	1.924248e-09	4.625649e+00	1.250841e+02
2.380000e-06	6.151591e-07	1.875271e-09	4.256504e+00	1.222166e+02
2.390000e-06	5.614505e-07	1.832610e-09	3.884875e+00	1.192787e+02
2.400000e-06	5.074906e-07	1.792320e-09	3.511508e+00	1.162761e+02
2.410000e-06	4.532486e-07	1.748691e-09	3.136188e+00	1.132126e+02
2.420000e-06	3.987186e-07	1.699638e-09	2.758876e+00	1.100883e+02
2.430000e-06	3.440180e-07	1.651074e-09	2.380383e+00	1.068982e+02
2.440000e-06	2.892123e-07	1.603513e-09	2.001163e+00	1.036338e+02
2.450000e-06	2.343153e-07	1.552971e-09	1.621311e+00	1.002846e+02
2.460000e-06	1.793504e-07	1.498397e-09	1.240989e+00	9.684163e+01
2.470000e-06	1.243637e-07	1.441922e-09	8.605165e-01	9.329979e+01
2.480000e-06	6.934949e-08	1.389225e-09	4.798538e-01	8.965953e+01
2.490000e-06	1.430460e-08	1.336809e-09	9.897863e-02	8.592619e+01
2.500000e-06	-4.074101e-08	1.277603e-09	-2.819015e-01	8.210788e+01
2.510000e-06	-9.574768e-08	1.215564e-09	-6.625122e-01	7.821218e+01
2.520000e-06	-1.507203e-07	1.153846e-09	-1.042887e+00	7.424288e+01
2.530000e-06	-2.056592e-07	1.091763e-09	-1.423029e+00	7.019775e+01
2.540000e-06	-2.605438e-07	1.028271e-09	-1.802795e+00	6.606805e+01
2.550000e-06	-3.153478e-07	9.642087e-10	-2.182004e+00	6.183992e+01
2.560000e-06	-3.700101e-07	9.003963e-10	-2.560231e+00	5.749714e+01
2.570000e-06	-4.244943e-07	8.331582e-10	-2.937227e+00	5.302419e+01
2.580000e-06	-4.787629e-07	7.622490e-10	-3.312730e+00	4.840857e+01
2.590000e-06	-5.328358e-07	6.873473e-10	-3.686880e+00	4.364169e+01
2.600000e-06	-5.866386e-07	6.097669e-10	-4.059161e+00	3.871785e+01
2.610000e-06	-6.400707e-07	5.319099e-10	-4.428876e+00	3.363210e+01
2.620000e-06	-6.931306e-07	4.530531e-10	-4.796016e+00	2.837756e+01
2.630000e-06	-7.457536e-07	3.697582e-10	-5.160134e+00	2.294343e+01
2.640000e-06	-7.979478e-07	2.811260e-10	-5.521284e+00	1.731455e+01
2.650000e-06	-8.497493e-07	1.916789e-10	-5.879717e+00	1.147257e+01
2.660000e-06	-9.012120e-07	1.025048e-10	-6.235806e+00	5.398553e+00
2.670000e-06	-9.524522e-07	7.354581e-12	-6.590355e+00	-9.238703e-01
2.680000e-06	-1.003365e-06	-9.560609e-11	-6.942637e+00	-7.505785e+00
2.690000e-06	-1.053873e-06	-2.008923e-10	-7.292121e+00	-1.435132e+01
2.700000e-06	-1.104003e-06	-3.072512e-10	-7.638987e+00	-2.145720e+01
2.710000e-06	-1.153687e-06	-4.182906e-10	-7.982772e+00	-2.881318e+01
2.720000e-06	-1.202963e-06	-5.369338e-10	-8.323729e+00	-3.640240e+01
2.730000e-06	-1.251778e-06	-6.589867e-10	-8.661494e+00	-4.420115e+01
2.740000e-06	-1.299912e-06	-7.810185e-10	-8.994553e+00	-5.217752e+01
2.750000e-06	-1.347336e-06	-9.031281e-10	-9.322696e+00	-6.028942e+01
2.760000e-06	-1.394093e-06	-1.027597e-09	-9.646224e+00	-6.848270e+01
2.770000e-06	-1.440250e-06	-1.154228e-09	-9.965604e+00	-7.669093e+01
2.780000e-06	-1.485955e-06	-1.279797e-09	-1.028185e+01	-8.483753e+01
2.790000e-06	-1.531290e-06	-1.403246e-09	-1.059554e+01	-9.284096e+01
2.800000e-06	-1.576216e-06	-1.523394e-09	-1.090640e+01	-1.006220e+02
2.810000e-06	-1.620672e-06	-1.638992e-09	-1.121401e+01	-1.081122e+02
2.820000e-06	-1.664583e-06	-1.748998e-09	-1.151784e+01	-1.152604e+02
2.830000e-06	-1.707932e-06	-1.854047e-09	-1.181779e+01	-1.220371e+02
2.840000e-06	-1.750808e-06	-1.953034e-09	-1.211446e+01	-1.284342e+02
2.850000e-06	-1.793183e-06	-2.045832e-09	-1.240767e+01	-1.344608e+02
2.860000e-06	-1.834987e-06	-2.133077e-09	-1.269693e+01	-1.401363e+02
2.870000e-06	-1.876174e-06	-2.214958e-09	-1.298192e+01	-1.454832e+02
2.880000e-06	-1.916721e-06	-2.292981e-09	-1.326247e+01	-1.505207e+02
2.890000e-06	-1.956626e-06	-2.366495e-09	-1.353859e+01	-1.552620e+02
2.900000e-06	-1.995929e-06	-2.435421e-09	-1.381054e+01	-1.597144e+02
2.910000e-06	-2.034646e-06	-2.501642e-09	-1.407844e+01	-1.638824e+02
2.920000e-06	-2.072572e-06	-2.565306e-09	-1.434086e+01	-1.677718e+02
2.930000e-06	-2.109451e-06	-2.624818e-09	-1.459604e+01	-1.713927e+02
2.940000e-06	-2.145349e-06	-2.679006e-09	-1.484443e+01	-1.747608e+02
2.950000e-06	-2.180570e-06	-2.728634e-09	-1.508814e+01	-1.778959e+02
2.960000e-06	-2.215184e-06	-2.775453e-09	-1.532764e+01	-1.808186e+02
2.970000e-06	-2.249012e-06	-2.819897e-09	-1.556172e+01	-1.835475e+02
2.980000e-06	-2.282042e-06	-2.861065e-09	-1.579026e+01	-1.860960e+02
2.990000e-06	-2.314304e-06	-2.898367e-09	-1.601349e+01	-1.884731e+02
3.000000e-06	-2.345804e-06	-2.933149e-09	-1.623145e+01	-1.906847e+02
3.010000e-06	-2.376584e-06	-2.965255e-09	-1.644443e+01	-1.927377e+02
3.020000e-06	-2.406450e-06	-2.996163e-09	-1.665108e+01	-1.946428e+02
3.030000e-06	-2.435206e-06	-3.026822e-09	-1.685005e+01	-1.964162e+02
3.040000e-06	-2.462926e-06	-3.055007e-09	-1.704186e+01	-1.980781e+02
3.050000e-06	-2.489816e-06	-3.080484e-09	-1.722792e+01	-1.996495e+02
3.060000e-06	-2.515962e-06	-3.103429e-09	-1.740884e+01	-2.011476e+02
3.070000e-06	-2.541224e-06	-3.125177e-09	-1.758363e+01	-2.025820e+02
3.080000e-06	-2.565613e-06	-3.145959e-09	-1.775239e+01	-2.039529e+02
3.090000e-06	-2.589269e-06	-3.164460e-09	-1.791607e+01	-2.052526e+02
3.100000e-06	-2.612150e-06	-3.182924e-09	-1.807439e+01	-2.064697e+02
3.110000e-06	-2.633982e-06	-3.202490e-09	-1.822546e+01	-2.075943e+02
3.120000e-06	-2.654521e-06	-3.221100e-09	-1.836758e+01	-2.086230e+02
3.130000e-06	-2.674021e-06	-3.237748e-09	-1.850250e+01	-2.095609e+02
3.140000e-06	-2.692735e-06	-3.250954e-09	-1.863199e+01	-2.104210e+02
3.150000e-06	-2.710601e-06	-3.261542e-09	-1.875561e+01	-2.112202e+02
3.160000e-06	-2.727570e-06	-3.271468e-09	-1.887302e+01	-2.119741e+02
3.170000e-06	-2.743644e-06	-3.278855e-09	-1.898425e+01	-2.126923e+02
3.180000e-06	-2.758879e-06	-3.285749e-09	-1.908966e+01	-2.133762e+02
3.190000e-06	-2.773154e-06	-3.295922e-09	-1.918844e+01	-2.140198e+02
3.200000e-06	-2.786036e-06	-3.308905e-09	-1.927757e+01	-2.146133e+02
3.210000e-06	-2.797597e-06	-3.320807e-09	-1.935757e+01	-2.151480e+02
3.220000e-06	-2.808155e-06	-3.329176e-09	-1.943062e+01	-2.156207e+02
3.230000e-06	-2.817714e-06	-3.334604e-09	-1.949677e+01	-2.160350e+02
3.240000e-06	-2.826291e-06	-3.336653e-09	-1.955611e+01	-2.164007e+02
3.250000e-06	-2.833993e-06	-3.335991e-09	-1.960940e+01	-2.167288e+02
3.260000e-06	-2.840899e-06	-3.335967e-09	-1.965719e+01	-2.170279e+02
3.270000e-06	-2.846722e-06	-3.339100e-09	-1.969748e+01	-2.172993e+02
3.280000e-06	-2.851200e-06	-3.345630e-09	-1.972846e+01	-2.175365e+02
3.290000e-06	-2.854641e-06	-3.350927e-09	-1.975228e+01	-2.177274e+02
3.300000e-06	-2.857245e-06	-3.352162e-09	-1.977029e+01	-2.178590e+02
3.310000e-06	-2.858911e-06	-3.352374e-09	-1.978182e+01	-2.179233e+02
3.320000e-06	-2.859615e-06	-3.351231e-09	-1.978669e+01	-2.179208e+02
