# Temperatura_=_25.15
# Concentracion g/m^3_=_13400.0
# C_Vs_to_Am_M_A/Vsm_=_65563218390.804596
# pendiente_HvsI_1/m_=_3716.3
# ordenada_HvsI_A/m_=_1297.0
# frecuencia_Hz_=_300988.28659791313

Tiempo_(s)	Campo_(V.s)	Magnetizacion_(V.s)	Campo_(kA/m)	Magnetizacion_(A/m)
0.000000e+00	-2.857417e-06	-3.282816e-09	-1.978186e+01	-2.139652e+02
1.000000e-08	-2.856455e-06	-3.282402e-09	-1.977520e+01	-2.138077e+02
2.000000e-08	-2.854452e-06	-3.280901e-09	-1.976134e+01	-2.136290e+02
3.000000e-08	-2.851158e-06	-3.279541e-09	-1.973853e+01	-2.134535e+02
4.000000e-08	-2.846885e-06	-3.277344e-09	-1.970895e+01	-2.132877e+02
5.000000e-08	-2.841867e-06	-3.272697e-09	-1.967421e+01	-2.131160e+02
6.000000e-08	-2.836017e-06	-3.265122e-09	-1.963371e+01	-2.129051e+02
7.000000e-08	-2.829216e-06	-3.269856e-09	-1.958662e+01	-2.126162e+02
8.000000e-08	-2.821407e-06	-3.305640e-09	-1.953256e+01	-2.122211e+02
9.000000e-08	-2.812319e-06	-3.305150e-09	-1.946965e+01	-2.117145e+02
1.000000e-07	-2.801699e-06	-3.210702e-09	-1.939613e+01	-2.111205e+02
1.100000e-07	-2.789892e-06	-3.138725e-09	-1.931438e+01	-2.104867e+02
1.200000e-07	-2.777370e-06	-3.236698e-09	-1.922770e+01	-2.098706e+02
1.300000e-07	-2.764032e-06	-3.300971e-09	-1.913536e+01	-2.093207e+02
1.400000e-07	-2.749687e-06	-3.146529e-09	-1.903605e+01	-2.088604e+02
1.500000e-07	-2.734393e-06	-3.170778e-09	-1.893017e+01	-2.084790e+02
1.600000e-07	-2.717801e-06	-3.303747e-09	-1.881530e+01	-2.081347e+02
1.700000e-07	-2.699858e-06	-3.166104e-09	-1.869108e+01	-2.077674e+02
1.800000e-07	-2.681151e-06	-3.076848e-09	-1.856157e+01	-2.073170e+02
1.900000e-07	-2.661806e-06	-3.222401e-09	-1.842765e+01	-2.067422e+02
2.000000e-07	-2.641600e-06	-3.165665e-09	-1.828776e+01	-2.060310e+02
2.100000e-07	-2.620531e-06	-3.013669e-09	-1.814190e+01	-2.052020e+02
2.200000e-07	-2.598657e-06	-3.152788e-09	-1.799047e+01	-2.042948e+02
2.300000e-07	-2.575790e-06	-3.203463e-09	-1.783216e+01	-2.033550e+02
2.400000e-07	-2.551950e-06	-3.062171e-09	-1.766712e+01	-2.024180e+02
2.500000e-07	-2.527390e-06	-3.053373e-09	-1.749709e+01	-2.014986e+02
2.600000e-07	-2.502015e-06	-3.070786e-09	-1.732142e+01	-2.005892e+02
2.700000e-07	-2.475488e-06	-3.029875e-09	-1.713777e+01	-1.996662e+02
2.800000e-07	-2.447802e-06	-3.050289e-09	-1.694610e+01	-1.987024e+02
2.900000e-07	-2.419193e-06	-2.995702e-09	-1.674804e+01	-1.976787e+02
3.000000e-07	-2.389808e-06	-2.962656e-09	-1.654461e+01	-1.965920e+02
3.100000e-07	-2.359747e-06	-3.015351e-09	-1.633650e+01	-1.954550e+02
3.200000e-07	-2.328949e-06	-2.970994e-09	-1.612328e+01	-1.942899e+02
3.300000e-07	-2.297332e-06	-2.918528e-09	-1.590440e+01	-1.931172e+02
3.400000e-07	-2.264997e-06	-2.924474e-09	-1.568054e+01	-1.919463e+02
3.500000e-07	-2.232045e-06	-2.869347e-09	-1.545242e+01	-1.907702e+02
3.600000e-07	-2.198229e-06	-2.866015e-09	-1.521831e+01	-1.895682e+02
3.700000e-07	-2.163252e-06	-2.914378e-09	-1.497617e+01	-1.883130e+02
3.800000e-07	-2.127298e-06	-2.831116e-09	-1.472726e+01	-1.869820e+02
3.900000e-07	-2.090748e-06	-2.800397e-09	-1.447422e+01	-1.855660e+02
4.000000e-07	-2.053591e-06	-2.842555e-09	-1.421698e+01	-1.840734e+02
4.100000e-07	-2.015659e-06	-2.787599e-09	-1.395438e+01	-1.825264e+02
4.200000e-07	-1.976984e-06	-2.713936e-09	-1.368664e+01	-1.809535e+02
4.300000e-07	-1.937582e-06	-2.717744e-09	-1.341385e+01	-1.793779e+02
4.400000e-07	-1.897539e-06	-2.715764e-09	-1.313664e+01	-1.778097e+02
4.500000e-07	-1.857079e-06	-2.695554e-09	-1.285653e+01	-1.762420e+02
4.600000e-07	-1.816214e-06	-2.671409e-09	-1.257363e+01	-1.746545e+02
4.700000e-07	-1.774564e-06	-2.623637e-09	-1.228529e+01	-1.730211e+02
4.800000e-07	-1.731753e-06	-2.593203e-09	-1.198891e+01	-1.713204e+02
4.900000e-07	-1.687989e-06	-2.577041e-09	-1.168593e+01	-1.695430e+02
5.000000e-07	-1.643710e-06	-2.550074e-09	-1.137938e+01	-1.676941e+02
5.100000e-07	-1.599030e-06	-2.509907e-09	-1.107007e+01	-1.657907e+02
5.200000e-07	-1.553888e-06	-2.488363e-09	-1.075754e+01	-1.638537e+02
5.300000e-07	-1.508222e-06	-2.467824e-09	-1.044140e+01	-1.618994e+02
5.400000e-07	-1.462027e-06	-2.436441e-09	-1.012159e+01	-1.599331e+02
5.500000e-07	-1.415310e-06	-2.389279e-09	-9.798176e+00	-1.579469e+02
5.600000e-07	-1.368067e-06	-2.342411e-09	-9.471107e+00	-1.559240e+02
5.700000e-07	-1.320295e-06	-2.326246e-09	-9.140388e+00	-1.538451e+02
5.800000e-07	-1.272102e-06	-2.311012e-09	-8.806748e+00	-1.516964e+02
5.900000e-07	-1.223635e-06	-2.273367e-09	-8.471212e+00	-1.494745e+02
6.000000e-07	-1.174773e-06	-2.226769e-09	-8.132940e+00	-1.471877e+02
6.100000e-07	-1.125237e-06	-2.188758e-09	-7.789999e+00	-1.448512e+02
6.200000e-07	-1.074953e-06	-2.151566e-09	-7.441883e+00	-1.424809e+02
6.300000e-07	-1.024038e-06	-2.115475e-09	-7.089404e+00	-1.400861e+02
6.400000e-07	-9.726041e-07	-2.072554e-09	-6.733325e+00	-1.376653e+02
6.500000e-07	-9.207259e-07	-2.031519e-09	-6.374173e+00	-1.352062e+02
6.600000e-07	-8.685128e-07	-2.004145e-09	-6.012703e+00	-1.326899e+02
6.700000e-07	-8.160793e-07	-1.971890e-09	-5.649706e+00	-1.300982e+02
6.800000e-07	-7.634030e-07	-1.924895e-09	-5.285029e+00	-1.274194e+02
6.900000e-07	-7.104446e-07	-1.872213e-09	-4.918398e+00	-1.246528e+02
7.000000e-07	-6.571769e-07	-1.830483e-09	-4.549627e+00	-1.218083e+02
7.100000e-07	-6.035991e-07	-1.793112e-09	-4.178708e+00	-1.189018e+02
7.200000e-07	-5.498107e-07	-1.750826e-09	-3.806332e+00	-1.159488e+02
7.300000e-07	-4.958397e-07	-1.699035e-09	-3.432692e+00	-1.129584e+02
7.400000e-07	-4.416946e-07	-1.646564e-09	-3.057846e+00	-1.099293e+02
7.500000e-07	-3.874529e-07	-1.600256e-09	-2.682331e+00	-1.068498e+02
7.600000e-07	-3.331239e-07	-1.552105e-09	-2.306213e+00	-1.037019e+02
7.700000e-07	-2.787094e-07	-1.498876e-09	-1.929502e+00	-1.004674e+02
7.800000e-07	-2.242690e-07	-1.447363e-09	-1.552612e+00	-9.713305e+01
7.900000e-07	-1.697970e-07	-1.401102e-09	-1.175502e+00	-9.369522e+01
8.000000e-07	-1.152627e-07	-1.349738e-09	-7.979620e-01	-9.015964e+01
8.100000e-07	-6.071420e-08	-1.291199e-09	-4.203236e-01	-8.653872e+01
8.200000e-07	-6.172749e-09	-1.229148e-09	-4.273386e-02	-8.284638e+01
8.300000e-07	4.840593e-08	-1.170898e-09	3.351136e-01	-7.909274e+01
8.400000e-07	1.030193e-07	-1.115542e-09	7.132015e-01	-7.528028e+01
8.500000e-07	1.575743e-07	-1.058007e-09	1.090885e+00	-7.140270e+01
8.600000e-07	2.120385e-07	-9.960159e-10	1.467940e+00	-6.744661e+01
8.700000e-07	2.664794e-07	-9.328894e-10	1.844833e+00	-6.339521e+01
8.800000e-07	3.208940e-07	-8.726259e-10	2.221545e+00	-5.923267e+01
8.900000e-07	3.752252e-07	-8.090910e-10	2.597679e+00	-5.494756e+01
9.000000e-07	4.294291e-07	-7.400013e-10	2.972932e+00	-5.053437e+01
9.100000e-07	4.834823e-07	-6.684690e-10	3.347142e+00	-4.599275e+01
9.200000e-07	5.373004e-07	-5.980612e-10	3.719724e+00	-4.132484e+01
9.300000e-07	5.909138e-07	-5.255820e-10	4.090888e+00	-3.653170e+01
9.400000e-07	6.442984e-07	-4.482802e-10	4.460470e+00	-3.160997e+01
9.500000e-07	6.973985e-07	-3.685547e-10	4.828080e+00	-2.654987e+01
9.600000e-07	7.502567e-07	-2.892921e-10	5.194017e+00	-2.133500e+01
9.700000e-07	8.028537e-07	-2.117999e-10	5.558145e+00	-1.594409e+01
9.800000e-07	8.552315e-07	-1.297327e-10	5.920756e+00	-1.035409e+01
9.900000e-07	9.073890e-07	-3.997547e-11	6.281842e+00	-4.543806e+00
1.000000e-06	9.591768e-07	5.504973e-11	6.640368e+00	1.502851e+00
1.010000e-06	1.010478e-06	1.515220e-10	6.995527e+00	7.794815e+00
1.020000e-06	1.061164e-06	2.504065e-10	7.346424e+00	1.433329e+01
1.030000e-06	1.111058e-06	3.543182e-10	7.691837e+00	2.111254e+01
1.040000e-06	1.160312e-06	4.633862e-10	8.032823e+00	2.812138e+01
1.050000e-06	1.209146e-06	5.734749e-10	8.370903e+00	3.534449e+01
1.060000e-06	1.257661e-06	6.827999e-10	8.706769e+00	4.276280e+01
1.070000e-06	1.305882e-06	7.964916e-10	9.040606e+00	5.035233e+01
1.080000e-06	1.353721e-06	9.151089e-10	9.371794e+00	5.808174e+01
1.090000e-06	1.401077e-06	1.033286e-09	9.699640e+00	6.590949e+01
1.100000e-06	1.447887e-06	1.151275e-09	1.002370e+01	7.378170e+01
1.110000e-06	1.494179e-06	1.272010e-09	1.034418e+01	8.163238e+01
1.120000e-06	1.539933e-06	1.391954e-09	1.066094e+01	8.938662e+01
1.130000e-06	1.585122e-06	1.506258e-09	1.097378e+01	9.696700e+01
1.140000e-06	1.629876e-06	1.613388e-09	1.128361e+01	1.043020e+02
1.150000e-06	1.674316e-06	1.714936e-09	1.159127e+01	1.113344e+02
1.160000e-06	1.718353e-06	1.813581e-09	1.189613e+01	1.180276e+02
1.170000e-06	1.761699e-06	1.909572e-09	1.219622e+01	1.243677e+02
1.180000e-06	1.804139e-06	2.002584e-09	1.249003e+01	1.303611e+02
1.190000e-06	1.845653e-06	2.092163e-09	1.277743e+01	1.360271e+02
1.200000e-06	1.886425e-06	2.176244e-09	1.305970e+01	1.413890e+02
1.210000e-06	1.926656e-06	2.252811e-09	1.333821e+01	1.464664e+02
1.220000e-06	1.966304e-06	2.322599e-09	1.361269e+01	1.512691e+02
1.230000e-06	2.005296e-06	2.386628e-09	1.388264e+01	1.557976e+02
1.240000e-06	2.043649e-06	2.445688e-09	1.414815e+01	1.600463e+02
1.250000e-06	2.081259e-06	2.503141e-09	1.440853e+01	1.640108e+02
1.260000e-06	2.118149e-06	2.558765e-09	1.466392e+01	1.676941e+02
1.270000e-06	2.154526e-06	2.612292e-09	1.491576e+01	1.711106e+02
1.280000e-06	2.190257e-06	2.661369e-09	1.516312e+01	1.742855e+02
1.290000e-06	2.224968e-06	2.705206e-09	1.540342e+01	1.772499e+02
1.300000e-06	2.258589e-06	2.743441e-09	1.563618e+01	1.800337e+02
1.310000e-06	2.291409e-06	2.777024e-09	1.586339e+01	1.826591e+02
1.320000e-06	2.323547e-06	2.808684e-09	1.608588e+01	1.851367e+02
1.330000e-06	2.354918e-06	2.840979e-09	1.630306e+01	1.874665e+02
1.340000e-06	2.385509e-06	2.873692e-09	1.651485e+01	1.896432e+02
1.350000e-06	2.415270e-06	2.905020e-09	1.672088e+01	1.916633e+02
1.360000e-06	2.444273e-06	2.934416e-09	1.692167e+01	1.935314e+02
1.370000e-06	2.472672e-06	2.960934e-09	1.711828e+01	1.952632e+02
1.380000e-06	2.500243e-06	2.984263e-09	1.730915e+01	1.968832e+02
1.390000e-06	2.526649e-06	3.003769e-09	1.749196e+01	1.984183e+02
1.400000e-06	2.551915e-06	3.021936e-09	1.766688e+01	1.998896e+02
1.410000e-06	2.576219e-06	3.042310e-09	1.783513e+01	2.013058e+02
1.420000e-06	2.599631e-06	3.063758e-09	1.799721e+01	2.026611e+02
1.430000e-06	2.622171e-06	3.083704e-09	1.815325e+01	2.039385e+02
1.440000e-06	2.643822e-06	3.103241e-09	1.830315e+01	2.051174e+02
1.450000e-06	2.664651e-06	3.122723e-09	1.844734e+01	2.061834e+02
1.460000e-06	2.684796e-06	3.139660e-09	1.858681e+01	2.071352e+02
1.470000e-06	2.704035e-06	3.151460e-09	1.872000e+01	2.079869e+02
1.480000e-06	2.722158e-06	3.159221e-09	1.884547e+01	2.087640e+02
1.490000e-06	2.739283e-06	3.167273e-09	1.896402e+01	2.094951e+02
1.500000e-06	2.755454e-06	3.179712e-09	1.907597e+01	2.102017e+02
1.510000e-06	2.770541e-06	3.195169e-09	1.918042e+01	2.108908e+02
1.520000e-06	2.784536e-06	3.209083e-09	1.927731e+01	2.115533e+02
1.530000e-06	2.797577e-06	3.220547e-09	1.936759e+01	2.121685e+02
1.540000e-06	2.809617e-06	3.231682e-09	1.945094e+01	2.127130e+02
1.550000e-06	2.820427e-06	3.239750e-09	1.952578e+01	2.131712e+02
1.560000e-06	2.829965e-06	3.242879e-09	1.959181e+01	2.135422e+02
1.570000e-06	2.838479e-06	3.244432e-09	1.965075e+01	2.138410e+02
1.580000e-06	2.846078e-06	3.248525e-09	1.970336e+01	2.140927e+02
1.590000e-06	2.852643e-06	3.256396e-09	1.974881e+01	2.143227e+02
1.600000e-06	2.858184e-06	3.264632e-09	1.978717e+01	2.145464e+02
1.610000e-06	2.862902e-06	3.269356e-09	1.981983e+01	2.147627e+02
1.620000e-06	2.866784e-06	3.272757e-09	1.984671e+01	2.149546e+02
1.630000e-06	2.869471e-06	3.276813e-09	1.986531e+01	2.150959e+02
1.640000e-06	2.870895e-06	3.278236e-09	1.987517e+01	2.151625e+02
1.650000e-06	2.871376e-06	3.276414e-09	1.987850e+01	2.151430e+02
1.660000e-06	2.870993e-06	3.273227e-09	1.987585e+01	2.150444e+02
1.670000e-06	2.869667e-06	3.270962e-09	1.986667e+01	2.148904e+02
1.680000e-06	2.867438e-06	3.270385e-09	1.985124e+01	2.147120e+02
1.690000e-06	2.864436e-06	3.268140e-09	1.983046e+01	2.145348e+02
1.700000e-06	2.860670e-06	3.264273e-09	1.980438e+01	2.143677e+02
1.710000e-06	2.855869e-06	3.264150e-09	1.977114e+01	2.141973e+02
1.720000e-06	2.849829e-06	3.270986e-09	1.972933e+01	2.139919e+02
1.730000e-06	2.842795e-06	3.243060e-09	1.968063e+01	2.137125e+02
1.740000e-06	2.834883e-06	3.185714e-09	1.962586e+01	2.133288e+02
1.750000e-06	2.825644e-06	3.195315e-09	1.956189e+01	2.128329e+02
1.760000e-06	2.814833e-06	3.305199e-09	1.948705e+01	2.122457e+02
1.770000e-06	2.803102e-06	3.288935e-09	1.940584e+01	2.116128e+02
1.780000e-06	2.791258e-06	3.173304e-09	1.932384e+01	2.109915e+02
1.790000e-06	2.778695e-06	3.186359e-09	1.923687e+01	2.104322e+02
1.800000e-06	2.764417e-06	3.265005e-09	1.913802e+01	2.099616e+02
1.810000e-06	2.748907e-06	3.123376e-09	1.903065e+01	2.095726e+02
1.820000e-06	2.732841e-06	3.070241e-09	1.891942e+01	2.092264e+02
1.830000e-06	2.715696e-06	3.269801e-09	1.880073e+01	2.088639e+02
1.840000e-06	2.697245e-06	3.201758e-09	1.867299e+01	2.084243e+02
1.850000e-06	2.678109e-06	3.028935e-09	1.854051e+01	2.078633e+02
1.860000e-06	2.658240e-06	3.183498e-09	1.840296e+01	2.071657e+02
1.870000e-06	2.637140e-06	3.217065e-09	1.825688e+01	2.063470e+02
1.880000e-06	2.614939e-06	2.991808e-09	1.810319e+01	2.054453e+02
1.890000e-06	2.591782e-06	3.049768e-09	1.794287e+01	2.045064e+02
1.900000e-06	2.567599e-06	3.150298e-09	1.777545e+01	2.035673e+02
1.910000e-06	2.542658e-06	3.061243e-09	1.760279e+01	2.026455e+02
1.920000e-06	2.516970e-06	3.054851e-09	1.742495e+01	2.017353e+02
1.930000e-06	2.490344e-06	3.047332e-09	1.724062e+01	2.008145e+02
1.940000e-06	2.463056e-06	2.988970e-09	1.705171e+01	1.998556e+02
1.950000e-06	2.435017e-06	3.066267e-09	1.685759e+01	1.988381e+02
1.960000e-06	2.405757e-06	2.998237e-09	1.665502e+01	1.977571e+02
1.970000e-06	2.375423e-06	2.899662e-09	1.644502e+01	1.966240e+02
1.980000e-06	2.344299e-06	2.999152e-09	1.622955e+01	1.954601e+02
1.990000e-06	2.312411e-06	2.961109e-09	1.600879e+01	1.942869e+02
2.000000e-06	2.279786e-06	2.908567e-09	1.578293e+01	1.931152e+02
2.010000e-06	2.246310e-06	2.970731e-09	1.555118e+01	1.919398e+02
2.020000e-06	2.212028e-06	2.873425e-09	1.531384e+01	1.907412e+02
2.030000e-06	2.177148e-06	2.836460e-09	1.507237e+01	1.894923e+02
2.040000e-06	2.141636e-06	2.911239e-09	1.482651e+01	1.881695e+02
2.050000e-06	2.105406e-06	2.812365e-09	1.457570e+01	1.867620e+02
2.060000e-06	2.068260e-06	2.776208e-09	1.431854e+01	1.852760e+02
2.070000e-06	2.030032e-06	2.830973e-09	1.405389e+01	1.837329e+02
2.080000e-06	1.990982e-06	2.784355e-09	1.378355e+01	1.821608e+02
2.090000e-06	1.951386e-06	2.750415e-09	1.350942e+01	1.805842e+02
2.100000e-06	1.911178e-06	2.713872e-09	1.323106e+01	1.790146e+02
2.110000e-06	1.870319e-06	2.671740e-09	1.294819e+01	1.774470e+02
2.120000e-06	1.828873e-06	2.679625e-09	1.266126e+01	1.758622e+02
2.130000e-06	1.786841e-06	2.660108e-09	1.237028e+01	1.742343e+02
2.140000e-06	1.744218e-06	2.627756e-09	1.207520e+01	1.725408e+02
2.150000e-06	1.701078e-06	2.603745e-09	1.177654e+01	1.707710e+02
2.160000e-06	1.657498e-06	2.570424e-09	1.147484e+01	1.689285e+02
2.170000e-06	1.613365e-06	2.544890e-09	1.116930e+01	1.670293e+02
2.180000e-06	1.568546e-06	2.510641e-09	1.085903e+01	1.650943e+02
2.190000e-06	1.523052e-06	2.481643e-09	1.054407e+01	1.631408e+02
2.200000e-06	1.477043e-06	2.462788e-09	1.022555e+01	1.611752e+02
2.210000e-06	1.430676e-06	2.438897e-09	9.904551e+00	1.591913e+02
2.220000e-06	1.383796e-06	2.414936e-09	9.580000e+00	1.571726e+02
2.230000e-06	1.336399e-06	2.359536e-09	9.251874e+00	1.550999e+02
2.240000e-06	1.288490e-06	2.318900e-09	8.920203e+00	1.529584e+02
2.250000e-06	1.239979e-06	2.302443e-09	8.584357e+00	1.507435e+02
2.260000e-06	1.191032e-06	2.269951e-09	8.245502e+00	1.484624e+02
2.270000e-06	1.141707e-06	2.241938e-09	7.904026e+00	1.461297e+02
2.280000e-06	1.091964e-06	2.204327e-09	7.559653e+00	1.437618e+02
2.290000e-06	1.041789e-06	2.163065e-09	7.212292e+00	1.413689e+02
2.300000e-06	9.911274e-07	2.132270e-09	6.861562e+00	1.389507e+02
2.310000e-06	9.400715e-07	2.088824e-09	6.508103e+00	1.364958e+02
2.320000e-06	8.887824e-07	2.043900e-09	6.153029e+00	1.339860e+02
2.330000e-06	8.372575e-07	2.009552e-09	5.796322e+00	1.314025e+02
2.340000e-06	7.854227e-07	1.975845e-09	5.437471e+00	1.287326e+02
2.350000e-06	7.332168e-07	1.939803e-09	5.076050e+00	1.259745e+02
2.360000e-06	6.805650e-07	1.889613e-09	4.711543e+00	1.231370e+02
2.370000e-06	6.274597e-07	1.839089e-09	4.343895e+00	1.202357e+02
2.380000e-06	5.739518e-07	1.797142e-09	3.973461e+00	1.172865e+02
2.390000e-06	5.200903e-07	1.755993e-09	3.600578e+00	1.142993e+02
2.400000e-06	4.658609e-07	1.713861e-09	3.225149e+00	1.112741e+02
2.410000e-06	4.113932e-07	1.664544e-09	2.848069e+00	1.082001e+02
2.420000e-06	3.567653e-07	1.617208e-09	2.469881e+00	1.050599e+02
2.430000e-06	3.019709e-07	1.569280e-09	2.090541e+00	1.018348e+02
2.440000e-06	2.470982e-07	1.515422e-09	1.710657e+00	9.851088e+01
2.450000e-06	1.921511e-07	1.460847e-09	1.330260e+00	9.508338e+01
2.460000e-06	1.371441e-07	1.406517e-09	9.494468e-01	9.155713e+01
2.470000e-06	8.208527e-08	1.355880e-09	5.682753e-01	8.794403e+01
2.480000e-06	2.698697e-08	1.304300e-09	1.868304e-01	8.425812e+01
2.490000e-06	-2.811588e-08	1.246002e-09	-1.946459e-01	8.051014e+01
2.500000e-06	-8.321690e-08	1.183740e-09	-5.761095e-01	7.670351e+01
2.510000e-06	-1.382632e-07	1.121544e-09	-9.571945e-01	7.283281e+01
2.520000e-06	-1.932388e-07	1.061204e-09	-1.337790e+00	6.888528e+01
2.530000e-06	-2.481992e-07	1.001178e-09	-1.718280e+00	6.484426e+01
2.540000e-06	-3.030806e-07	9.392991e-10	-2.098223e+00	6.069365e+01
2.550000e-06	-3.578120e-07	8.782359e-10	-2.477128e+00	5.642141e+01
2.560000e-06	-4.123727e-07	8.136589e-10	-2.854851e+00	5.202140e+01
2.570000e-06	-4.667288e-07	7.413635e-10	-3.231158e+00	4.749282e+01
2.580000e-06	-5.207845e-07	6.663975e-10	-3.605384e+00	4.283771e+01
2.590000e-06	-5.744799e-07	5.917113e-10	-3.977117e+00	3.805741e+01
2.600000e-06	-6.278474e-07	5.182512e-10	-4.346579e+00	3.314917e+01
2.610000e-06	-6.808402e-07	4.438407e-10	-4.713447e+00	2.810394e+01
2.620000e-06	-7.333980e-07	3.658353e-10	-5.077305e+00	2.290598e+01
2.630000e-06	-7.855490e-07	2.822960e-10	-5.438345e+00	1.753440e+01
2.640000e-06	-8.373541e-07	1.964604e-10	-5.796991e+00	1.196617e+01
2.650000e-06	-8.888557e-07	1.104720e-10	-6.153537e+00	6.179737e+00
2.660000e-06	-9.400998e-07	1.869414e-11	-6.508299e+00	1.583375e-01
2.670000e-06	-9.910896e-07	-8.076407e-11	-6.861300e+00	-6.107785e+00
2.680000e-06	-1.041686e-06	-1.818014e-10	-7.211577e+00	-1.262065e+01
2.690000e-06	-1.091800e-06	-2.800673e-10	-7.558518e+00	-1.937518e+01
2.700000e-06	-1.141534e-06	-3.825362e-10	-7.902824e+00	-2.636072e+01
2.710000e-06	-1.190920e-06	-4.944629e-10	-8.244721e+00	-3.356235e+01
2.720000e-06	-1.239842e-06	-6.101745e-10	-8.583409e+00	-4.096142e+01
2.730000e-06	-1.288068e-06	-7.236962e-10	-8.917279e+00	-4.853458e+01
2.740000e-06	-1.335461e-06	-8.392842e-10	-9.245376e+00	-5.625143e+01
2.750000e-06	-1.382150e-06	-9.609680e-10	-9.568605e+00	-6.407162e+01
2.760000e-06	-1.428330e-06	-1.083487e-09	-9.888309e+00	-7.194266e+01
2.770000e-06	-1.474114e-06	-1.203432e-09	-1.020527e+01	-7.979974e+01
2.780000e-06	-1.519568e-06	-1.320685e-09	-1.051995e+01	-8.756867e+01
2.790000e-06	-1.564621e-06	-1.436659e-09	-1.083185e+01	-9.517192e+01
2.800000e-06	-1.609086e-06	-1.551998e-09	-1.113968e+01	-1.025369e+02
2.810000e-06	-1.652968e-06	-1.662793e-09	-1.144348e+01	-1.096045e+02
2.820000e-06	-1.696430e-06	-1.766723e-09	-1.174436e+01	-1.163357e+02
2.830000e-06	-1.739521e-06	-1.865112e-09	-1.204268e+01	-1.227143e+02
2.840000e-06	-1.782052e-06	-1.957612e-09	-1.233712e+01	-1.287448e+02
2.850000e-06	-1.823961e-06	-2.044468e-09	-1.262726e+01	-1.344453e+02
2.860000e-06	-1.865316e-06	-2.126149e-09	-1.291356e+01	-1.398394e+02
2.870000e-06	-1.906023e-06	-2.204123e-09	-1.319537e+01	-1.449472e+02
2.880000e-06	-1.946049e-06	-2.278855e-09	-1.347247e+01	-1.497798e+02
2.890000e-06	-1.985516e-06	-2.349833e-09	-1.374570e+01	-1.543385e+02
2.900000e-06	-2.024391e-06	-2.418260e-09	-1.401484e+01	-1.586181e+02
2.910000e-06	-2.062394e-06	-2.483430e-09	-1.427793e+01	-1.626137e+02
2.920000e-06	-2.099371e-06	-2.543470e-09	-1.453392e+01	-1.663273e+02
2.930000e-06	-2.135452e-06	-2.597356e-09	-1.478370e+01	-1.697720e+02
2.940000e-06	-2.170853e-06	-2.647362e-09	-1.502878e+01	-1.729720e+02
2.950000e-06	-2.205609e-06	-2.696259e-09	-1.526940e+01	-1.759580e+02
2.960000e-06	-2.239624e-06	-2.743016e-09	-1.550489e+01	-1.787606e+02
2.970000e-06	-2.272825e-06	-2.785001e-09	-1.573474e+01	-1.814029e+02
2.980000e-06	-2.305258e-06	-2.823633e-09	-1.595927e+01	-1.838968e+02
2.990000e-06	-2.337017e-06	-2.862179e-09	-1.617914e+01	-1.862433e+02
3.000000e-06	-2.368070e-06	-2.899018e-09	-1.639411e+01	-1.884373e+02
3.010000e-06	-2.398204e-06	-2.931082e-09	-1.660274e+01	-1.904747e+02
3.020000e-06	-2.427129e-06	-2.959450e-09	-1.680298e+01	-1.923592e+02
3.030000e-06	-2.454981e-06	-2.986663e-09	-1.699580e+01	-1.941052e+02
3.040000e-06	-2.482103e-06	-3.015803e-09	-1.718356e+01	-1.957365e+02
3.050000e-06	-2.508488e-06	-3.044406e-09	-1.736623e+01	-1.972802e+02
3.060000e-06	-2.533991e-06	-3.066859e-09	-1.754279e+01	-1.987583e+02
3.070000e-06	-2.558574e-06	-3.085937e-09	-1.771297e+01	-2.001810e+02
3.080000e-06	-2.582340e-06	-3.106190e-09	-1.787751e+01	-2.015442e+02
3.090000e-06	-2.605338e-06	-3.127734e-09	-1.803672e+01	-2.028315e+02
3.100000e-06	-2.627323e-06	-3.147227e-09	-1.818892e+01	-2.040225e+02
3.110000e-06	-2.648077e-06	-3.163072e-09	-1.833260e+01	-2.051016e+02
3.120000e-06	-2.667835e-06	-3.178275e-09	-1.846938e+01	-2.060658e+02
3.130000e-06	-2.686809e-06	-3.192862e-09	-1.860075e+01	-2.069278e+02
3.140000e-06	-2.704940e-06	-3.205057e-09	-1.872626e+01	-2.077121e+02
3.150000e-06	-2.722195e-06	-3.214930e-09	-1.884572e+01	-2.084475e+02
3.160000e-06	-2.738532e-06	-3.222016e-09	-1.895882e+01	-2.091567e+02
3.170000e-06	-2.754005e-06	-3.228343e-09	-1.906594e+01	-2.098485e+02
3.180000e-06	-2.768436e-06	-3.238159e-09	-1.916585e+01	-2.105154e+02
3.190000e-06	-2.781522e-06	-3.249608e-09	-1.925644e+01	-2.111374e+02
3.200000e-06	-2.793371e-06	-3.259039e-09	-1.933847e+01	-2.116911e+02
3.210000e-06	-2.804154e-06	-3.266666e-09	-1.941312e+01	-2.121595e+02
3.220000e-06	-2.813938e-06	-3.272018e-09	-1.948085e+01	-2.125400e+02
3.230000e-06	-2.822760e-06	-3.274480e-09	-1.954193e+01	-2.128461e+02
3.240000e-06	-2.830710e-06	-3.275119e-09	-1.959697e+01	-2.131022e+02
3.250000e-06	-2.837820e-06	-3.276005e-09	-1.964619e+01	-2.133341e+02
3.260000e-06	-2.843809e-06	-3.278111e-09	-1.968765e+01	-2.135588e+02
3.270000e-06	-2.848509e-06	-3.281812e-09	-1.972019e+01	-2.137772e+02
3.280000e-06	-2.852181e-06	-3.285470e-09	-1.974561e+01	-2.139735e+02
3.290000e-06	-2.854978e-06	-3.287671e-09	-1.976497e+01	-2.141221e+02
3.300000e-06	-2.856922e-06	-3.288266e-09	-1.977843e+01	-2.141982e+02
3.310000e-06	-2.857924e-06	-3.286220e-09	-1.978537e+01	-2.141886e+02
3.320000e-06	-2.857936e-06	-3.283617e-09	-1.978545e+01	-2.140982e+02
