# Temperatura_=_70.43
# Concentracion g/m^3_=_13400.0
# C_Vs_to_Am_M_A/Vsm_=_65563218390.804596
# pendiente_HvsI_1/m_=_3716.3
# ordenada_HvsI_A/m_=_1297.0
# frecuencia_Hz_=_301418.4764244461

Tiempo_(s)	Campo_(V.s)	Magnetizacion_(V.s)	Campo_(kA/m)	Magnetizacion_(A/m)
0.000000e+00	-8.325004e-06	-1.778049e-08	-5.692130e+01	-1.165665e+03
1.000000e-08	-8.321631e-06	-1.778145e-08	-5.689824e+01	-1.165552e+03
2.000000e-08	-8.315514e-06	-1.777469e-08	-5.685641e+01	-1.165575e+03
3.000000e-08	-8.306720e-06	-1.776265e-08	-5.679629e+01	-1.165509e+03
4.000000e-08	-8.295036e-06	-1.775189e-08	-5.671640e+01	-1.165113e+03
5.000000e-08	-8.280359e-06	-1.774094e-08	-5.661604e+01	-1.164232e+03
6.000000e-08	-8.262790e-06	-1.772510e-08	-5.649592e+01	-1.162869e+03
7.000000e-08	-8.242635e-06	-1.769912e-08	-5.635811e+01	-1.161184e+03
8.000000e-08	-8.219913e-06	-1.768600e-08	-5.620275e+01	-1.159429e+03
9.000000e-08	-8.194042e-06	-1.773855e-08	-5.602586e+01	-1.157840e+03
1.000000e-07	-8.164809e-06	-1.772268e-08	-5.582598e+01	-1.156540e+03
1.100000e-07	-8.132524e-06	-1.764931e-08	-5.560524e+01	-1.155491e+03
1.200000e-07	-8.097338e-06	-1.761567e-08	-5.536466e+01	-1.154520e+03
1.300000e-07	-8.059471e-06	-1.759338e-08	-5.510575e+01	-1.153391e+03
1.400000e-07	-8.019237e-06	-1.751890e-08	-5.483065e+01	-1.151919e+03
1.500000e-07	-7.976491e-06	-1.743900e-08	-5.453838e+01	-1.150040e+03
1.600000e-07	-7.930932e-06	-1.752720e-08	-5.422688e+01	-1.147832e+03
1.700000e-07	-7.882571e-06	-1.744609e-08	-5.389622e+01	-1.145469e+03
1.800000e-07	-7.831250e-06	-1.741510e-08	-5.354531e+01	-1.143125e+03
1.900000e-07	-7.776860e-06	-1.745095e-08	-5.317343e+01	-1.140884e+03
2.000000e-07	-7.719687e-06	-1.731102e-08	-5.278251e+01	-1.138690e+03
2.100000e-07	-7.659771e-06	-1.727966e-08	-5.237284e+01	-1.136364e+03
2.200000e-07	-7.597118e-06	-1.721153e-08	-5.194446e+01	-1.133678e+03
2.300000e-07	-7.531749e-06	-1.718830e-08	-5.149751e+01	-1.130467e+03
2.400000e-07	-7.463523e-06	-1.715833e-08	-5.103102e+01	-1.126706e+03
2.500000e-07	-7.392508e-06	-1.709291e-08	-5.054546e+01	-1.122533e+03
2.600000e-07	-7.318684e-06	-1.707547e-08	-5.004070e+01	-1.118200e+03
2.700000e-07	-7.242008e-06	-1.698619e-08	-4.951643e+01	-1.113967e+03
2.800000e-07	-7.162545e-06	-1.692221e-08	-4.897312e+01	-1.109988e+03
2.900000e-07	-7.080366e-06	-1.682578e-08	-4.841123e+01	-1.106242e+03
3.000000e-07	-6.995747e-06	-1.676852e-08	-4.783265e+01	-1.102533e+03
3.100000e-07	-6.908868e-06	-1.673565e-08	-4.723863e+01	-1.098574e+03
3.200000e-07	-6.819561e-06	-1.665686e-08	-4.662800e+01	-1.094104e+03
3.300000e-07	-6.727725e-06	-1.660335e-08	-4.600008e+01	-1.089006e+03
3.400000e-07	-6.633544e-06	-1.650056e-08	-4.535613e+01	-1.083353e+03
3.500000e-07	-6.537005e-06	-1.642364e-08	-4.469605e+01	-1.077381e+03
3.600000e-07	-6.437991e-06	-1.633477e-08	-4.401906e+01	-1.071389e+03
3.700000e-07	-6.336627e-06	-1.624235e-08	-4.332599e+01	-1.065601e+03
3.800000e-07	-6.233008e-06	-1.615672e-08	-4.261751e+01	-1.060071e+03
3.900000e-07	-6.127126e-06	-1.607202e-08	-4.189355e+01	-1.054650e+03
4.000000e-07	-6.019021e-06	-1.599538e-08	-4.115439e+01	-1.049052e+03
4.100000e-07	-5.908767e-06	-1.588109e-08	-4.040055e+01	-1.042971e+03
4.200000e-07	-5.796337e-06	-1.577665e-08	-3.963182e+01	-1.036220e+03
4.300000e-07	-5.681636e-06	-1.566312e-08	-3.884756e+01	-1.028807e+03
4.400000e-07	-5.564645e-06	-1.556226e-08	-3.804765e+01	-1.020937e+03
4.500000e-07	-5.445530e-06	-1.545671e-08	-3.723322e+01	-1.012916e+03
4.600000e-07	-5.324508e-06	-1.534594e-08	-3.640574e+01	-1.005014e+03
4.700000e-07	-5.201638e-06	-1.522326e-08	-3.556563e+01	-9.973400e+02
4.800000e-07	-5.076897e-06	-1.509350e-08	-3.471273e+01	-9.897834e+02
4.900000e-07	-4.950340e-06	-1.496493e-08	-3.384741e+01	-9.820580e+02
5.000000e-07	-4.822021e-06	-1.482494e-08	-3.297004e+01	-9.738228e+02
5.100000e-07	-4.691929e-06	-1.468704e-08	-3.208055e+01	-9.648328e+02
5.200000e-07	-4.560099e-06	-1.454766e-08	-3.117918e+01	-9.550499e+02
5.300000e-07	-4.426645e-06	-1.440867e-08	-3.026670e+01	-9.446633e+02
5.400000e-07	-4.291601e-06	-1.425607e-08	-2.934335e+01	-9.340066e+02
5.500000e-07	-4.155034e-06	-1.409617e-08	-2.840959e+01	-9.234057e+02
5.600000e-07	-4.016932e-06	-1.393071e-08	-2.746533e+01	-9.130231e+02
5.700000e-07	-3.877214e-06	-1.376472e-08	-2.651003e+01	-9.027705e+02
5.800000e-07	-3.735939e-06	-1.359532e-08	-2.554408e+01	-8.923316e+02
5.900000e-07	-3.593195e-06	-1.341666e-08	-2.456808e+01	-8.812898e+02
6.000000e-07	-3.449106e-06	-1.323256e-08	-2.358289e+01	-8.693080e+02
6.100000e-07	-3.303715e-06	-1.304019e-08	-2.258879e+01	-8.562808e+02
6.200000e-07	-3.157025e-06	-1.284348e-08	-2.158581e+01	-8.423886e+02
6.300000e-07	-3.009251e-06	-1.263567e-08	-2.057543e+01	-8.280218e+02
6.400000e-07	-2.860547e-06	-1.242079e-08	-1.955867e+01	-8.136050e+02
6.500000e-07	-2.710911e-06	-1.220350e-08	-1.853556e+01	-7.993916e+02
6.600000e-07	-2.560327e-06	-1.198113e-08	-1.750596e+01	-7.853242e+02
6.700000e-07	-2.408833e-06	-1.174655e-08	-1.647013e+01	-7.710266e+02
6.800000e-07	-2.256540e-06	-1.149704e-08	-1.542885e+01	-7.559406e+02
6.900000e-07	-2.103435e-06	-1.124058e-08	-1.438201e+01	-7.395556e+02
7.000000e-07	-1.949545e-06	-1.097624e-08	-1.332980e+01	-7.216322e+02
7.100000e-07	-1.794922e-06	-1.070136e-08	-1.227258e+01	-7.023155e+02
7.200000e-07	-1.639578e-06	-1.041148e-08	-1.121044e+01	-6.820780e+02
7.300000e-07	-1.483608e-06	-1.011202e-08	-1.014400e+01	-6.615010e+02
7.400000e-07	-1.327049e-06	-9.800425e-09	-9.073549e+00	-6.409806e+02
7.500000e-07	-1.169943e-06	-9.471724e-09	-7.999355e+00	-6.204850e+02
7.600000e-07	-1.012377e-06	-9.122541e-09	-6.922017e+00	-5.994802e+02
7.700000e-07	-8.544661e-07	-8.752068e-09	-5.842319e+00	-5.770766e+02
7.800000e-07	-6.963058e-07	-8.366048e-09	-4.760915e+00	-5.523527e+02
7.900000e-07	-5.378955e-07	-7.959726e-09	-3.677801e+00	-5.247303e+02
8.000000e-07	-3.792699e-07	-7.526907e-09	-2.593216e+00	-4.942286e+02
8.100000e-07	-2.205233e-07	-7.060692e-09	-1.507804e+00	-4.614613e+02
8.200000e-07	-6.169673e-08	-6.562054e-09	-4.218446e-01	-4.273271e+02
8.300000e-07	9.715337e-08	-6.025596e-09	6.642755e-01	-3.924742e+02
8.400000e-07	2.559572e-07	-5.444830e-09	1.750079e+00	-3.567282e+02
8.500000e-07	4.146431e-07	-4.811300e-09	2.835076e+00	-3.187190e+02
8.600000e-07	5.731313e-07	-4.108942e-09	3.918722e+00	-2.759031e+02
8.700000e-07	7.314190e-07	-3.321053e-09	5.000997e+00	-2.250550e+02
8.800000e-07	8.894731e-07	-2.419970e-09	6.081675e+00	-1.631362e+02
8.900000e-07	1.047214e-06	-1.360268e-09	7.160213e+00	-8.830326e+01
9.000000e-07	1.204597e-06	-8.606735e-11	8.236300e+00	-7.374744e-01
9.100000e-07	1.361553e-06	1.425582e-09	9.309467e+00	9.699055e+01
9.200000e-07	1.517967e-06	3.105130e-09	1.037893e+01	2.001798e+02
9.300000e-07	1.673750e-06	4.776248e-09	1.144408e+01	3.028475e+02
9.400000e-07	1.828904e-06	6.258968e-09	1.250493e+01	3.989469e+02
9.500000e-07	1.983461e-06	7.471623e-09	1.356170e+01	4.836136e+02
9.600000e-07	2.137174e-06	8.437434e-09	1.461269e+01	5.540892e+02
9.700000e-07	2.289941e-06	9.221127e-09	1.565722e+01	6.100740e+02
9.800000e-07	2.441912e-06	9.877052e-09	1.669630e+01	6.534420e+02
9.900000e-07	2.593110e-06	1.043844e-08	1.773011e+01	6.874457e+02
1.000000e-06	2.743449e-06	1.091960e-08	1.875803e+01	7.156862e+02
1.010000e-06	2.892805e-06	1.133903e-08	1.977924e+01	7.411710e+02
1.020000e-06	3.041093e-06	1.171584e-08	2.079314e+01	7.657242e+02
1.030000e-06	3.188277e-06	1.206275e-08	2.179950e+01	7.898717e+02
1.040000e-06	3.334315e-06	1.238293e-08	2.279802e+01	8.131573e+02
1.050000e-06	3.479139e-06	1.267601e-08	2.378823e+01	8.347086e+02
1.060000e-06	3.622717e-06	1.294952e-08	2.476993e+01	8.538140e+02
1.070000e-06	3.764985e-06	1.320788e-08	2.574267e+01	8.703034e+02
1.080000e-06	3.905782e-06	1.344955e-08	2.670536e+01	8.846252e+02
1.090000e-06	4.044995e-06	1.367000e-08	2.765721e+01	8.976413e+02
1.100000e-06	4.182710e-06	1.387658e-08	2.859882e+01	9.102661e+02
1.110000e-06	4.318942e-06	1.407640e-08	2.953029e+01	9.231182e+02
1.120000e-06	4.453589e-06	1.426717e-08	3.045093e+01	9.363276e+02
1.130000e-06	4.586655e-06	1.444701e-08	3.136075e+01	9.495627e+02
1.140000e-06	4.718019e-06	1.461893e-08	3.225894e+01	9.622432e+02
1.150000e-06	4.847639e-06	1.478897e-08	3.314520e+01	9.738324e+02
1.160000e-06	4.975594e-06	1.495203e-08	3.402008e+01	9.840808e+02
1.170000e-06	5.101844e-06	1.510201e-08	3.488330e+01	9.931230e+02
1.180000e-06	5.226280e-06	1.524188e-08	3.573412e+01	1.001401e+03
1.190000e-06	5.348815e-06	1.537837e-08	3.657194e+01	1.009458e+03
1.200000e-06	5.469461e-06	1.551337e-08	3.739684e+01	1.017709e+03
1.210000e-06	5.588156e-06	1.564254e-08	3.820840e+01	1.026276e+03
1.220000e-06	5.704686e-06	1.576284e-08	3.900516e+01	1.034964e+03
1.230000e-06	5.818967e-06	1.587744e-08	3.978655e+01	1.043377e+03
1.240000e-06	5.931118e-06	1.598786e-08	4.055337e+01	1.051111e+03
1.250000e-06	6.041208e-06	1.609135e-08	4.130610e+01	1.057939e+03
1.260000e-06	6.149139e-06	1.618813e-08	4.204406e+01	1.063911e+03
1.270000e-06	6.254863e-06	1.628321e-08	4.276694e+01	1.069323e+03
1.280000e-06	6.358391e-06	1.637825e-08	4.347480e+01	1.074587e+03
1.290000e-06	6.459650e-06	1.646711e-08	4.416715e+01	1.080050e+03
1.300000e-06	6.558445e-06	1.654899e-08	4.484265e+01	1.085851e+03
1.310000e-06	6.654777e-06	1.662829e-08	4.550130e+01	1.091872e+03
1.320000e-06	6.748843e-06	1.670695e-08	4.614447e+01	1.097808e+03
1.330000e-06	6.840551e-06	1.678283e-08	4.677151e+01	1.103309e+03
1.340000e-06	6.929861e-06	1.685354e-08	4.738216e+01	1.108133e+03
1.350000e-06	7.016782e-06	1.692077e-08	4.797648e+01	1.112256e+03
1.360000e-06	7.101239e-06	1.698709e-08	4.855394e+01	1.115868e+03
1.370000e-06	7.183164e-06	1.705317e-08	4.911410e+01	1.119292e+03
1.380000e-06	7.262493e-06	1.711471e-08	4.965650e+01	1.122832e+03
1.390000e-06	7.339156e-06	1.717119e-08	5.018067e+01	1.126648e+03
1.400000e-06	7.413047e-06	1.722751e-08	5.068589e+01	1.130693e+03
1.410000e-06	7.484228e-06	1.728362e-08	5.117259e+01	1.134741e+03
1.420000e-06	7.552759e-06	1.733551e-08	5.164116e+01	1.138496e+03
1.430000e-06	7.618594e-06	1.738198e-08	5.209130e+01	1.141724e+03
1.440000e-06	7.681781e-06	1.742645e-08	5.252333e+01	1.144356e+03
1.450000e-06	7.742335e-06	1.747132e-08	5.293737e+01	1.146510e+03
1.460000e-06	7.800122e-06	1.751397e-08	5.333248e+01	1.148437e+03
1.470000e-06	7.855087e-06	1.755080e-08	5.370830e+01	1.150400e+03
1.480000e-06	7.907022e-06	1.758032e-08	5.406339e+01	1.152564e+03
1.490000e-06	7.955804e-06	1.760708e-08	5.439694e+01	1.154922e+03
1.500000e-06	8.001680e-06	1.763556e-08	5.471061e+01	1.157306e+03
1.510000e-06	8.044719e-06	1.766471e-08	5.500489e+01	1.159469e+03
1.520000e-06	8.084859e-06	1.769244e-08	5.527934e+01	1.161198e+03
1.530000e-06	8.122235e-06	1.771662e-08	5.553489e+01	1.162413e+03
1.540000e-06	8.156789e-06	1.773679e-08	5.577115e+01	1.163200e+03
1.550000e-06	8.188410e-06	1.775472e-08	5.598735e+01	1.163774e+03
1.560000e-06	8.217208e-06	1.777027e-08	5.618425e+01	1.164381e+03
1.570000e-06	8.243084e-06	1.778131e-08	5.636118e+01	1.165187e+03
1.580000e-06	8.265964e-06	1.779078e-08	5.651762e+01	1.166208e+03
1.590000e-06	8.286008e-06	1.780240e-08	5.665467e+01	1.167303e+03
1.600000e-06	8.303181e-06	1.781475e-08	5.677209e+01	1.168242e+03
1.610000e-06	8.317234e-06	1.782278e-08	5.686818e+01	1.168809e+03
1.620000e-06	8.328062e-06	1.782584e-08	5.694221e+01	1.168902e+03
1.630000e-06	8.335825e-06	1.782656e-08	5.699529e+01	1.168581e+03
1.640000e-06	8.340681e-06	1.782748e-08	5.702849e+01	1.168037e+03
1.650000e-06	8.342584e-06	1.782640e-08	5.704150e+01	1.167511e+03
1.660000e-06	8.341635e-06	1.782193e-08	5.703501e+01	1.167183e+03
1.670000e-06	8.337977e-06	1.780875e-08	5.701000e+01	1.167093e+03
1.680000e-06	8.331513e-06	1.780510e-08	5.696581e+01	1.167117e+03
1.690000e-06	8.322270e-06	1.780306e-08	5.690261e+01	1.167026e+03
1.700000e-06	8.310162e-06	1.779075e-08	5.681982e+01	1.166583e+03
1.710000e-06	8.295178e-06	1.777605e-08	5.671737e+01	1.165646e+03
1.720000e-06	8.277667e-06	1.776709e-08	5.659764e+01	1.164239e+03
1.730000e-06	8.257720e-06	1.776469e-08	5.646126e+01	1.162533e+03
1.740000e-06	8.234783e-06	1.766827e-08	5.630443e+01	1.160785e+03
1.750000e-06	8.208099e-06	1.760876e-08	5.612198e+01	1.159223e+03
1.760000e-06	8.177583e-06	1.763160e-08	5.591333e+01	1.157955e+03
1.770000e-06	8.143928e-06	1.762169e-08	5.568322e+01	1.156924e+03
1.780000e-06	8.107776e-06	1.760310e-08	5.543603e+01	1.155947e+03
1.790000e-06	8.069341e-06	1.765879e-08	5.517323e+01	1.154788e+03
1.800000e-06	8.028895e-06	1.763707e-08	5.489669e+01	1.153273e+03
1.810000e-06	7.986111e-06	1.750719e-08	5.460416e+01	1.151352e+03
1.820000e-06	7.940381e-06	1.758845e-08	5.429148e+01	1.149118e+03
1.830000e-06	7.891861e-06	1.750507e-08	5.395973e+01	1.146748e+03
1.840000e-06	7.840201e-06	1.747515e-08	5.360651e+01	1.144413e+03
1.850000e-06	7.785290e-06	1.748460e-08	5.323107e+01	1.142182e+03
1.860000e-06	7.727699e-06	1.738692e-08	5.283729e+01	1.139984e+03
1.870000e-06	7.667326e-06	1.746027e-08	5.242450e+01	1.137629e+03
1.880000e-06	7.604157e-06	1.732120e-08	5.199259e+01	1.134893e+03
1.890000e-06	7.538211e-06	1.728256e-08	5.154169e+01	1.131621e+03
1.900000e-06	7.469456e-06	1.721362e-08	5.107159e+01	1.127806e+03
1.910000e-06	7.397868e-06	1.711032e-08	5.058211e+01	1.123602e+03
1.920000e-06	7.323343e-06	1.712933e-08	5.007255e+01	1.119268e+03
1.930000e-06	7.246053e-06	1.701798e-08	4.954409e+01	1.115057e+03
1.940000e-06	7.166136e-06	1.703063e-08	4.899767e+01	1.111107e+03
1.950000e-06	7.083765e-06	1.691975e-08	4.843447e+01	1.107376e+03
1.960000e-06	6.998784e-06	1.685184e-08	4.785342e+01	1.103654e+03
1.970000e-06	6.911135e-06	1.678636e-08	4.725413e+01	1.099651e+03
1.980000e-06	6.821129e-06	1.666251e-08	4.663872e+01	1.095116e+03
1.990000e-06	6.728772e-06	1.664784e-08	4.600724e+01	1.089951e+03
2.000000e-06	6.634016e-06	1.653778e-08	4.535936e+01	1.084250e+03
2.010000e-06	6.536850e-06	1.650118e-08	4.469500e+01	1.078262e+03
2.020000e-06	6.437357e-06	1.638575e-08	4.401472e+01	1.072282e+03
2.030000e-06	6.335482e-06	1.629792e-08	4.331816e+01	1.066523e+03
2.040000e-06	6.231266e-06	1.619472e-08	4.260560e+01	1.061014e+03
2.050000e-06	6.124896e-06	1.609234e-08	4.187830e+01	1.055589e+03
2.060000e-06	6.016432e-06	1.602092e-08	4.113670e+01	1.049952e+03
2.070000e-06	5.905764e-06	1.591487e-08	4.038001e+01	1.043805e+03
2.080000e-06	5.792801e-06	1.583645e-08	3.960764e+01	1.036978e+03
2.090000e-06	5.677599e-06	1.571187e-08	3.881996e+01	1.029504e+03
2.100000e-06	5.560146e-06	1.560081e-08	3.801689e+01	1.021601e+03
2.110000e-06	5.440589e-06	1.546850e-08	3.719943e+01	1.013582e+03
2.120000e-06	5.319074e-06	1.535447e-08	3.636858e+01	1.005703e+03
2.130000e-06	5.195690e-06	1.522991e-08	3.552496e+01	9.980498e+02
2.140000e-06	5.070451e-06	1.511628e-08	3.466865e+01	9.904906e+02
2.150000e-06	4.943371e-06	1.499130e-08	3.379976e+01	9.827260e+02
2.160000e-06	4.814503e-06	1.485867e-08	3.291864e+01	9.744182e+02
2.170000e-06	4.683909e-06	1.471638e-08	3.202571e+01	9.653404e+02
2.180000e-06	4.551716e-06	1.456822e-08	3.112186e+01	9.554798e+02
2.190000e-06	4.417930e-06	1.442229e-08	3.020711e+01	9.450466e+02
2.200000e-06	4.282481e-06	1.426902e-08	2.928100e+01	9.343816e+02
2.210000e-06	4.145415e-06	1.412007e-08	2.834382e+01	9.237999e+02
2.220000e-06	4.006879e-06	1.395614e-08	2.739660e+01	9.134396e+02
2.230000e-06	3.866907e-06	1.379099e-08	2.643955e+01	9.031849e+02
2.240000e-06	3.725453e-06	1.361012e-08	2.547237e+01	8.927011e+02
2.250000e-06	3.582529e-06	1.343002e-08	2.449515e+01	8.815712e+02
2.260000e-06	3.438244e-06	1.324425e-08	2.350862e+01	8.694770e+02
2.270000e-06	3.292726e-06	1.305586e-08	2.251365e+01	8.563433e+02
2.280000e-06	3.146072e-06	1.286023e-08	2.151092e+01	8.423787e+02
2.290000e-06	2.998336e-06	1.265576e-08	2.050079e+01	8.279873e+02
2.300000e-06	2.849608e-06	1.244277e-08	1.948388e+01	8.135843e+02
2.310000e-06	2.699959e-06	1.222243e-08	1.846067e+01	7.993950e+02
2.320000e-06	2.549335e-06	1.199350e-08	1.743080e+01	7.853254e+02
2.330000e-06	2.397692e-06	1.175415e-08	1.639396e+01	7.709708e+02
2.340000e-06	2.245084e-06	1.150737e-08	1.535051e+01	7.557664e+02
2.350000e-06	2.091591e-06	1.125426e-08	1.430102e+01	7.392213e+02
2.360000e-06	1.937349e-06	1.099298e-08	1.324641e+01	7.211343e+02
2.370000e-06	1.782495e-06	1.071661e-08	1.218762e+01	7.016917e+02
2.380000e-06	1.627057e-06	1.042448e-08	1.112483e+01	6.813904e+02
2.390000e-06	1.471063e-06	1.012123e-08	1.005823e+01	6.608060e+02
2.400000e-06	1.314546e-06	9.806735e-09	8.988064e+00	6.402983e+02
2.410000e-06	1.157593e-06	9.475071e-09	7.914912e+00	6.197815e+02
2.420000e-06	1.000207e-06	9.125037e-09	6.838809e+00	5.986728e+02
2.430000e-06	8.424596e-07	8.757136e-09	5.760225e+00	5.760611e+02
2.440000e-06	6.844248e-07	8.370822e-09	4.679680e+00	5.510448e+02
2.450000e-06	5.261445e-07	7.962704e-09	3.597456e+00	5.231008e+02
2.460000e-06	3.677174e-07	7.527177e-09	2.514227e+00	4.923180e+02
2.470000e-06	2.091747e-07	7.059185e-09	1.430209e+00	4.593603e+02
2.480000e-06	5.057486e-08	6.556927e-09	3.458000e-01	4.251277e+02
2.490000e-06	-1.080253e-07	6.016624e-09	-7.386114e-01	3.902061e+02
2.500000e-06	-2.665405e-07	5.433501e-09	-1.822442e+00	3.543053e+02
2.510000e-06	-4.249364e-07	4.796638e-09	-2.905456e+00	3.159200e+02
2.520000e-06	-5.832087e-07	4.092044e-09	-3.987625e+00	2.724024e+02
2.530000e-06	-7.412717e-07	3.301508e-09	-5.068364e+00	2.205003e+02
2.540000e-06	-8.990626e-07	2.398609e-09	-6.147242e+00	1.572556e+02
2.550000e-06	-1.056510e-06	1.338535e-09	-7.223774e+00	8.100807e+01
2.560000e-06	-1.213571e-06	6.341055e-11	-8.297657e+00	-7.811971e+00
2.570000e-06	-1.370137e-06	-1.452513e-09	-9.368162e+00	-1.063819e+02
2.580000e-06	-1.526154e-06	-3.137918e-09	-1.043491e+01	-2.098139e+02
2.590000e-06	-1.681682e-06	-4.816137e-09	-1.149832e+01	-3.120565e+02
2.600000e-06	-1.836653e-06	-6.304325e-09	-1.255792e+01	-4.071329e+02
2.610000e-06	-1.990957e-06	-7.520861e-09	-1.361295e+01	-4.903688e+02
2.620000e-06	-2.144547e-06	-8.488450e-09	-1.466311e+01	-5.592636e+02
2.630000e-06	-2.297417e-06	-9.270138e-09	-1.570833e+01	-6.137751e+02
2.640000e-06	-2.449407e-06	-9.923784e-09	-1.674755e+01	-6.559696e+02
2.650000e-06	-2.600405e-06	-1.048383e-08	-1.777999e+01	-6.891875e+02
2.660000e-06	-2.750472e-06	-1.096803e-08	-1.880605e+01	-7.170069e+02
2.670000e-06	-2.899514e-06	-1.139369e-08	-1.982511e+01	-7.423287e+02
2.680000e-06	-3.047493e-06	-1.177736e-08	-2.083690e+01	-7.668350e+02
2.690000e-06	-3.194488e-06	-1.212665e-08	-2.184196e+01	-7.909249e+02
2.700000e-06	-3.340376e-06	-1.244634e-08	-2.283945e+01	-8.140685e+02
2.710000e-06	-3.485062e-06	-1.273972e-08	-2.382873e+01	-8.353848e+02
2.720000e-06	-3.628416e-06	-1.301116e-08	-2.480889e+01	-8.542071e+02
2.730000e-06	-3.770242e-06	-1.326655e-08	-2.577862e+01	-8.704334e+02
2.740000e-06	-3.910608e-06	-1.350865e-08	-2.673836e+01	-8.845703e+02
2.750000e-06	-4.049632e-06	-1.373673e-08	-2.768892e+01	-8.975038e+02
2.760000e-06	-4.187224e-06	-1.394968e-08	-2.862969e+01	-9.101316e+02
2.770000e-06	-4.323204e-06	-1.415113e-08	-2.955943e+01	-9.230253e+02
2.780000e-06	-4.457517e-06	-1.434157e-08	-3.047778e+01	-9.362604e+02
2.790000e-06	-4.590232e-06	-1.452075e-08	-3.138521e+01	-9.494661e+02
2.800000e-06	-4.721377e-06	-1.469158e-08	-3.228190e+01	-9.620523e+02
2.810000e-06	-4.850902e-06	-1.485572e-08	-3.316751e+01	-9.735036e+02
2.820000e-06	-4.978721e-06	-1.501355e-08	-3.404146e+01	-9.836101e+02
2.830000e-06	-5.104734e-06	-1.516568e-08	-3.490306e+01	-9.925459e+02
2.840000e-06	-5.229006e-06	-1.531055e-08	-3.575275e+01	-1.000775e+03
2.850000e-06	-5.351524e-06	-1.544544e-08	-3.659046e+01	-1.008838e+03
2.860000e-06	-5.472069e-06	-1.556941e-08	-3.741467e+01	-1.017123e+03
2.870000e-06	-5.590483e-06	-1.568784e-08	-3.822431e+01	-1.025717e+03
2.880000e-06	-5.706739e-06	-1.580639e-08	-3.901920e+01	-1.034398e+03
2.890000e-06	-5.820752e-06	-1.592105e-08	-3.979875e+01	-1.042756e+03
2.900000e-06	-5.932398e-06	-1.602801e-08	-4.056212e+01	-1.050400e+03
2.910000e-06	-6.041816e-06	-1.612994e-08	-4.131025e+01	-1.057129e+03
2.920000e-06	-6.149177e-06	-1.623025e-08	-4.204432e+01	-1.063023e+03
2.930000e-06	-6.254443e-06	-1.632738e-08	-4.276407e+01	-1.068400e+03
2.940000e-06	-6.357390e-06	-1.641888e-08	-4.346795e+01	-1.073672e+03
2.950000e-06	-6.457951e-06	-1.650562e-08	-4.415553e+01	-1.079170e+03
2.960000e-06	-6.556246e-06	-1.659138e-08	-4.482761e+01	-1.085004e+03
2.970000e-06	-6.652307e-06	-1.667612e-08	-4.548442e+01	-1.091034e+03
2.980000e-06	-6.746049e-06	-1.675581e-08	-4.612537e+01	-1.096940e+03
2.990000e-06	-6.837441e-06	-1.682952e-08	-4.675025e+01	-1.102376e+03
3.000000e-06	-6.926498e-06	-1.690062e-08	-4.735917e+01	-1.107123e+03
3.010000e-06	-7.013093e-06	-1.697092e-08	-4.795125e+01	-1.111179e+03
3.020000e-06	-7.097162e-06	-1.703663e-08	-4.852607e+01	-1.114755e+03
3.030000e-06	-7.178746e-06	-1.709584e-08	-4.908389e+01	-1.118179e+03
3.040000e-06	-7.257712e-06	-1.715205e-08	-4.962381e+01	-1.121744e+03
3.050000e-06	-7.333936e-06	-1.720757e-08	-5.014499e+01	-1.125591e+03
3.060000e-06	-7.407422e-06	-1.726197e-08	-5.064743e+01	-1.129650e+03
3.070000e-06	-7.478145e-06	-1.731030e-08	-5.113100e+01	-1.133681e+03
3.080000e-06	-7.546145e-06	-1.735305e-08	-5.159594e+01	-1.137389e+03
3.090000e-06	-7.611529e-06	-1.739519e-08	-5.204299e+01	-1.140554e+03
3.100000e-06	-7.674260e-06	-1.743889e-08	-5.247191e+01	-1.143127e+03
3.110000e-06	-7.734215e-06	-1.748084e-08	-5.288184e+01	-1.145244e+03
3.120000e-06	-7.791365e-06	-1.751889e-08	-5.327260e+01	-1.147163e+03
3.130000e-06	-7.845590e-06	-1.755400e-08	-5.364336e+01	-1.149143e+03
3.140000e-06	-7.896780e-06	-1.758740e-08	-5.399337e+01	-1.151332e+03
3.150000e-06	-7.944849e-06	-1.761753e-08	-5.432203e+01	-1.153703e+03
3.160000e-06	-7.989962e-06	-1.764277e-08	-5.463049e+01	-1.156076e+03
3.170000e-06	-8.032506e-06	-1.766392e-08	-5.492138e+01	-1.158202e+03
3.180000e-06	-8.072402e-06	-1.768192e-08	-5.519416e+01	-1.159877e+03
3.190000e-06	-8.109428e-06	-1.770031e-08	-5.544733e+01	-1.161039e+03
3.200000e-06	-8.143646e-06	-1.772052e-08	-5.568128e+01	-1.161792e+03
3.210000e-06	-8.175012e-06	-1.774016e-08	-5.589575e+01	-1.162359e+03
3.220000e-06	-8.203409e-06	-1.775594e-08	-5.608991e+01	-1.162982e+03
3.230000e-06	-8.228924e-06	-1.776702e-08	-5.626437e+01	-1.163814e+03
3.240000e-06	-8.251548e-06	-1.777420e-08	-5.641906e+01	-1.164852e+03
3.250000e-06	-8.271216e-06	-1.778041e-08	-5.655353e+01	-1.165943e+03
3.260000e-06	-8.287969e-06	-1.778501e-08	-5.666808e+01	-1.166851e+03
3.270000e-06	-8.301627e-06	-1.778751e-08	-5.676147e+01	-1.167370e+03
3.280000e-06	-8.312134e-06	-1.778905e-08	-5.683331e+01	-1.167414e+03
3.290000e-06	-8.319640e-06	-1.779084e-08	-5.688463e+01	-1.167058e+03
3.300000e-06	-8.324159e-06	-1.779117e-08	-5.691552e+01	-1.166505e+03
3.310000e-06	-8.325819e-06	-1.778740e-08	-5.692687e+01	-1.165994e+03
