# Temperatura_=_23.18
# Concentracion g/m^3_=_13400.0
# C_Vs_to_Am_M_A/Vsm_=_65563218390.804596
# pendiente_HvsI_1/m_=_3716.3
# ordenada_HvsI_A/m_=_1297.0
# frecuencia_Hz_=_300838.79225602484

Tiempo_(s)	Campo_(V.s)	Magnetizacion_(V.s)	Campo_(kA/m)	Magnetizacion_(A/m)
0.000000e+00	-2.860922e-06	-5.169156e-09	-1.980065e+01	-3.369865e+02
1.000000e-08	-2.859806e-06	-5.162297e-09	-1.979292e+01	-3.369592e+02
2.000000e-08	-2.857707e-06	-5.158653e-09	-1.977840e+01	-3.368855e+02
3.000000e-08	-2.854391e-06	-5.158669e-09	-1.975545e+01	-3.367722e+02
4.000000e-08	-2.850030e-06	-5.159719e-09	-1.972526e+01	-3.366162e+02
5.000000e-08	-2.844868e-06	-5.159677e-09	-1.968954e+01	-3.364052e+02
6.000000e-08	-2.838883e-06	-5.164619e-09	-1.964812e+01	-3.361227e+02
7.000000e-08	-2.831887e-06	-5.153865e-09	-1.959969e+01	-3.357557e+02
8.000000e-08	-2.823761e-06	-5.126901e-09	-1.954345e+01	-3.353010e+02
9.000000e-08	-2.814428e-06	-5.108659e-09	-1.947886e+01	-3.347690e+02
1.000000e-07	-2.803678e-06	-5.157037e-09	-1.940446e+01	-3.341820e+02
1.100000e-07	-2.791782e-06	-5.129089e-09	-1.932212e+01	-3.335685e+02
1.200000e-07	-2.779190e-06	-5.051635e-09	-1.923498e+01	-3.329548e+02
1.300000e-07	-2.765665e-06	-5.061632e-09	-1.914137e+01	-3.323569e+02
1.400000e-07	-2.751078e-06	-5.148587e-09	-1.904041e+01	-3.317761e+02
1.500000e-07	-2.735506e-06	-5.075116e-09	-1.893264e+01	-3.311974e+02
1.600000e-07	-2.718592e-06	-4.999307e-09	-1.881557e+01	-3.305944e+02
1.700000e-07	-2.700399e-06	-5.110201e-09	-1.868965e+01	-3.299357e+02
1.800000e-07	-2.681523e-06	-5.046268e-09	-1.855901e+01	-3.291927e+02
1.900000e-07	-2.661996e-06	-4.947324e-09	-1.842387e+01	-3.283462e+02
2.000000e-07	-2.641554e-06	-5.018763e-09	-1.828239e+01	-3.273893e+02
2.100000e-07	-2.620297e-06	-5.014297e-09	-1.813527e+01	-3.263274e+02
2.200000e-07	-2.598252e-06	-4.917083e-09	-1.798269e+01	-3.251747e+02
2.300000e-07	-2.575191e-06	-4.973927e-09	-1.782308e+01	-3.239492e+02
2.400000e-07	-2.551183e-06	-4.978033e-09	-1.765692e+01	-3.226675e+02
2.500000e-07	-2.526439e-06	-4.881769e-09	-1.748566e+01	-3.213408e+02
2.600000e-07	-2.500862e-06	-4.866159e-09	-1.730865e+01	-3.199729e+02
2.700000e-07	-2.474201e-06	-4.876701e-09	-1.712412e+01	-3.185597e+02
2.800000e-07	-2.446473e-06	-4.822567e-09	-1.693222e+01	-3.170919e+02
2.900000e-07	-2.417801e-06	-4.815536e-09	-1.673378e+01	-3.155578e+02
3.000000e-07	-2.388303e-06	-4.803213e-09	-1.652962e+01	-3.139470e+02
3.100000e-07	-2.358093e-06	-4.759812e-09	-1.632053e+01	-3.122541e+02
3.200000e-07	-2.327152e-06	-4.775073e-09	-1.610639e+01	-3.104807e+02
3.300000e-07	-2.295394e-06	-4.713578e-09	-1.588659e+01	-3.086350e+02
3.400000e-07	-2.262921e-06	-4.659516e-09	-1.566184e+01	-3.067306e+02
3.500000e-07	-2.229842e-06	-4.658578e-09	-1.543290e+01	-3.047824e+02
3.600000e-07	-2.195934e-06	-4.627551e-09	-1.519822e+01	-3.028025e+02
3.700000e-07	-2.160857e-06	-4.587399e-09	-1.495545e+01	-3.007961e+02
3.800000e-07	-2.124723e-06	-4.585055e-09	-1.470536e+01	-2.987601e+02
3.900000e-07	-2.087983e-06	-4.550902e-09	-1.445108e+01	-2.966837e+02
4.000000e-07	-2.050671e-06	-4.500962e-09	-1.419284e+01	-2.945521e+02
4.100000e-07	-2.012634e-06	-4.469939e-09	-1.392958e+01	-2.923520e+02
4.200000e-07	-1.973839e-06	-4.423240e-09	-1.366108e+01	-2.900763e+02
4.300000e-07	-1.934270e-06	-4.392614e-09	-1.338722e+01	-2.877274e+02
4.400000e-07	-1.894077e-06	-4.361261e-09	-1.310905e+01	-2.853165e+02
4.500000e-07	-1.853466e-06	-4.330764e-09	-1.282797e+01	-2.828598e+02
4.600000e-07	-1.812411e-06	-4.292499e-09	-1.254383e+01	-2.803722e+02
4.700000e-07	-1.770658e-06	-4.255211e-09	-1.225485e+01	-2.778608e+02
4.800000e-07	-1.727861e-06	-4.199451e-09	-1.195865e+01	-2.753216e+02
4.900000e-07	-1.684066e-06	-4.150207e-09	-1.165555e+01	-2.727395e+02
5.000000e-07	-1.639671e-06	-4.122105e-09	-1.134828e+01	-2.700932e+02
5.100000e-07	-1.594832e-06	-4.083984e-09	-1.103795e+01	-2.673629e+02
5.200000e-07	-1.549535e-06	-4.042986e-09	-1.072445e+01	-2.645376e+02
5.300000e-07	-1.503722e-06	-4.001963e-09	-1.040737e+01	-2.616195e+02
5.400000e-07	-1.457324e-06	-3.953581e-09	-1.008625e+01	-2.586234e+02
5.500000e-07	-1.410431e-06	-3.891896e-09	-9.761696e+00	-2.555706e+02
5.600000e-07	-1.363070e-06	-3.850468e-09	-9.433904e+00	-2.524806e+02
5.700000e-07	-1.315198e-06	-3.803826e-09	-9.102580e+00	-2.493621e+02
5.800000e-07	-1.266914e-06	-3.754614e-09	-8.768403e+00	-2.462079e+02
5.900000e-07	-1.218309e-06	-3.716210e-09	-8.432005e+00	-2.429968e+02
6.000000e-07	-1.169262e-06	-3.670199e-09	-8.092550e+00	-2.397000e+02
6.100000e-07	-1.119670e-06	-3.607593e-09	-7.749319e+00	-2.362920e+02
6.200000e-07	-1.069403e-06	-3.541187e-09	-7.401415e+00	-2.327608e+02
6.300000e-07	-1.018419e-06	-3.489405e-09	-7.048553e+00	-2.291131e+02
6.400000e-07	-9.669504e-07	-3.435060e-09	-6.692334e+00	-2.253729e+02
6.500000e-07	-9.150680e-07	-3.377355e-09	-6.333252e+00	-2.215732e+02
6.600000e-07	-8.628169e-07	-3.317408e-09	-5.971618e+00	-2.177442e+02
6.700000e-07	-8.103235e-07	-3.262648e-09	-5.608308e+00	-2.139010e+02
6.800000e-07	-7.575932e-07	-3.204285e-09	-5.243358e+00	-2.100374e+02
6.900000e-07	-7.045724e-07	-3.139299e-09	-4.876396e+00	-2.061271e+02
7.000000e-07	-6.513336e-07	-3.075054e-09	-4.507927e+00	-2.021322e+02
7.100000e-07	-5.978832e-07	-3.014010e-09	-4.137993e+00	-1.980162e+02
7.200000e-07	-5.441528e-07	-2.953274e-09	-3.766121e+00	-1.937564e+02
7.300000e-07	-4.902135e-07	-2.882690e-09	-3.392803e+00	-1.893508e+02
7.400000e-07	-4.360597e-07	-2.807032e-09	-3.018001e+00	-1.848173e+02
7.500000e-07	-3.817021e-07	-2.729359e-09	-2.641788e+00	-1.801847e+02
7.600000e-07	-3.272905e-07	-2.658946e-09	-2.265201e+00	-1.754796e+02
7.700000e-07	-2.728572e-07	-2.590074e-09	-1.888465e+00	-1.707144e+02
7.800000e-07	-2.183209e-07	-2.515400e-09	-1.511015e+00	-1.658804e+02
7.900000e-07	-1.637233e-07	-2.439395e-09	-1.133141e+00	-1.609492e+02
8.000000e-07	-1.091161e-07	-2.366111e-09	-7.552006e-01	-1.558822e+02
8.100000e-07	-5.446881e-08	-2.290846e-09	-3.769826e-01	-1.506436e+02
8.200000e-07	1.808313e-10	-2.202572e-09	1.251547e-03	-1.452126e+02
8.300000e-07	5.479098e-08	-2.107408e-09	3.792123e-01	-1.395887e+02
8.400000e-07	1.093788e-07	-2.015627e-09	7.570187e-01	-1.337904e+02
8.500000e-07	1.639711e-07	-1.931197e-09	1.134856e+00	-1.278444e+02
8.600000e-07	2.185659e-07	-1.840982e-09	1.512710e+00	-1.217726e+02
8.700000e-07	2.731298e-07	-1.743672e-09	1.890351e+00	-1.155801e+02
8.800000e-07	3.276153e-07	-1.648780e-09	2.267449e+00	-1.092498e+02
8.900000e-07	3.819882e-07	-1.553095e-09	2.643768e+00	-1.027452e+02
9.000000e-07	4.362357e-07	-1.448514e-09	3.019219e+00	-9.602029e+01
9.100000e-07	4.903162e-07	-1.336761e-09	3.393514e+00	-8.903287e+01
9.200000e-07	5.441812e-07	-1.226352e-09	3.766318e+00	-8.175536e+01
9.300000e-07	5.977956e-07	-1.112652e-09	4.137387e+00	-7.417939e+01
9.400000e-07	6.511706e-07	-9.936476e-10	4.506799e+00	-6.631223e+01
9.500000e-07	7.043113e-07	-8.667403e-10	4.874589e+00	-5.816652e+01
9.600000e-07	7.571902e-07	-7.367871e-10	5.240569e+00	-4.974774e+01
9.700000e-07	8.097969e-07	-6.056369e-10	5.604663e+00	-4.104436e+01
9.800000e-07	8.621735e-07	-4.698917e-10	5.967165e+00	-3.202468e+01
9.900000e-07	9.142664e-07	-3.261676e-10	6.327704e+00	-2.264166e+01
1.000000e-06	9.658990e-07	-1.708399e-10	6.685057e+00	-1.284395e+01
1.010000e-06	1.016998e-06	-1.072766e-11	7.038715e+00	-2.588940e+00
1.020000e-06	1.067489e-06	1.522576e-10	7.388167e+00	8.146766e+00
1.030000e-06	1.117283e-06	3.227029e-10	7.732794e+00	1.936283e+01
1.040000e-06	1.166479e-06	5.042984e-10	8.073286e+00	3.103722e+01
1.050000e-06	1.215296e-06	6.906941e-10	8.411150e+00	4.313266e+01
1.060000e-06	1.263876e-06	8.789985e-10	8.747380e+00	5.560378e+01
1.070000e-06	1.312163e-06	1.071578e-09	9.081573e+00	6.840082e+01
1.080000e-06	1.360023e-06	1.271671e-09	9.412818e+00	8.146823e+01
1.090000e-06	1.407351e-06	1.475856e-09	9.740381e+00	9.473857e+01
1.100000e-06	1.454122e-06	1.677828e-09	1.006408e+01	1.081251e+02
1.110000e-06	1.500380e-06	1.878939e-09	1.038424e+01	1.215175e+02
1.120000e-06	1.546130e-06	2.076789e-09	1.070088e+01	1.347843e+02
1.130000e-06	1.591374e-06	2.272906e-09	1.101401e+01	1.477828e+02
1.140000e-06	1.636184e-06	2.465357e-09	1.132415e+01	1.603755e+02
1.150000e-06	1.680641e-06	2.648955e-09	1.163184e+01	1.724471e+02
1.160000e-06	1.724647e-06	2.822724e-09	1.193640e+01	1.839174e+02
1.170000e-06	1.767899e-06	2.986765e-09	1.223576e+01	1.947463e+02
1.180000e-06	1.810135e-06	3.140854e-09	1.252807e+01	2.049284e+02
1.190000e-06	1.851443e-06	3.285590e-09	1.281397e+01	2.144804e+02
1.200000e-06	1.892133e-06	3.421957e-09	1.309559e+01	2.234260e+02
1.210000e-06	1.932319e-06	3.549402e-09	1.337372e+01	2.317840e+02
1.220000e-06	1.971846e-06	3.666786e-09	1.364729e+01	2.395634e+02
1.230000e-06	2.010706e-06	3.773082e-09	1.391624e+01	2.467676e+02
1.240000e-06	2.048917e-06	3.871202e-09	1.418070e+01	2.534043e+02
1.250000e-06	2.086378e-06	3.962097e-09	1.443997e+01	2.594967e+02
1.260000e-06	2.123214e-06	4.046083e-09	1.469492e+01	2.650902e+02
1.270000e-06	2.159565e-06	4.124088e-09	1.494651e+01	2.702515e+02
1.280000e-06	2.195200e-06	4.197119e-09	1.519314e+01	2.750584e+02
1.290000e-06	2.229788e-06	4.265195e-09	1.543252e+01	2.795844e+02
1.300000e-06	2.263308e-06	4.327924e-09	1.566452e+01	2.838835e+02
1.310000e-06	2.296023e-06	4.387524e-09	1.589094e+01	2.879803e+02
1.320000e-06	2.328024e-06	4.445631e-09	1.611242e+01	2.918697e+02
1.330000e-06	2.359251e-06	4.500426e-09	1.632855e+01	2.955265e+02
1.340000e-06	2.389748e-06	4.548175e-09	1.653962e+01	2.989210e+02
1.350000e-06	2.419410e-06	4.592120e-09	1.674491e+01	3.020353e+02
1.360000e-06	2.448291e-06	4.633627e-09	1.694480e+01	3.048749e+02
1.370000e-06	2.476576e-06	4.670496e-09	1.714057e+01	3.074700e+02
1.380000e-06	2.503926e-06	4.704028e-09	1.732985e+01	3.098683e+02
1.390000e-06	2.529990e-06	4.736408e-09	1.751025e+01	3.121213e+02
1.400000e-06	2.554947e-06	4.767809e-09	1.768298e+01	3.142695e+02
1.410000e-06	2.579088e-06	4.798488e-09	1.785005e+01	3.163324e+02
1.420000e-06	2.602392e-06	4.829403e-09	1.801135e+01	3.183063e+02
1.430000e-06	2.624822e-06	4.857833e-09	1.816658e+01	3.201715e+02
1.440000e-06	2.646398e-06	4.881396e-09	1.831591e+01	3.219042e+02
1.450000e-06	2.667196e-06	4.900046e-09	1.845986e+01	3.234890e+02
1.460000e-06	2.687260e-06	4.916697e-09	1.859872e+01	3.249272e+02
1.470000e-06	2.706417e-06	4.935931e-09	1.873131e+01	3.262383e+02
1.480000e-06	2.724599e-06	4.958615e-09	1.885715e+01	3.274528e+02
1.490000e-06	2.741806e-06	4.979906e-09	1.897624e+01	3.286023e+02
1.500000e-06	2.757921e-06	4.996584e-09	1.908777e+01	3.297080e+02
1.510000e-06	2.772863e-06	5.011304e-09	1.919118e+01	3.307748e+02
1.520000e-06	2.786752e-06	5.025388e-09	1.928731e+01	3.317914e+02
1.530000e-06	2.799685e-06	5.037396e-09	1.937682e+01	3.327366e+02
1.540000e-06	2.811564e-06	5.046736e-09	1.945904e+01	3.335893e+02
1.550000e-06	2.822179e-06	5.055184e-09	1.953251e+01	3.343378e+02
1.560000e-06	2.831516e-06	5.068328e-09	1.959713e+01	3.349843e+02
1.570000e-06	2.839871e-06	5.084752e-09	1.965495e+01	3.355444e+02
1.580000e-06	2.847368e-06	5.095608e-09	1.970684e+01	3.360404e+02
1.590000e-06	2.853871e-06	5.100160e-09	1.975185e+01	3.364929e+02
1.600000e-06	2.859385e-06	5.104171e-09	1.979001e+01	3.369132e+02
1.610000e-06	2.864099e-06	5.109910e-09	1.982264e+01	3.372997e+02
1.620000e-06	2.867913e-06	5.114275e-09	1.984903e+01	3.376403e+02
1.630000e-06	2.870444e-06	5.116417e-09	1.986655e+01	3.379184e+02
1.640000e-06	2.871757e-06	5.119187e-09	1.987564e+01	3.381202e+02
1.650000e-06	2.872170e-06	5.125111e-09	1.987850e+01	3.382409e+02
1.660000e-06	2.871688e-06	5.131929e-09	1.987516e+01	3.382860e+02
1.670000e-06	2.870259e-06	5.131911e-09	1.986527e+01	3.382684e+02
1.680000e-06	2.867965e-06	5.127032e-09	1.984940e+01	3.382022e+02
1.690000e-06	2.864894e-06	5.125240e-09	1.982814e+01	3.380960e+02
1.700000e-06	2.861021e-06	5.125017e-09	1.980134e+01	3.379483e+02
1.710000e-06	2.856074e-06	5.118712e-09	1.976710e+01	3.377484e+02
1.720000e-06	2.849915e-06	5.098483e-09	1.972447e+01	3.374798e+02
1.730000e-06	2.842802e-06	5.112754e-09	1.967524e+01	3.371285e+02
1.740000e-06	2.834807e-06	5.131547e-09	1.961991e+01	3.366892e+02
1.750000e-06	2.825466e-06	5.107598e-09	1.955526e+01	3.361697e+02
1.760000e-06	2.814556e-06	5.044566e-09	1.947974e+01	3.355906e+02
1.770000e-06	2.802718e-06	5.083524e-09	1.939782e+01	3.349797e+02
1.780000e-06	2.790747e-06	5.146935e-09	1.931496e+01	3.343645e+02
1.790000e-06	2.778025e-06	5.038659e-09	1.922691e+01	3.337633e+02
1.800000e-06	2.763545e-06	4.990014e-09	1.912670e+01	3.331801e+02
1.810000e-06	2.747917e-06	5.095144e-09	1.901853e+01	3.326028e+02
1.820000e-06	2.731811e-06	5.093214e-09	1.890706e+01	3.320064e+02
1.830000e-06	2.714599e-06	4.980893e-09	1.878793e+01	3.313599e+02
1.840000e-06	2.696054e-06	5.064005e-09	1.865959e+01	3.306338e+02
1.850000e-06	2.676827e-06	5.117890e-09	1.852652e+01	3.298067e+02
1.860000e-06	2.656875e-06	4.948520e-09	1.838843e+01	3.288695e+02
1.870000e-06	2.635623e-06	4.979002e-09	1.824134e+01	3.278255e+02
1.880000e-06	2.613252e-06	5.067977e-09	1.808651e+01	3.266878e+02
1.890000e-06	2.589999e-06	4.912687e-09	1.792557e+01	3.254740e+02
1.900000e-06	2.565736e-06	4.913326e-09	1.775765e+01	3.242013e+02
1.910000e-06	2.540760e-06	4.996551e-09	1.758478e+01	3.228822e+02
1.920000e-06	2.515060e-06	4.906784e-09	1.740691e+01	3.215218e+02
1.930000e-06	2.488425e-06	4.881769e-09	1.722257e+01	3.201173e+02
1.940000e-06	2.461137e-06	4.899899e-09	1.703371e+01	3.186602e+02
1.950000e-06	2.432980e-06	4.829384e-09	1.683883e+01	3.171387e+02
1.960000e-06	2.403452e-06	4.817571e-09	1.663447e+01	3.155422e+02
1.970000e-06	2.372897e-06	4.805347e-09	1.642299e+01	3.138642e+02
1.980000e-06	2.341647e-06	4.739039e-09	1.620671e+01	3.121047e+02
1.990000e-06	2.309666e-06	4.769173e-09	1.598537e+01	3.102711e+02
2.000000e-06	2.276982e-06	4.738222e-09	1.575916e+01	3.083761e+02
2.010000e-06	2.243430e-06	4.665808e-09	1.552694e+01	3.064348e+02
2.020000e-06	2.209117e-06	4.676110e-09	1.528946e+01	3.044599e+02
2.030000e-06	2.174279e-06	4.627049e-09	1.504834e+01	3.024583e+02
2.040000e-06	2.138751e-06	4.565547e-09	1.480245e+01	3.004282e+02
2.050000e-06	2.102380e-06	4.559882e-09	1.455073e+01	2.983601e+02
2.060000e-06	2.065019e-06	4.527486e-09	1.429215e+01	2.962395e+02
2.070000e-06	2.026650e-06	4.503169e-09	1.402659e+01	2.940524e+02
2.080000e-06	1.987561e-06	4.474324e-09	1.375606e+01	2.917904e+02
2.090000e-06	1.947882e-06	4.423280e-09	1.348143e+01	2.894540e+02
2.100000e-06	1.907557e-06	4.402083e-09	1.320234e+01	2.870530e+02
2.110000e-06	1.866601e-06	4.344965e-09	1.291888e+01	2.846033e+02
2.120000e-06	1.825036e-06	4.290737e-09	1.263120e+01	2.821204e+02
2.130000e-06	1.782883e-06	4.276895e-09	1.233946e+01	2.796133e+02
2.140000e-06	1.740223e-06	4.248490e-09	1.204421e+01	2.770799e+02
2.150000e-06	1.697103e-06	4.209412e-09	1.174577e+01	2.745070e+02
2.160000e-06	1.653527e-06	4.151608e-09	1.144418e+01	2.718738e+02
2.170000e-06	1.609346e-06	4.110173e-09	1.113840e+01	2.691597e+02
2.180000e-06	1.564482e-06	4.074538e-09	1.082790e+01	2.663517e+02
2.190000e-06	1.519072e-06	4.022520e-09	1.051361e+01	2.634494e+02
2.200000e-06	1.473209e-06	3.986260e-09	1.019619e+01	2.604657e+02
2.210000e-06	1.426950e-06	3.944256e-09	9.876024e+00	2.574215e+02
2.220000e-06	1.380217e-06	3.887602e-09	9.552584e+00	2.543372e+02
2.230000e-06	1.332865e-06	3.847512e-09	9.224858e+00	2.512238e+02
2.240000e-06	1.284834e-06	3.792863e-09	8.892430e+00	2.480772e+02
2.250000e-06	1.236233e-06	3.733541e-09	8.556055e+00	2.448783e+02
2.260000e-06	1.187290e-06	3.697439e-09	8.217323e+00	2.415990e+02
2.270000e-06	1.137952e-06	3.655999e-09	7.875847e+00	2.382123e+02
2.280000e-06	1.088129e-06	3.605108e-09	7.531016e+00	2.347032e+02
2.290000e-06	1.037860e-06	3.537699e-09	7.183106e+00	2.310750e+02
2.300000e-06	9.871478e-07	3.476618e-09	6.832122e+00	2.273490e+02
2.310000e-06	9.360907e-07	3.424622e-09	6.478752e+00	2.235576e+02
2.320000e-06	8.847914e-07	3.362415e-09	6.123706e+00	2.197322e+02
2.330000e-06	8.332151e-07	3.303521e-09	5.766742e+00	2.158913e+02
2.340000e-06	7.812395e-07	3.250262e-09	5.407015e+00	2.120328e+02
2.350000e-06	7.288032e-07	3.198313e-09	5.044100e+00	2.081335e+02
2.360000e-06	6.759187e-07	3.136758e-09	4.678082e+00	2.041566e+02
2.370000e-06	6.225998e-07	3.066367e-09	4.309059e+00	2.000645e+02
2.380000e-06	5.689266e-07	3.001157e-09	3.937582e+00	1.958312e+02
2.390000e-06	5.149566e-07	2.940141e-09	3.564052e+00	1.914509e+02
2.400000e-06	4.606534e-07	2.876815e-09	3.188215e+00	1.869383e+02
2.410000e-06	4.061429e-07	2.811789e-09	2.810945e+00	1.823212e+02
2.420000e-06	3.514922e-07	2.741345e-09	2.432703e+00	1.776277e+02
2.430000e-06	2.967043e-07	2.667509e-09	2.053512e+00	1.728732e+02
2.440000e-06	2.418140e-07	2.592669e-09	1.673612e+00	1.680531e+02
2.450000e-06	1.868422e-07	2.515322e-09	1.293148e+00	1.631420e+02
2.460000e-06	1.318726e-07	2.436672e-09	9.126997e-01	1.581022e+02
2.470000e-06	7.691211e-08	2.355708e-09	5.323143e-01	1.528964e+02
2.480000e-06	2.193930e-08	2.278552e-09	1.518435e-01	1.475004e+02
2.490000e-06	-3.306132e-08	2.199290e-09	-2.288198e-01	1.419101e+02
2.500000e-06	-8.807090e-08	2.109976e-09	-6.095451e-01	1.361411e+02
2.510000e-06	-1.430419e-07	2.016879e-09	-9.900035e-01	1.302195e+02
2.520000e-06	-1.979694e-07	1.925657e-09	-1.370161e+00	1.241692e+02
2.530000e-06	-2.528801e-07	1.834735e-09	-1.750202e+00	1.179989e+02
2.540000e-06	-3.077008e-07	1.737257e-09	-2.129619e+00	1.116955e+02
2.550000e-06	-3.624028e-07	1.636889e-09	-2.508216e+00	1.052254e+02
2.560000e-06	-4.170162e-07	1.535416e-09	-2.886200e+00	9.854321e+01
2.570000e-06	-4.714407e-07	1.431029e-09	-3.262875e+00	9.160526e+01
2.580000e-06	-5.255892e-07	1.321528e-09	-3.637641e+00	8.438075e+01
2.590000e-06	-5.794286e-07	1.207072e-09	-4.010267e+00	7.685793e+01
2.600000e-06	-6.329416e-07	1.087605e-09	-4.380635e+00	6.904187e+01
2.610000e-06	-6.860505e-07	9.628340e-10	-4.748205e+00	6.094517e+01
2.620000e-06	-7.387016e-07	8.352887e-10	-5.112608e+00	5.257545e+01
2.630000e-06	-7.909284e-07	7.042157e-10	-5.474073e+00	4.392470e+01
2.640000e-06	-8.427946e-07	5.681089e-10	-5.833043e+00	3.496466e+01
2.650000e-06	-8.943334e-07	4.267686e-10	-6.189747e+00	2.565037e+01
2.660000e-06	-9.455469e-07	2.809342e-10	-6.544198e+00	1.593029e+01
2.670000e-06	-9.964389e-07	1.261223e-10	-6.896426e+00	5.759347e+00
2.680000e-06	-1.047009e-06	-3.606771e-11	-7.246423e+00	-4.889816e+00
2.690000e-06	-1.097185e-06	-2.047900e-10	-7.593696e+00	-1.602113e+01
2.700000e-06	-1.146872e-06	-3.801905e-10	-7.937587e+00	-2.761603e+01
2.710000e-06	-1.196095e-06	-5.635845e-10	-8.278263e+00	-3.963942e+01
2.720000e-06	-1.244849e-06	-7.534871e-10	-8.615689e+00	-5.204695e+01
2.730000e-06	-1.292975e-06	-9.457180e-10	-8.948772e+00	-6.478960e+01
2.740000e-06	-1.340281e-06	-1.143362e-09	-9.276179e+00	-7.781320e+01
2.750000e-06	-1.386820e-06	-1.347636e-09	-9.598279e+00	-9.105298e+01
2.760000e-06	-1.432839e-06	-1.557814e-09	-9.916784e+00	-1.044261e+02
2.770000e-06	-1.478492e-06	-1.768527e-09	-1.023275e+01	-1.178266e+02
2.780000e-06	-1.523820e-06	-1.975571e-09	-1.054647e+01	-1.311261e+02
2.790000e-06	-1.568761e-06	-2.175862e-09	-1.085751e+01	-1.441830e+02
2.800000e-06	-1.613155e-06	-2.367728e-09	-1.116477e+01	-1.568574e+02
2.810000e-06	-1.656943e-06	-2.553282e-09	-1.146783e+01	-1.690290e+02
2.820000e-06	-1.700260e-06	-2.731491e-09	-1.176762e+01	-1.806107e+02
2.830000e-06	-1.743234e-06	-2.899019e-09	-1.206505e+01	-1.915554e+02
2.840000e-06	-1.785768e-06	-3.057314e-09	-1.235943e+01	-2.018521e+02
2.850000e-06	-1.827711e-06	-3.209649e-09	-1.264972e+01	-2.115149e+02
2.860000e-06	-1.869021e-06	-3.352609e-09	-1.293563e+01	-2.205671e+02
2.870000e-06	-1.909691e-06	-3.482343e-09	-1.321711e+01	-2.290291e+02
2.880000e-06	-1.949694e-06	-3.601158e-09	-1.349398e+01	-2.369115e+02
2.890000e-06	-1.989080e-06	-3.713154e-09	-1.376657e+01	-2.442181e+02
2.900000e-06	-2.027924e-06	-3.818059e-09	-1.403541e+01	-2.509550e+02
2.910000e-06	-2.066068e-06	-3.915260e-09	-1.429941e+01	-2.571418e+02
2.920000e-06	-2.103255e-06	-4.004525e-09	-1.455678e+01	-2.628200e+02
2.930000e-06	-2.139441e-06	-4.085811e-09	-1.480722e+01	-2.680529e+02
2.940000e-06	-2.174837e-06	-4.163516e-09	-1.505220e+01	-2.729173e+02
2.950000e-06	-2.209627e-06	-4.238491e-09	-1.529299e+01	-2.774887e+02
2.960000e-06	-2.243681e-06	-4.305922e-09	-1.552868e+01	-2.818256e+02
2.970000e-06	-2.276875e-06	-4.366009e-09	-1.575842e+01	-2.859581e+02
2.980000e-06	-2.309287e-06	-4.424831e-09	-1.598275e+01	-2.898860e+02
2.990000e-06	-2.340949e-06	-4.486426e-09	-1.620188e+01	-2.935865e+02
3.000000e-06	-2.371903e-06	-4.544510e-09	-1.641611e+01	-2.970296e+02
3.010000e-06	-2.402041e-06	-4.594954e-09	-1.662470e+01	-3.001943e+02
3.020000e-06	-2.431080e-06	-4.640293e-09	-1.682568e+01	-3.030814e+02
3.030000e-06	-2.458993e-06	-4.686253e-09	-1.701887e+01	-3.057169e+02
3.040000e-06	-2.486065e-06	-4.726188e-09	-1.720624e+01	-3.081464e+02
3.050000e-06	-2.512400e-06	-4.759209e-09	-1.738850e+01	-3.104219e+02
3.060000e-06	-2.537859e-06	-4.791266e-09	-1.756471e+01	-3.125867e+02
3.070000e-06	-2.562432e-06	-4.823861e-09	-1.773477e+01	-3.146644e+02
3.080000e-06	-2.586192e-06	-4.856458e-09	-1.789922e+01	-3.166553e+02
3.090000e-06	-2.609236e-06	-4.886010e-09	-1.805871e+01	-3.185417e+02
3.100000e-06	-2.631390e-06	-4.913598e-09	-1.821204e+01	-3.202996e+02
3.110000e-06	-2.652264e-06	-4.941415e-09	-1.835651e+01	-3.219111e+02
3.120000e-06	-2.671969e-06	-4.968128e-09	-1.849289e+01	-3.233746e+02
3.130000e-06	-2.690858e-06	-4.990469e-09	-1.862362e+01	-3.247062e+02
3.140000e-06	-2.708910e-06	-5.008894e-09	-1.874856e+01	-3.259355e+02
3.150000e-06	-2.726018e-06	-5.022894e-09	-1.886697e+01	-3.270946e+02
3.160000e-06	-2.742230e-06	-5.037139e-09	-1.897917e+01	-3.282072e+02
3.170000e-06	-2.757630e-06	-5.052798e-09	-1.908576e+01	-3.292814e+02
3.180000e-06	-2.772113e-06	-5.068652e-09	-1.918599e+01	-3.303083e+02
3.190000e-06	-2.785297e-06	-5.085560e-09	-1.927724e+01	-3.312679e+02
3.200000e-06	-2.797103e-06	-5.102018e-09	-1.935895e+01	-3.321383e+02
3.210000e-06	-2.807847e-06	-5.115001e-09	-1.943331e+01	-3.329056e+02
3.220000e-06	-2.817652e-06	-5.125854e-09	-1.950117e+01	-3.335695e+02
3.230000e-06	-2.826475e-06	-5.133266e-09	-1.956224e+01	-3.341434e+02
3.240000e-06	-2.834383e-06	-5.138567e-09	-1.961697e+01	-3.346491e+02
3.250000e-06	-2.841462e-06	-5.143069e-09	-1.966596e+01	-3.351082e+02
3.260000e-06	-2.847576e-06	-5.147574e-09	-1.970828e+01	-3.355340e+02
3.270000e-06	-2.852378e-06	-5.153763e-09	-1.974151e+01	-3.359271e+02
3.280000e-06	-2.855980e-06	-5.160033e-09	-1.976644e+01	-3.362771e+02
3.290000e-06	-2.858705e-06	-5.165422e-09	-1.978530e+01	-3.365675e+02
3.300000e-06	-2.860529e-06	-5.171069e-09	-1.979793e+01	-3.367836e+02
3.310000e-06	-2.861445e-06	-5.176108e-09	-1.980427e+01	-3.369186e+02
3.320000e-06	-2.861492e-06	-5.175719e-09	-1.980459e+01	-3.369764e+02
